15.00 50.00 97.00 19.00 29.01
34.00 55.00 113.00 35.00 36.82
43.00 74.00 136.00 47.00 24.17
43.00 123.00 181.00 48.00 24.17
45.00 160.00 199.00 52.00 37.83
45.00 203.00 232.00 62.00 35.06
44.00 257.00 233.00 71.00 29.06
61.00 269.00 245.00 87.00 28.90
79.00 281.00 237.00 111.00 39.05
84.00 237.00 224.00 129.00 33.10
146.00 289.00 240.00 180.00 32.35
160.00 286.00 253.00 212.00 38.46
170.00 294.00 246.00 262.00 38.14
181.00 289.00 252.00 293.00 32.83
200.00 293.00 258.00 304.00 35.59
208.00 304.00 263.00 310.00 38.73
222.00 308.00 270.00 323.00 32.51
251.00 298.00 261.00 307.00 32.99
251.00 307.00 257.00 304.00 39.69
303.00 315.00 274.00 322.00 41.07
315.00 302.00 263.00 320.00 40.54
311.00 310.00 277.00 322.00 33.84
316.00 313.00 264.00 318.00 42.02
313.00 315.00 250.00 304.00 35.86
311.00 303.00 263.00 298.00 41.92
308.00 316.00 244.00 329.00 39.53
328.00 317.00 268.00 323.00 39.05
324.00 292.00 245.00 311.00 34.58
309.00 290.00 251.00 305.00 41.65
325.00 297.00 253.00 314.00 38.68
318.00 284.00 233.00 282.00 36.55
312.00 288.00 245.00 306.00 36.76
305.00 292.00 243.00 295.00 41.17
317.00 278.00 247.00 283.00 42.08
315.00 283.00 230.00 309.00 36.60
317.00 270.00 236.00 300.00 40.80
311.00 275.00 223.00 298.00 40.38
311.00 260.00 216.00 296.00 40.38
304.00 269.00 225.00 273.00 38.68
309.00 256.00 211.00 275.00 40.32
307.00 251.00 211.00 285.00 38.73
304.00 252.00 217.00 273.00 42.50
307.00 254.00 213.00 259.00 36.07
299.00 247.00 217.00 274.00 34.80
304.00 245.00 206.00 246.00 37.61
291.00 241.00 212.00 243.00 40.06
294.00 247.00 216.00 267.00 39.84
286.00 235.00 199.00 258.00 37.72
287.00 241.00 204.00 228.00 41.97
272.00 232.00 208.00 240.00 35.75
272.00 232.00 206.00 255.00 42.13
262.00 233.00 195.00 238.00 35.81
251.00 229.00 206.00 221.00 37.83
255.00 232.00 217.00 227.00 35.28
248.00 230.00 219.00 237.00 42.08
247.00 232.00 215.00 223.00 41.60
225.00 234.00 211.00 222.00 42.66
231.00 230.00 205.00 238.00 40.38
236.00 230.00 217.00 242.00 40.27
229.00 238.00 215.00 231.00 37.88
220.00 226.00 214.00 244.00 35.86
229.00 229.00 209.00 242.00 40.64
221.00 223.00 211.00 215.00 39.90
220.00 226.00 212.00 224.00 36.60
221.00 232.00 208.00 238.00 42.39
214.00 228.00 212.00 229.00 38.09
212.00 217.00 202.00 223.00 42.29
212.00 220.00 211.00 222.00 39.53
221.00 228.00 210.00 220.00 38.89
214.00 226.00 218.00 226.00 41.92
216.00 232.00 212.00 231.00 41.76
228.00 232.00 208.00 235.00 42.71
231.00 231.00 218.00 253.00 41.81
230.00 240.00 226.00 256.00 36.87
228.00 230.00 209.00 232.00 39.31
234.00 233.00 232.00 230.00 36.82
230.00 231.00 218.00 236.00 38.78
219.00 225.00 222.00 237.00 41.54
213.00 209.00 223.00 242.00 41.97
226.00 231.00 221.00 239.00 40.54
219.00 228.00 228.00 243.00 42.08
216.00 237.00 229.00 248.00 37.61
229.00 240.00 227.00 256.00 36.13
237.00 239.00 220.00 260.00 41.81
233.00 231.00 226.00 257.00 39.37
226.00 238.00 223.00 251.00 36.92
227.00 228.00 227.00 240.00 42.71
208.00 218.00 217.00 233.00 42.71
218.00 215.00 228.00 246.00 37.40
211.00 229.00 210.00 227.00 42.13
214.00 214.00 208.00 242.00 39.53
215.00 221.00 217.00 244.00 39.69
215.00 225.00 220.00 263.00 41.86
217.00 233.00 231.00 256.00 40.80
207.00 224.00 228.00 266.00 42.45
229.00 234.00 230.00 257.00 41.70
235.00 234.00 243.00 257.00 42.02
243.00 235.00 240.00 248.00 35.75
227.00 218.00 216.00 242.00 42.77
224.00 221.00 203.00 233.00 36.18
221.00 223.00 219.00 238.00 38.89
226.00 215.00 214.00 260.00 39.31
250.00 230.00 237.00 261.00 42.50
229.00 232.00 217.00 236.00 42.66
248.00 227.00 218.00 257.00 39.84
225.00 225.00 213.00 269.00 41.39
234.00 230.00 231.00 252.00 40.85
223.00 228.00 227.00 245.00 42.29
242.00 222.00 209.00 251.00 35.91
230.00 233.00 215.00 232.00 42.66
224.00 218.00 230.00 244.00 35.59
225.00 213.00 224.00 245.00 42.71
227.00 214.00 217.00 228.00 41.17
221.00 216.00 198.00 236.00 42.77
220.00 230.00 201.00 249.00 40.22
217.00 228.00 214.00 253.00 41.97
218.00 226.00 217.00 235.00 35.91
214.00 229.00 228.00 240.00 41.39
211.00 239.00 236.00 237.00 36.23
215.00 231.00 209.00 239.00 40.27
216.00 238.00 211.00 237.00 39.69
226.00 237.00 216.00 242.00 42.29
246.00 242.00 217.00 238.00 41.49
250.00 229.00 208.00 224.00 42.55
234.00 228.00 218.00 238.00 42.50
208.00 220.00 207.00 233.00 42.08
204.00 221.00 210.00 226.00 35.70
236.00 236.00 213.00 238.00 42.55
224.00 231.00 221.00 238.00 37.99
231.00 231.00 228.00 255.00 41.17
230.00 241.00 227.00 261.00 36.60
229.00 232.00 222.00 249.00 38.36
223.00 223.00 203.00 251.00 36.39
232.00 216.00 204.00 242.00 42.77
229.00 222.00 202.00 233.00 41.92
213.00 215.00 229.00 242.00 37.61
225.00 237.00 228.00 267.00 41.12
246.00 239.00 220.00 253.00 38.94
231.00 239.00 221.00 246.00 42.55
237.00 233.00 233.00 260.00 37.51
229.00 235.00 221.00 260.00 36.34
250.00 217.00 215.00 249.00 36.60
238.00 222.00 212.00 246.00 41.23
226.00 222.00 220.00 250.00 41.12
228.00 233.00 233.00 248.00 35.54
228.00 224.00 221.00 263.00 41.97
245.00 221.00 233.00 262.00 42.02
246.00 232.00 237.00 270.00 39.05
245.00 244.00 239.00 264.00 42.66
238.00 236.00 235.00 255.00 38.36
232.00 220.00 215.00 245.00 42.50
226.00 223.00 226.00 263.00 38.30
228.00 224.00 230.00 248.00 36.66
229.00 226.00 226.00 261.00 39.69
231.00 231.00 237.00 238.00 41.33
225.00 251.00 229.00 265.00 42.45
227.00 227.00 229.00 264.00 42.24
228.00 222.00 236.00 265.00 36.71
230.00 231.00 237.00 271.00 38.04
219.00 224.00 211.00 254.00 40.96
217.00 210.00 201.00 259.00 41.23
217.00 215.00 208.00 268.00 34.58
220.00 218.00 205.00 259.00 42.29
220.00 210.00 204.00 262.00 42.13
224.00 211.00 215.00 268.00 34.21
224.00 225.00 213.00 261.00 35.70
221.00 231.00 223.00 263.00 36.29
229.00 239.00 215.00 258.00 38.62
206.00 222.00 209.00 263.00 35.59
207.00 224.00 206.00 259.00 35.49
209.00 227.00 215.00 262.00 40.48
224.00 221.00 219.00 266.00 41.81
231.00 238.00 210.00 262.00 42.02
230.00 243.00 217.00 262.00 39.37
220.00 234.00 200.00 244.00 34.80
216.00 216.00 201.00 253.00 33.36
220.00 218.00 198.00 250.00 34.05
208.00 220.00 210.00 243.00 40.91
219.00 212.00 201.00 259.00 37.61
219.00 212.00 214.00 257.00 34.58
216.00 210.00 210.00 246.00 34.64
211.00 205.00 200.00 239.00 38.78
209.00 203.00 201.00 241.00 35.06
211.00 203.00 196.00 241.00 41.49
209.00 202.00 202.00 242.00 41.54
216.00 208.00 200.00 248.00 33.84
209.00 206.00 210.00 246.00 40.64
209.00 207.00 206.00 232.00 33.20
214.00 204.00 194.00 222.00 33.47
212.00 199.00 195.00 221.00 39.74
211.00 199.00 192.00 217.00 35.70
206.00 207.00 191.00 222.00 36.82
210.00 203.00 190.00 214.00 37.14
219.00 206.00 192.00 220.00 34.43
212.00 207.00 193.00 220.00 39.42
224.00 210.00 190.00 223.00 31.24
216.00 216.00 204.00 225.00 40.38
220.00 229.00 197.00 229.00 39.10
221.00 217.00 186.00 219.00 34.11
217.00 222.00 187.00 215.00 30.71
210.00 218.00 169.00 213.00 39.26
206.00 219.00 181.00 209.00 33.47
214.00 211.00 171.00 207.00 35.01
213.00 209.00 177.00 208.00 33.31
212.00 209.00 210.00 211.00 30.07
214.00 218.00 199.00 217.00 32.03
229.00 217.00 186.00 216.00 32.09
220.00 209.00 184.00 220.00 40.00
213.00 211.00 187.00 216.00 40.48
224.00 210.00 188.00 219.00 33.20
215.00 213.00 187.00 218.00 38.68
211.00 204.00 185.00 211.00 38.89
217.00 207.00 177.00 207.00 33.20
215.00 207.00 177.00 205.00 40.43
216.00 209.00 178.00 206.00 37.56
213.00 209.00 203.00 208.00 35.86
218.00 215.00 205.00 215.00 31.45
212.00 208.00 203.00 214.00 29.80
212.00 215.00 213.00 218.00 39.47
221.00 219.00 212.00 224.00 37.77
220.00 219.00 210.00 221.00 39.58
214.00 217.00 209.00 216.00 39.10
224.00 229.00 202.00 216.00 31.08
207.00 221.00 199.00 209.00 31.13
207.00 213.00 204.00 208.00 37.08
203.00 212.00 200.00 208.00 37.14
203.00 215.00 200.00 214.00 29.22
210.00 223.00 194.00 222.00 29.54
205.00 223.00 195.00 225.00 38.14
213.00 218.00 195.00 220.00 28.95
219.00 231.00 176.00 218.00 29.43
220.00 226.00 175.00 228.00 34.90
216.00 221.00 173.00 217.00 34.58
231.00 233.00 171.00 211.00 37.35
216.00 230.00 164.00 213.00 31.45
215.00 216.00 164.00 210.00 38.52
206.00 214.00 172.00 205.00 39.53
217.00 212.00 175.00 205.00 30.71
214.00 211.00 177.00 203.00 39.79
209.00 213.00 181.00 205.00 29.27
211.00 210.00 185.00 208.00 39.26
218.00 218.00 184.00 211.00 28.21
214.00 217.00 189.00 209.00 29.27
215.00 224.00 185.00 210.00 39.63
216.00 218.00 182.00 207.00 38.14
216.00 214.00 179.00 201.00 28.42
208.00 212.00 176.00 200.00 37.19
208.00 215.00 177.00 201.00 33.36
208.00 215.00 180.00 202.00 30.81
213.00 211.00 174.00 205.00 29.17
222.00 218.00 183.00 201.00 39.69
217.00 219.00 178.00 206.00 28.21
232.00 226.00 178.00 208.00 38.25
217.00 222.00 188.00 206.00 37.83
216.00 224.00 177.00 205.00 39.15
208.00 228.00 159.00 206.00 36.50
203.00 226.00 160.00 202.00 27.84
206.00 226.00 156.00 197.00 38.25
205.00 220.00 162.00 194.00 39.74
207.00 215.00 163.00 195.00 38.57
208.00 217.00 164.00 197.00 39.37
212.00 220.00 167.00 201.00 37.08
216.00 224.00 165.00 196.00 38.52
217.00 223.00 167.00 195.00 35.91
210.00 220.00 167.00 194.00 30.33
209.00 216.00 166.00 195.00 30.23
211.00 216.00 168.00 193.00 27.25
209.00 217.00 169.00 197.00 36.23
210.00 219.00 171.00 197.00 31.50
214.00 219.00 174.00 198.00 38.30
215.00 220.00 176.00 201.00 37.14
216.00 221.00 173.00 197.00 30.07
211.00 221.00 169.00 197.00 34.90
211.00 221.00 168.00 195.00 27.09
204.00 219.00 169.00 195.00 32.99
204.00 221.00 167.00 200.00 30.76
207.00 223.00 171.00 194.00 30.60
208.00 219.00 174.00 193.00 39.10
209.00 218.00 175.00 194.00 30.12
208.00 215.00 175.00 195.00 33.36
210.00 219.00 178.00 194.00 37.24
210.00 221.00 176.00 197.00 38.25
209.00 224.00 176.00 212.00 35.70
203.00 233.00 177.00 205.00 39.15
211.00 233.00 179.00 215.00 36.29
212.00 234.00 180.00 212.00 38.62
205.00 230.00 172.00 203.00 39.15
204.00 221.00 173.00 196.00 30.81
204.00 217.00 180.00 200.00 27.15
199.00 215.00 175.00 194.00 36.82
201.00 207.00 160.00 195.00 32.41
198.00 196.00 158.00 192.00 29.96
200.00 191.00 160.00 193.00 33.79
198.00 189.00 165.00 192.00 26.88
197.00 185.00 165.00 190.00 38.73
189.00 184.00 157.00 192.00 33.58
188.00 140.00 99.00 132.00 35.12

