3.00 5.00 4.00 48.00 32.94
11.00 23.00 12.00 104.00 20.98
36.00 39.00 171.00 206.00 33.84
92.00 72.00 226.00 279.00 34.58
145.00 52.00 243.00 266.00 31.40
125.00 27.00 264.00 235.00 31.03
116.00 20.00 251.00 234.00 36.13
116.00 20.00 275.00 248.00 26.51
116.00 19.00 286.00 239.00 37.19
115.00 18.00 287.00 236.00 32.46
114.00 19.00 287.00 238.00 34.05
114.00 20.00 280.00 241.00 25.77
114.00 17.00 273.00 234.00 30.44
114.00 17.00 276.00 235.00 31.66
113.00 16.00 281.00 234.00 29.86
114.00 16.00 281.00 232.00 26.56
113.00 16.00 280.00 233.00 30.65
113.00 16.00 281.00 232.00 35.59
114.00 16.00 282.00 232.00 37.14
120.00 17.00 284.00 235.00 36.18
120.00 17.00 284.00 233.00 36.23
120.00 18.00 281.00 236.00 32.73
121.00 17.00 285.00 235.00 33.42
125.00 21.00 286.00 234.00 36.71
128.00 18.00 286.00 235.00 29.06
131.00 35.00 297.00 239.00 35.22
140.00 58.00 294.00 252.00 33.10
140.00 69.00 302.00 273.00 25.23
149.00 80.00 310.00 313.00 38.36
165.00 115.00 327.00 330.00 38.84
192.00 134.00 339.00 336.00 39.42
250.00 161.00 330.00 338.00 35.43
276.00 183.00 334.00 332.00 29.38
308.00 209.00 305.00 337.00 30.60
313.00 233.00 321.00 333.00 34.58
341.00 258.00 298.00 334.00 34.21
339.00 277.00 323.00 332.00 32.35
335.00 306.00 330.00 316.00 36.60
326.00 307.00 311.00 315.00 31.82
358.00 300.00 303.00 311.00 36.44
349.00 298.00 304.00 319.00 41.54
334.00 300.00 304.00 308.00 39.53
346.00 284.00 311.00 312.00 37.83
347.00 287.00 300.00 310.00 39.10
350.00 264.00 287.00 298.00 37.19
323.00 260.00 254.00 293.00 32.88
309.00 252.00 246.00 280.00 41.23
306.00 243.00 244.00 295.00 40.43
301.00 242.00 245.00 293.00 40.59
300.00 239.00 251.00 295.00 41.12
294.00 237.00 249.00 293.00 37.67
292.00 236.00 243.00 292.00 36.23
289.00 235.00 241.00 292.00 40.43
287.00 229.00 240.00 288.00 39.53
283.00 230.00 242.00 282.00 30.81
278.00 225.00 240.00 281.00 35.65
275.00 225.00 238.00 269.00 34.11
271.00 223.00 241.00 269.00 35.43
270.00 222.00 240.00 266.00 33.84
268.00 222.00 236.00 260.00 27.36
268.00 226.00 237.00 261.00 27.04
267.00 221.00 235.00 263.00 38.99
268.00 219.00 239.00 262.00 35.22
263.00 223.00 237.00 261.00 38.57
266.00 222.00 241.00 255.00 37.67
263.00 224.00 234.00 256.00 35.38
260.00 222.00 235.00 258.00 29.86
264.00 223.00 234.00 261.00 30.87
262.00 222.00 233.00 262.00 27.04
263.00 223.00 231.00 256.00 35.65
262.00 220.00 230.00 267.00 25.08
257.00 223.00 228.00 257.00 36.39
261.00 220.00 228.00 268.00 30.23
271.00 219.00 224.00 266.00 36.07
266.00 220.00 222.00 237.00 36.98
268.00 220.00 222.00 235.00 30.33
275.00 221.00 219.00 249.00 36.66
269.00 218.00 218.00 241.00 25.66
263.00 220.00 217.00 230.00 31.08
262.00 222.00 217.00 221.00 34.69
250.00 222.00 216.00 218.00 27.89
245.00 222.00 215.00 221.00 33.04
240.00 224.00 218.00 231.00 37.51
236.00 226.00 235.00 224.00 38.14
222.00 235.00 249.00 228.00 39.63
225.00 240.00 247.00 229.00 31.08
227.00 248.00 240.00 229.00 40.43
220.00 250.00 236.00 230.00 39.26
230.00 241.00 230.00 232.00 38.25
233.00 242.00 233.00 234.00 37.83
230.00 236.00 235.00 233.00 40.91
231.00 238.00 237.00 231.00 40.22
224.00 232.00 228.00 226.00 35.54
233.00 233.00 224.00 228.00 35.54
230.00 231.00 224.00 229.00 38.36
227.00 227.00 223.00 222.00 41.86
225.00 217.00 226.00 228.00 41.54
220.00 221.00 227.00 232.00 37.77
222.00 220.00 238.00 250.00 42.08
232.00 233.00 244.00 243.00 37.51
236.00 243.00 249.00 257.00 42.13
239.00 247.00 250.00 264.00 41.97
236.00 236.00 246.00 256.00 35.86
236.00 239.00 232.00 252.00 35.06
232.00 220.00 257.00 243.00 37.35
223.00 219.00 244.00 247.00 36.18
223.00 210.00 233.00 255.00 34.85
235.00 215.00 228.00 253.00 39.10
239.00 220.00 229.00 248.00 41.33
227.00 212.00 228.00 256.00 41.76
248.00 219.00 245.00 262.00 36.50
235.00 208.00 247.00 264.00 42.39
246.00 217.00 253.00 266.00 37.99
253.00 231.00 249.00 258.00 42.55
252.00 226.00 254.00 262.00 41.97
251.00 225.00 247.00 254.00 41.49
247.00 217.00 238.00 253.00 35.17
236.00 213.00 221.00 245.00 39.31
228.00 203.00 214.00 242.00 42.24
224.00 201.00 211.00 237.00 35.12
221.00 204.00 216.00 251.00 42.55
241.00 210.00 219.00 264.00 35.54
241.00 216.00 221.00 268.00 40.32
247.00 207.00 228.00 258.00 40.75
238.00 211.00 223.00 257.00 40.91
237.00 202.00 224.00 258.00 39.84
231.00 199.00 216.00 256.00 40.43
229.00 197.00 217.00 246.00 37.08
229.00 199.00 208.00 248.00 42.29
220.00 194.00 221.00 248.00 42.34
220.00 195.00 210.00 248.00 34.90
216.00 197.00 212.00 254.00 35.86
211.00 192.00 220.00 259.00 38.62
220.00 197.00 222.00 254.00 36.60
227.00 199.00 227.00 260.00 41.49
220.00 203.00 228.00 262.00 39.84
215.00 202.00 214.00 258.00 38.94
217.00 196.00 218.00 260.00 35.22
210.00 200.00 220.00 255.00 35.75
209.00 200.00 220.00 253.00 34.27
209.00 192.00 216.00 251.00 41.92
207.00 186.00 213.00 248.00 38.68
209.00 195.00 212.00 251.00 40.11
208.00 196.00 205.00 249.00 40.11
208.00 198.00 211.00 258.00 40.22
218.00 211.00 216.00 260.00 41.28
219.00 206.00 214.00 259.00 41.92
219.00 204.00 218.00 258.00 33.89
215.00 209.00 217.00 252.00 33.42
215.00 204.00 216.00 252.00 41.81
211.00 204.00 217.00 247.00 41.81
206.00 195.00 213.00 245.00 39.58
202.00 190.00 210.00 247.00 39.90
201.00 184.00 208.00 244.00 38.30
201.00 185.00 205.00 246.00 33.10
198.00 188.00 206.00 252.00 39.15
202.00 188.00 208.00 254.00 32.94
207.00 191.00 206.00 250.00 37.56
209.00 198.00 214.00 255.00 32.41
207.00 196.00 216.00 248.00 41.44
203.00 194.00 218.00 240.00 32.57
203.00 192.00 213.00 239.00 40.96
193.00 191.00 210.00 242.00 32.03
199.00 189.00 211.00 236.00 41.23
202.00 192.00 214.00 229.00 33.31
197.00 195.00 215.00 221.00 35.01
192.00 193.00 202.00 221.00 35.75
194.00 204.00 212.00 224.00 38.89
201.00 211.00 216.00 236.00 40.06
203.00 215.00 215.00 225.00 38.73
199.00 210.00 210.00 234.00 40.54
202.00 196.00 211.00 222.00 33.89
196.00 196.00 203.00 218.00 40.22
193.00 189.00 209.00 220.00 39.05
190.00 185.00 210.00 207.00 33.04
188.00 182.00 217.00 183.00 38.25
193.00 193.00 210.00 214.00 41.01
200.00 198.00 204.00 209.00 40.91
199.00 198.00 200.00 203.00 41.23
195.00 195.00 201.00 207.00 37.40
193.00 186.00 200.00 207.00 39.53
189.00 183.00 198.00 210.00 40.32
187.00 177.00 200.00 197.00 34.85
189.00 187.00 202.00 206.00 31.98
194.00 186.00 208.00 208.00 40.91
196.00 189.00 202.00 173.00 33.68
193.00 183.00 200.00 201.00 40.27
190.00 184.00 199.00 187.00 32.09
185.00 184.00 207.00 195.00 32.78
184.00 180.00 207.00 199.00 31.61
182.00 185.00 218.00 198.00 38.62
193.00 190.00 217.00 207.00 39.63
187.00 183.00 209.00 189.00 31.61
183.00 176.00 202.00 189.00 30.60
179.00 176.00 205.00 195.00 31.24
187.00 189.00 199.00 200.00 31.45
190.00 185.00 193.00 192.00 35.65
182.00 177.00 196.00 177.00 40.43
184.00 174.00 190.00 158.00 34.53
180.00 177.00 193.00 126.00 35.54
189.00 178.00 202.00 191.00 30.23
191.00 186.00 205.00 166.00 36.82
186.00 184.00 199.00 186.00 39.79
184.00 183.00 199.00 190.00 40.27
182.00 188.00 199.00 187.00 35.22
179.00 187.00 197.00 179.00 33.58
179.00 182.00 211.00 189.00 34.58
183.00 187.00 210.00 197.00 34.37
184.00 192.00 210.00 209.00 30.49
191.00 192.00 211.00 210.00 40.69
197.00 194.00 220.00 220.00 34.96
195.00 187.00 215.00 217.00 37.24
200.00 195.00 214.00 217.00 40.91
195.00 193.00 219.00 217.00 39.69
194.00 193.00 212.00 197.00 36.71
192.00 188.00 208.00 193.00 34.69
192.00 181.00 208.00 208.00 40.59
190.00 182.00 204.00 196.00 34.32
186.00 182.00 206.00 200.00 32.62
187.00 177.00 202.00 191.00 39.95
185.00 185.00 201.00 193.00 32.88
192.00 195.00 195.00 216.00 39.37
196.00 196.00 192.00 216.00 35.65
191.00 193.00 185.00 214.00 37.72
191.00 187.00 182.00 207.00 30.02
187.00 184.00 184.00 211.00 30.39
184.00 183.00 182.00 209.00 37.77
183.00 187.00 184.00 192.00 34.58
182.00 187.00 188.00 199.00 40.48
184.00 188.00 187.00 211.00 31.40
192.00 186.00 189.00 192.00 31.13
190.00 185.00 184.00 203.00 36.39
184.00 185.00 181.00 182.00 37.83
181.00 180.00 181.00 188.00 38.89
178.00 178.00 181.00 200.00 35.86
179.00 179.00 180.00 206.00 37.51
184.00 182.00 181.00 211.00 29.64
191.00 185.00 189.00 203.00 38.94
189.00 185.00 189.00 196.00 39.05
189.00 185.00 186.00 212.00 37.19
191.00 180.00 184.00 192.00 29.38
183.00 177.00 182.00 191.00 38.84
182.00 176.00 181.00 188.00 31.82
179.00 174.00 180.00 190.00 38.52
179.00 174.00 180.00 192.00 34.69
180.00 176.00 184.00 198.00 38.99
180.00 177.00 184.00 185.00 38.52
179.00 178.00 183.00 190.00 39.31
179.00 178.00 184.00 189.00 37.56
178.00 179.00 183.00 193.00 39.42
172.00 181.00 181.00 185.00 39.42
175.00 181.00 185.00 185.00 33.89
177.00 179.00 184.00 191.00 36.44
176.00 179.00 184.00 165.00 30.07
176.00 181.00 186.00 184.00 39.26
176.00 183.00 185.00 179.00 39.21
178.00 184.00 186.00 174.00 38.99
179.00 183.00 189.00 186.00 35.28
182.00 184.00 187.00 186.00 31.88
180.00 186.00 187.00 193.00 36.55
180.00 187.00 190.00 181.00 37.72
182.00 189.00 192.00 200.00 28.37
184.00 188.00 191.00 199.00 38.89
180.00 186.00 188.00 188.00 38.41
180.00 182.00 186.00 196.00 37.61
177.00 182.00 184.00 30.00 31.34
171.00 176.00 189.00 196.00 39.05
171.00 172.00 158.00 126.00 39.15
130.00 113.00 95.00 119.00 37.72
117.00 101.00 8.00 7.00 31.66

