13.00 23.00 41.00 29.00 30.49
17.00 46.00 57.00 36.00 29.48
21.00 73.00 71.00 40.00 34.85
23.00 105.00 84.00 42.00 22.79
27.00 139.00 110.00 44.00 35.75
35.00 199.00 133.00 47.00 36.34
37.00 213.00 157.00 44.00 33.15
63.00 235.00 192.00 53.00 25.02
56.00 234.00 225.00 61.00 35.06
71.00 228.00 226.00 62.00 36.55
79.00 233.00 228.00 70.00 34.80
88.00 234.00 231.00 75.00 34.58
93.00 231.00 232.00 86.00 36.23
113.00 240.00 237.00 101.00 30.39
118.00 236.00 244.00 105.00 33.73
131.00 244.00 247.00 106.00 39.63
149.00 245.00 239.00 110.00 36.23
152.00 234.00 237.00 105.00 40.27
160.00 241.00 234.00 108.00 40.69
174.00 239.00 230.00 120.00 30.97
190.00 245.00 243.00 113.00 37.88
208.00 252.00 250.00 122.00 31.77
233.00 262.00 240.00 128.00 40.85
230.00 260.00 240.00 133.00 40.54
239.00 242.00 237.00 131.00 35.97
224.00 237.00 235.00 128.00 41.28
225.00 240.00 228.00 133.00 37.35
227.00 237.00 247.00 141.00 32.19
220.00 232.00 232.00 134.00 37.14
213.00 232.00 233.00 146.00 41.33
222.00 232.00 240.00 159.00 38.68
240.00 249.00 240.00 155.00 41.60
235.00 262.00 244.00 160.00 38.89
238.00 261.00 233.00 174.00 38.68
238.00 251.00 243.00 166.00 34.11
235.00 252.00 227.00 174.00 38.25
232.00 253.00 231.00 164.00 33.84
232.00 244.00 227.00 176.00 38.73
221.00 251.00 230.00 181.00 41.76
236.00 247.00 230.00 186.00 40.27
224.00 224.00 234.00 179.00 39.58
230.00 228.00 222.00 183.00 39.15
226.00 229.00 223.00 174.00 39.69
230.00 228.00 226.00 186.00 41.49
233.00 228.00 228.00 190.00 34.32
223.00 221.00 227.00 215.00 38.14
230.00 237.00 229.00 214.00 34.21
227.00 246.00 230.00 214.00 38.46
220.00 245.00 233.00 231.00 37.19
215.00 251.00 235.00 242.00 38.04
237.00 258.00 231.00 205.00 34.64
206.00 257.00 241.00 219.00 34.27
193.00 252.00 237.00 218.00 40.54
207.00 254.00 233.00 220.00 38.20
230.00 242.00 231.00 217.00 42.18
234.00 245.00 235.00 215.00 34.53
228.00 246.00 232.00 223.00 38.41
239.00 229.00 236.00 221.00 34.64
229.00 225.00 222.00 222.00 35.54
255.00 238.00 232.00 222.00 39.53
237.00 259.00 238.00 223.00 38.52
244.00 247.00 239.00 228.00 42.34
234.00 246.00 234.00 227.00 36.55
237.00 243.00 235.00 218.00 41.07
239.00 238.00 229.00 209.00 41.28
234.00 246.00 225.00 214.00 41.07
221.00 237.00 215.00 212.00 36.76
225.00 252.00 236.00 230.00 37.51
249.00 254.00 234.00 223.00 42.08
236.00 238.00 235.00 221.00 35.75
215.00 238.00 226.00 219.00 35.81
238.00 241.00 242.00 240.00 40.43
253.00 246.00 237.00 224.00 40.96
228.00 230.00 233.00 217.00 40.27
209.00 247.00 222.00 213.00 39.79
230.00 237.00 235.00 224.00 35.43
239.00 248.00 238.00 232.00 38.25
243.00 237.00 221.00 214.00 36.76
228.00 225.00 221.00 216.00 35.22
229.00 230.00 222.00 232.00 37.51
240.00 245.00 240.00 237.00 35.91
255.00 236.00 227.00 218.00 42.39
252.00 229.00 223.00 221.00 42.55
242.00 219.00 221.00 208.00 35.17
226.00 237.00 225.00 216.00 36.13
236.00 231.00 233.00 219.00 35.17
246.00 244.00 235.00 224.00 37.51
239.00 255.00 238.00 226.00 37.40
253.00 256.00 217.00 229.00 40.16
221.00 225.00 225.00 223.00 42.02
219.00 222.00 216.00 213.00 35.06
224.00 230.00 223.00 231.00 37.83
225.00 249.00 230.00 233.00 38.62
238.00 249.00 245.00 238.00 36.07
246.00 248.00 232.00 237.00 35.49
251.00 258.00 240.00 225.00 36.50
236.00 239.00 239.00 221.00 35.33
241.00 235.00 233.00 215.00 40.11
198.00 251.00 243.00 238.00 42.02
241.00 251.00 234.00 229.00 39.15
234.00 255.00 245.00 225.00 35.49
234.00 252.00 245.00 229.00 40.48
232.00 232.00 237.00 208.00 38.20
221.00 236.00 216.00 212.00 35.59
238.00 246.00 231.00 230.00 35.43
241.00 249.00 237.00 216.00 38.73
194.00 239.00 241.00 225.00 35.81
252.00 251.00 241.00 227.00 36.39
222.00 244.00 229.00 218.00 36.98
220.00 246.00 231.00 233.00 36.07
192.00 228.00 233.00 240.00 41.01
230.00 237.00 239.00 245.00 35.43
209.00 250.00 238.00 234.00 42.29
238.00 239.00 239.00 240.00 39.21
194.00 253.00 240.00 238.00 40.32
234.00 243.00 228.00 225.00 42.50
195.00 245.00 218.00 216.00 42.18
200.00 233.00 222.00 232.00 40.85
236.00 234.00 222.00 221.00 42.55
225.00 235.00 230.00 244.00 35.97
201.00 252.00 239.00 233.00 42.39
267.00 243.00 241.00 246.00 37.45
206.00 241.00 243.00 238.00 40.27
246.00 251.00 238.00 235.00 39.42
237.00 245.00 235.00 231.00 42.34
262.00 229.00 240.00 226.00 35.49
254.00 227.00 228.00 217.00 42.55
213.00 225.00 230.00 220.00 35.65
156.00 233.00 229.00 217.00 41.44
221.00 233.00 226.00 228.00 39.69
213.00 239.00 236.00 227.00 37.19
184.00 257.00 236.00 238.00 37.45
189.00 246.00 235.00 240.00 37.67
226.00 244.00 233.00 233.00 42.66
223.00 251.00 245.00 240.00 42.18
241.00 233.00 188.00 235.00 39.95
209.00 241.00 238.00 243.00 42.50
198.00 237.00 230.00 221.00 42.55
222.00 239.00 225.00 225.00 35.70
213.00 241.00 228.00 221.00 38.36
231.00 230.00 141.00 219.00 36.98
239.00 248.00 202.00 240.00 42.61
173.00 250.00 213.00 241.00 41.60
252.00 250.00 241.00 241.00 38.89
182.00 259.00 238.00 240.00 39.21
159.00 242.00 232.00 238.00 38.57
237.00 232.00 228.00 230.00 42.66
175.00 245.00 225.00 230.00 42.71
209.00 231.00 220.00 225.00 35.59
143.00 233.00 219.00 227.00 37.45
188.00 236.00 229.00 232.00 42.45
239.00 234.00 229.00 230.00 38.52
202.00 249.00 236.00 232.00 40.91
216.00 248.00 226.00 228.00 39.10
249.00 246.00 229.00 234.00 40.85
166.00 249.00 229.00 222.00 42.24
187.00 248.00 220.00 202.00 42.29
183.00 241.00 220.00 212.00 41.54
180.00 240.00 211.00 201.00 42.29
231.00 235.00 230.00 221.00 39.84
235.00 229.00 234.00 213.00 42.71
219.00 247.00 244.00 221.00 42.29
232.00 241.00 242.00 229.00 41.28
225.00 255.00 232.00 211.00 35.43
192.00 242.00 228.00 221.00 40.64
187.00 235.00 220.00 217.00 40.96
210.00 231.00 231.00 217.00 38.14
215.00 237.00 189.00 224.00 36.66
184.00 244.00 223.00 229.00 36.13
178.00 234.00 230.00 216.00 42.55
199.00 224.00 233.00 238.00 36.71
166.00 243.00 231.00 234.00 37.61
227.00 238.00 239.00 242.00 38.30
193.00 249.00 229.00 226.00 42.66
220.00 231.00 208.00 222.00 36.71
181.00 220.00 207.00 210.00 40.43
191.00 221.00 220.00 220.00 38.78
197.00 214.00 230.00 225.00 40.32
225.00 220.00 228.00 225.00 42.24
167.00 215.00 224.00 217.00 40.27
219.00 207.00 222.00 196.00 35.97
150.00 205.00 220.00 222.00 36.02
175.00 204.00 206.00 209.00 37.45
168.00 210.00 211.00 200.00 41.17
208.00 201.00 226.00 214.00 40.11
191.00 218.00 220.00 221.00 41.86
198.00 222.00 225.00 231.00 36.07
187.00 219.00 225.00 217.00 42.66
149.00 214.00 215.00 209.00 42.39
194.00 211.00 212.00 212.00 41.92
183.00 208.00 213.00 209.00 36.13
213.00 196.00 212.00 208.00 42.77
210.00 197.00 212.00 209.00 42.45
179.00 206.00 218.00 224.00 39.69
222.00 203.00 224.00 221.00 39.15
194.00 237.00 242.00 237.00 42.34
164.00 225.00 235.00 226.00 42.39
191.00 223.00 226.00 221.00 35.81
188.00 219.00 227.00 209.00 39.42
174.00 212.00 215.00 212.00 39.84
206.00 215.00 217.00 233.00 35.65
177.00 207.00 217.00 216.00 38.04
182.00 207.00 218.00 218.00 35.70
207.00 204.00 206.00 208.00 39.47
155.00 199.00 207.00 216.00 40.54
216.00 199.00 208.00 207.00 39.63
163.00 196.00 216.00 227.00 39.15
186.00 217.00 225.00 236.00 42.55
226.00 203.00 242.00 228.00 42.45
168.00 211.00 225.00 211.00 35.49
206.00 207.00 216.00 222.00 41.28
195.00 208.00 243.00 229.00 42.13
155.00 206.00 231.00 218.00 40.00
171.00 191.00 217.00 214.00 36.71
189.00 195.00 216.00 212.00 35.81
175.00 190.00 207.00 216.00 36.02
169.00 194.00 209.00 215.00 37.83
179.00 193.00 216.00 214.00 42.66
209.00 194.00 220.00 223.00 38.30
193.00 196.00 227.00 228.00 41.81
181.00 205.00 222.00 213.00 37.19
169.00 209.00 223.00 218.00 41.07
179.00 212.00 212.00 224.00 37.61
186.00 207.00 215.00 213.00 35.54
207.00 205.00 213.00 202.00 39.42
154.00 204.00 215.00 209.00 35.91
183.00 203.00 210.00 212.00 42.50
205.00 204.00 217.00 228.00 42.18
210.00 198.00 211.00 217.00 37.14
178.00 194.00 198.00 212.00 36.02
159.00 194.00 184.00 201.00 38.30
149.00 180.00 184.00 197.00 37.61
180.00 193.00 196.00 207.00 35.97
171.00 194.00 198.00 201.00 36.55
196.00 176.00 192.00 202.00 38.04
156.00 166.00 183.00 197.00 35.49
144.00 164.00 179.00 194.00 36.50
166.00 177.00 180.00 209.00 37.19
171.00 182.00 177.00 197.00 34.64
173.00 172.00 171.00 199.00 35.12
184.00 157.00 168.00 189.00 41.92
165.00 157.00 160.00 190.00 41.65
196.00 160.00 170.00 204.00 41.86
178.00 167.00 176.00 206.00 41.76
170.00 178.00 174.00 197.00 34.64
193.00 168.00 166.00 192.00 40.11
187.00 157.00 170.00 196.00 33.84
163.00 165.00 173.00 202.00 40.06
169.00 177.00 177.00 199.00 41.86
198.00 172.00 170.00 194.00 33.52
172.00 170.00 168.00 190.00 37.29
176.00 162.00 171.00 198.00 39.53
150.00 163.00 173.00 204.00 34.21
159.00 179.00 172.00 209.00 35.70
207.00 170.00 169.00 212.00 34.32
176.00 168.00 164.00 210.00 33.89
169.00 167.00 166.00 210.00 41.28
155.00 166.00 173.00 206.00 41.81
191.00 174.00 182.00 209.00 41.97
194.00 176.00 174.00 200.00 35.70
165.00 174.00 170.00 195.00 41.54
173.00 160.00 168.00 197.00 33.20
188.00 157.00 169.00 197.00 41.70
184.00 163.00 175.00 206.00 37.51
164.00 172.00 175.00 210.00 32.94
202.00 166.00 174.00 205.00 40.00
168.00 161.00 177.00 205.00 38.25
161.00 166.00 170.00 196.00 34.27
179.00 159.00 165.00 204.00 41.65
173.00 170.00 177.00 212.00 36.02
189.00 169.00 185.00 209.00 35.22
192.00 168.00 177.00 202.00 32.99
147.00 166.00 174.00 199.00 37.24
158.00 166.00 172.00 185.00 36.23
147.00 167.00 171.00 196.00 36.60
172.00 164.00 177.00 210.00 39.10
165.00 172.00 189.00 205.00 37.88
170.00 172.00 190.00 215.00 38.52
178.00 170.00 176.00 204.00 34.32
205.00 160.00 175.00 207.00 34.58
194.00 157.00 173.00 202.00 36.13
169.00 164.00 176.00 203.00 36.92
176.00 164.00 172.00 202.00 35.06
174.00 165.00 167.00 202.00 33.31
170.00 163.00 159.00 203.00 33.84
170.00 162.00 159.00 202.00 41.49
196.00 157.00 157.00 201.00 40.48
156.00 160.00 156.00 197.00 40.16
141.00 160.00 155.00 194.00 41.07
177.00 160.00 153.00 187.00 34.58
159.00 157.00 154.00 195.00 36.18
174.00 163.00 149.00 196.00 38.36
176.00 168.00 152.00 180.00 38.36
178.00 168.00 154.00 205.00 39.63
199.00 164.00 154.00 205.00 33.95
168.00 158.00 149.00 200.00 39.47
188.00 154.00 147.00 206.00 40.48
185.00 151.00 147.00 202.00 37.77
191.00 152.00 153.00 193.00 41.39
156.00 157.00 153.00 195.00 32.35
169.00 159.00 147.00 189.00 37.03
158.00 155.00 150.00 189.00 37.67
187.00 161.00 152.00 195.00 40.43
185.00 155.00 153.00 192.00 39.69
149.00 160.00 153.00 196.00 40.11
199.00 158.00 152.00 203.00 34.37
204.00 163.00 151.00 207.00 41.39
191.00 161.00 159.00 209.00 41.44
206.00 157.00 159.00 208.00 36.76
203.00 166.00 160.00 207.00 35.65
190.00 173.00 159.00 213.00 39.21
195.00 170.00 164.00 215.00 41.23
179.00 173.00 159.00 210.00 38.36
210.00 176.00 162.00 208.00 32.25
201.00 172.00 160.00 218.00 33.68
206.00 170.00 156.00 208.00 39.90
196.00 174.00 160.00 207.00 35.70
205.00 165.00 156.00 210.00 41.28
176.00 168.00 156.00 209.00 37.77
184.00 168.00 152.00 202.00 39.31
184.00 161.00 152.00 204.00 34.74
194.00 157.00 152.00 201.00 41.01
205.00 151.00 154.00 202.00 39.05
191.00 155.00 148.00 197.00 32.09
182.00 152.00 148.00 206.00 36.98
160.00 153.00 145.00 195.00 40.85
185.00 151.00 140.00 195.00 38.25
182.00 150.00 140.00 193.00 39.95
173.00 148.00 138.00 198.00 34.21
166.00 148.00 141.00 201.00 32.35
151.00 153.00 149.00 201.00 34.69
148.00 156.00 143.00 208.00 38.73
149.00 157.00 145.00 208.00 31.40
148.00 153.00 144.00 202.00 32.09
140.00 147.00 142.00 200.00 38.94
136.00 146.00 134.00 190.00 34.43
132.00 150.00 136.00 196.00 31.08
138.00 158.00 143.00 209.00 38.46
138.00 162.00 144.00 203.00 35.12
134.00 155.00 140.00 198.00 36.02
131.00 151.00 142.00 207.00 39.21
127.00 151.00 134.00 190.00 36.92
127.00 151.00 140.00 203.00 38.52
133.00 158.00 148.00 202.00 32.35
136.00 158.00 147.00 212.00 40.80
132.00 155.00 140.00 199.00 36.50
131.00 152.00 140.00 191.00 34.69
128.00 150.00 137.00 197.00 30.55
125.00 148.00 134.00 196.00 30.12
125.00 153.00 140.00 198.00 38.99
134.00 154.00 145.00 200.00 40.54
133.00 155.00 142.00 189.00 34.27
132.00 150.00 137.00 192.00 38.68
125.00 145.00 136.00 191.00 40.32
124.00 144.00 137.00 193.00 30.18
122.00 145.00 135.00 190.00 30.71
125.00 150.00 138.00 198.00 37.67
131.00 154.00 144.00 200.00 31.13
128.00 147.00 140.00 191.00 40.64
125.00 143.00 138.00 194.00 35.49
123.00 143.00 133.00 192.00 36.44
121.00 143.00 134.00 195.00 36.39
122.00 150.00 143.00 196.00 35.28
129.00 152.00 140.00 200.00 40.69
126.00 149.00 140.00 196.00 30.39
124.00 145.00 137.00 196.00 33.68
119.00 144.00 133.00 194.00 38.68
120.00 142.00 130.00 189.00 34.64
118.00 144.00 133.00 200.00 40.06
124.00 154.00 140.00 201.00 38.99
127.00 150.00 139.00 198.00 35.01
125.00 150.00 140.00 199.00 34.69
123.00 148.00 137.00 195.00 39.15
122.00 144.00 133.00 194.00 40.22
120.00 144.00 131.00 189.00 40.69
120.00 140.00 131.00 194.00 38.14
120.00 139.00 128.00 190.00 40.16
120.00 141.00 133.00 189.00 36.02
129.00 144.00 140.00 190.00 40.59
130.00 144.00 136.00 195.00 30.97
128.00 145.00 136.00 196.00 38.20
125.00 142.00 135.00 185.00 39.84
123.00 137.00 132.00 202.00 40.11
125.00 138.00 132.00 202.00 38.30
122.00 137.00 131.00 204.00 31.40
120.00 133.00 123.00 204.00 40.75
119.00 134.00 128.00 203.00 40.59
119.00 134.00 127.00 205.00 30.49
119.00 133.00 126.00 209.00 39.69
128.00 141.00 137.00 208.00 35.22
128.00 140.00 131.00 209.00 39.31
128.00 141.00 136.00 211.00 40.32
125.00 139.00 137.00 194.00 30.23
127.00 140.00 133.00 209.00 40.59
126.00 135.00 132.00 196.00 30.39
124.00 135.00 131.00 199.00 30.49
122.00 136.00 130.00 194.00 37.03
123.00 134.00 132.00 203.00 33.58
120.00 130.00 129.00 194.00 40.22
121.00 131.00 129.00 199.00 37.83
122.00 131.00 128.00 192.00 30.49
122.00 131.00 127.00 200.00 35.54
121.00 128.00 128.00 194.00 40.54
121.00 129.00 125.00 199.00 32.30
120.00 127.00 125.00 197.00 30.87
120.00 126.00 126.00 204.00 34.00
121.00 126.00 124.00 202.00 38.36
119.00 127.00 122.00 196.00 35.28
119.00 126.00 121.00 199.00 36.07
121.00 127.00 124.00 201.00 36.18
124.00 127.00 127.00 201.00 40.16
127.00 129.00 131.00 204.00 38.89
128.00 134.00 127.00 219.00 39.31
128.00 135.00 131.00 211.00 36.13
128.00 135.00 131.00 214.00 35.06
126.00 132.00 131.00 204.00 38.99
125.00 129.00 128.00 214.00 40.59
125.00 129.00 129.00 219.00 30.18
124.00 130.00 126.00 208.00 40.69
124.00 127.00 125.00 220.00 35.91
121.00 127.00 127.00 213.00 31.03
121.00 124.00 122.00 218.00 40.59
121.00 122.00 120.00 206.00 39.63
120.00 119.00 119.00 220.00 40.59
120.00 119.00 118.00 226.00 40.54
121.00 117.00 118.00 221.00 35.38
123.00 119.00 120.00 221.00 33.26
127.00 122.00 121.00 221.00 40.11
125.00 123.00 124.00 215.00 38.09
128.00 123.00 122.00 194.00 32.62
127.00 120.00 121.00 193.00 33.15
126.00 122.00 120.00 195.00 38.78
125.00 119.00 118.00 190.00 31.93
122.00 116.00 115.00 188.00 34.11
120.00 114.00 112.00 187.00 29.01
121.00 113.00 113.00 185.00 29.27
119.00 113.00 112.00 186.00 37.93
118.00 112.00 111.00 186.00 37.14
118.00 112.00 111.00 186.00 28.58
118.00 111.00 110.00 185.00 38.04
118.00 112.00 110.00 184.00 37.24
119.00 111.00 110.00 184.00 39.26
118.00 112.00 110.00 185.00 39.05
120.00 112.00 114.00 186.00 33.84
121.00 114.00 113.00 187.00 35.43
123.00 115.00 112.00 186.00 38.89
122.00 114.00 113.00 184.00 38.78
122.00 112.00 112.00 180.00 37.61
117.00 109.00 105.00 177.00 37.51
113.00 106.00 60.00 39.00 38.62
100.00 82.00 56.00 45.00 30.60
68.00 50.00 58.00 64.00 32.30
29.00 20.00 32.00 22.00 30.60
51.00 25.00 37.00 45.00 30.12
51.00 23.00 32.00 9.00 26.72
17.00 19.00 26.00 6.00 27.15
21.00 6.00 30.00 5.00 37.56
10.00 8.00 7.00 8.00 26.78
23.00 18.00 10.00 12.00 29.80
27.00 25.00 15.00 29.00 26.78
33.00 35.00 20.00 19.00 37.24
22.00 44.00 32.00 34.00 27.73
42.00 39.00 26.00 23.00 36.66
28.00 36.00 36.00 31.00 38.04
45.00 37.00 34.00 28.00 34.53
30.00 37.00 40.00 33.00 31.93
50.00 45.00 47.00 28.00 32.46
30.00 38.00 32.00 22.00 32.41
20.00 20.00 17.00 23.00 23.27
24.00 32.00 11.00 14.00 23.53
18.00 30.00 36.00 39.00 30.60
40.00 41.00 54.00 43.00 31.08

