37.00 153.00 25.00 32.00 24.38
74.00 309.00 67.00 59.00 27.73
113.00 295.00 167.00 75.00 29.17
161.00 307.00 238.00 76.00 26.46
212.00 272.00 260.00 99.00 23.75
228.00 283.00 293.00 142.00 34.90
275.00 282.00 292.00 160.00 28.90
274.00 273.00 305.00 179.00 26.24
273.00 303.00 322.00 212.00 35.12
276.00 318.00 329.00 210.00 31.72
289.00 309.00 334.00 227.00 26.62
281.00 306.00 311.00 232.00 36.98
284.00 308.00 316.00 245.00 38.25
278.00 302.00 311.00 258.00 39.37
265.00 319.00 319.00 273.00 36.29
267.00 321.00 324.00 281.00 39.26
270.00 314.00 298.00 293.00 33.89
285.00 323.00 325.00 311.00 30.49
288.00 329.00 329.00 297.00 38.73
304.00 328.00 344.00 310.00 30.87
287.00 320.00 348.00 303.00 32.46
289.00 316.00 345.00 298.00 33.36
275.00 314.00 335.00 302.00 39.47
276.00 303.00 329.00 298.00 31.18
278.00 299.00 335.00 293.00 37.56
267.00 292.00 321.00 286.00 39.21
277.00 282.00 317.00 303.00 30.71
272.00 267.00 324.00 291.00 34.64
274.00 256.00 303.00 268.00 36.60
270.00 242.00 292.00 266.00 33.20
272.00 222.00 276.00 261.00 40.43
262.00 212.00 256.00 245.00 35.12
259.00 202.00 257.00 239.00 36.39
247.00 196.00 242.00 220.00 40.54
241.00 194.00 240.00 219.00 32.41
233.00 184.00 235.00 213.00 32.25
225.00 193.00 235.00 216.00 41.23
229.00 212.00 231.00 221.00 38.57
221.00 199.00 230.00 212.00 38.41
223.00 203.00 223.00 207.00 37.77
214.00 206.00 215.00 202.00 36.13
213.00 202.00 205.00 200.00 32.19
210.00 191.00 198.00 192.00 32.25
189.00 193.00 197.00 200.00 39.74
210.00 190.00 199.00 190.00 40.38
198.00 193.00 212.00 196.00 39.31
194.00 201.00 212.00 202.00 34.00
197.00 213.00 208.00 194.00 33.15
203.00 199.00 199.00 192.00 40.11
198.00 200.00 201.00 188.00 38.57
181.00 185.00 206.00 182.00 34.53
184.00 200.00 205.00 180.00 41.01
172.00 184.00 213.00 190.00 38.57
180.00 194.00 226.00 197.00 33.42
178.00 214.00 219.00 194.00 41.17
182.00 196.00 222.00 195.00 41.76
200.00 182.00 217.00 192.00 36.23
198.00 197.00 208.00 193.00 38.20
199.00 193.00 214.00 190.00 41.54
178.00 198.00 210.00 191.00 36.44
176.00 198.00 207.00 192.00 41.28
174.00 195.00 223.00 201.00 38.09
179.00 199.00 224.00 195.00 36.66
178.00 208.00 217.00 193.00 36.55
176.00 195.00 221.00 192.00 40.96
168.00 183.00 206.00 191.00 34.43
170.00 201.00 209.00 174.00 41.01
167.00 191.00 213.00 177.00 35.33
158.00 173.00 215.00 184.00 36.13
172.00 198.00 227.00 189.00 36.39
174.00 193.00 222.00 182.00 35.38
173.00 188.00 225.00 179.00 37.88
166.00 184.00 224.00 186.00 40.38
160.00 170.00 227.00 182.00 40.00
172.00 165.00 216.00 177.00 35.91
164.00 149.00 222.00 189.00 33.79
182.00 162.00 235.00 202.00 41.33
177.00 160.00 224.00 194.00 39.84
170.00 154.00 220.00 187.00 34.53
166.00 154.00 230.00 183.00 36.18
169.00 161.00 231.00 192.00 34.21
165.00 164.00 228.00 187.00 33.63
163.00 171.00 235.00 183.00 34.32
164.00 150.00 231.00 191.00 41.92
168.00 149.00 232.00 194.00 41.92
179.00 162.00 227.00 196.00 38.89
165.00 151.00 229.00 183.00 33.84
170.00 150.00 221.00 187.00 39.47
154.00 155.00 224.00 182.00 41.39
170.00 188.00 216.00 181.00 41.07
163.00 178.00 217.00 181.00 40.54
172.00 175.00 236.00 174.00 41.54
183.00 196.00 223.00 198.00 33.36
169.00 187.00 235.00 199.00 37.67
170.00 201.00 234.00 198.00 41.44
182.00 180.00 223.00 184.00 41.23
171.00 155.00 216.00 181.00 41.60
171.00 157.00 211.00 180.00 39.90
178.00 172.00 228.00 186.00 36.44
185.00 173.00 234.00 199.00 41.54
186.00 169.00 232.00 186.00 41.54
169.00 171.00 216.00 189.00 37.14
167.00 162.00 207.00 177.00 40.22
165.00 173.00 203.00 181.00 33.26
169.00 188.00 199.00 174.00 34.00
156.00 190.00 207.00 175.00 40.75
158.00 163.00 212.00 184.00 38.25
151.00 179.00 206.00 177.00 32.83
157.00 192.00 210.00 180.00 40.54
167.00 198.00 202.00 180.00 40.38
164.00 184.00 203.00 184.00 32.67
152.00 162.00 214.00 185.00 35.33
163.00 197.00 212.00 183.00 40.06
174.00 198.00 212.00 182.00 35.49
165.00 203.00 208.00 180.00 36.07
163.00 200.00 206.00 177.00 40.91
175.00 199.00 203.00 187.00 32.41
168.00 189.00 203.00 178.00 39.90
165.00 194.00 201.00 180.00 39.42
160.00 196.00 199.00 187.00 38.78
155.00 169.00 204.00 186.00 38.14
158.00 167.00 202.00 186.00 39.69
171.00 177.00 202.00 185.00 33.31
165.00 168.00 188.00 183.00 38.25
186.00 170.00 197.00 189.00 39.90
176.00 172.00 216.00 197.00 39.31
186.00 176.00 211.00 188.00 37.77
164.00 168.00 201.00 181.00 31.56
180.00 164.00 194.00 182.00 36.07
176.00 160.00 181.00 177.00 37.35
167.00 161.00 199.00 187.00 36.87
154.00 161.00 200.00 185.00 32.51
148.00 165.00 191.00 176.00 39.05
163.00 151.00 186.00 172.00 31.93
143.00 148.00 181.00 171.00 32.67
149.00 152.00 185.00 175.00 31.82
154.00 145.00 202.00 190.00 31.40
180.00 141.00 204.00 191.00 32.19
184.00 140.00 209.00 193.00 35.38
166.00 148.00 208.00 192.00 32.62
168.00 145.00 202.00 193.00 31.66
172.00 145.00 186.00 187.00 40.38
161.00 148.00 178.00 180.00 30.44
156.00 150.00 157.00 169.00 36.92
149.00 154.00 144.00 169.00 35.38
153.00 154.00 153.00 173.00 30.12
153.00 154.00 158.00 179.00 38.30
152.00 160.00 163.00 183.00 39.26
169.00 166.00 172.00 156.00 39.90
176.00 169.00 175.00 172.00 31.82
180.00 168.00 173.00 160.00 36.29
182.00 167.00 171.00 157.00 32.99
187.00 163.00 167.00 155.00 36.02
178.00 158.00 163.00 150.00 37.24
178.00 157.00 161.00 151.00 39.95
176.00 154.00 160.00 147.00 34.11
171.00 152.00 160.00 146.00 31.82
173.00 155.00 163.00 155.00 35.01
177.00 160.00 162.00 150.00 37.67
177.00 159.00 159.00 146.00 34.11
177.00 158.00 163.00 153.00 31.88
178.00 158.00 174.00 160.00 39.74
175.00 154.00 177.00 161.00 30.76
174.00 152.00 170.00 146.00 39.37
174.00 149.00 161.00 143.00 39.95
174.00 149.00 157.00 149.00 33.42
171.00 150.00 156.00 145.00 39.15
174.00 151.00 157.00 149.00 29.38
178.00 157.00 159.00 154.00 29.54
178.00 158.00 164.00 162.00 39.79
185.00 158.00 162.00 158.00 30.71
181.00 156.00 160.00 157.00 37.99
179.00 153.00 158.00 155.00 31.56
177.00 151.00 152.00 156.00 38.09
174.00 149.00 147.00 148.00 33.15
173.00 147.00 145.00 139.00 33.31
178.00 147.00 149.00 152.00 33.15
177.00 147.00 156.00 153.00 36.29
177.00 147.00 160.00 152.00 39.90
178.00 151.00 165.00 160.00 34.32
185.00 150.00 167.00 164.00 35.06
183.00 156.00 167.00 160.00 39.58
185.00 159.00 166.00 160.00 35.17
187.00 157.00 162.00 159.00 37.51
188.00 153.00 155.00 158.00 29.86
187.00 153.00 152.00 150.00 32.78
185.00 155.00 150.00 149.00 29.43
185.00 157.00 152.00 152.00 28.58
183.00 157.00 162.00 165.00 39.63
183.00 155.00 162.00 162.00 37.93
184.00 154.00 162.00 167.00 31.98
183.00 154.00 160.00 164.00 39.15
183.00 155.00 159.00 181.00 33.26
182.00 154.00 157.00 179.00 37.56
185.00 152.00 155.00 175.00 38.78
183.00 150.00 154.00 165.00 35.01
174.00 139.00 143.00 165.00 33.31
166.00 135.00 133.00 160.00 32.30
164.00 134.00 134.00 165.00 38.78
167.00 137.00 138.00 171.00 28.48
170.00 138.00 159.00 183.00 35.38
168.00 139.00 163.00 176.00 36.82
169.00 139.00 162.00 181.00 28.00
172.00 141.00 157.00 177.00 32.88
171.00 139.00 152.00 176.00 29.22
174.00 141.00 149.00 179.00 39.63
174.00 141.00 149.00 181.00 32.25
175.00 141.00 149.00 179.00 33.73
174.00 143.00 151.00 184.00 30.65
177.00 145.00 149.00 186.00 39.53
177.00 145.00 145.00 178.00 29.06
177.00 147.00 143.00 178.00 35.01
180.00 149.00 146.00 175.00 33.47
180.00 151.00 156.00 185.00 39.26
179.00 151.00 160.00 188.00 30.92
176.00 150.00 160.00 189.00 27.84
179.00 146.00 166.00 189.00 27.52
176.00 149.00 166.00 186.00 30.28
179.00 147.00 165.00 181.00 37.93
175.00 143.00 158.00 184.00 27.15
175.00 146.00 155.00 182.00 37.72
173.00 146.00 154.00 180.00 37.45
175.00 142.00 150.00 179.00 27.68
170.00 145.00 147.00 179.00 37.19
169.00 138.00 150.00 183.00 33.10
170.00 141.00 144.00 176.00 36.76
172.00 140.00 143.00 175.00 39.05
173.00 143.00 148.00 173.00 28.26
172.00 146.00 157.00 184.00 39.10
176.00 147.00 163.00 189.00 30.65
176.00 147.00 162.00 183.00 35.28
181.00 147.00 154.00 179.00 35.65
175.00 145.00 153.00 179.00 27.04
172.00 146.00 151.00 174.00 38.36
182.00 147.00 153.00 175.00 36.07
188.00 151.00 151.00 173.00 26.99
188.00 153.00 148.00 174.00 34.85
176.00 149.00 147.00 175.00 34.21
174.00 150.00 148.00 170.00 35.43
173.00 147.00 148.00 173.00 31.98
172.00 148.00 150.00 172.00 33.58
172.00 145.00 144.00 170.00 29.86
175.00 145.00 144.00 170.00 34.00
174.00 145.00 143.00 167.00 38.78
174.00 147.00 145.00 166.00 38.46
177.00 148.00 154.00 175.00 38.36
174.00 149.00 164.00 185.00 38.62
173.00 146.00 164.00 191.00 31.40
172.00 145.00 157.00 180.00 34.53
172.00 144.00 148.00 175.00 29.22
169.00 142.00 143.00 168.00 32.25
170.00 140.00 142.00 164.00 30.07
168.00 142.00 143.00 166.00 27.68
168.00 143.00 149.00 171.00 37.51
169.00 143.00 155.00 178.00 32.67
168.00 143.00 152.00 174.00 36.87
167.00 141.00 150.00 175.00 26.72
167.00 142.00 148.00 173.00 27.78
168.00 141.00 145.00 170.00 37.93
167.00 141.00 145.00 168.00 38.04
169.00 141.00 146.00 167.00 27.68
168.00 141.00 144.00 166.00 37.24
164.00 136.00 140.00 164.00 36.76
163.00 136.00 140.00 168.00 37.93
163.00 136.00 142.00 170.00 29.48
162.00 136.00 134.00 165.00 35.91
160.00 135.00 138.00 165.00 25.13
152.00 131.00 134.00 159.00 28.10
158.00 134.00 132.00 161.00 37.29
165.00 136.00 135.00 159.00 34.80
149.00 139.00 107.00 67.00 32.09
38.00 70.00 44.00 78.00 30.60
43.00 64.00 35.00 65.00 26.83
46.00 70.00 41.00 65.00 32.88

