14.00 19.00 125.00 45.00 26.08
10.00 11.00 36.00 13.00 38.36
8.00 8.00 34.00 20.00 36.60
7.00 7.00 18.00 14.00 27.41
10.00 20.00 40.00 45.00 29.91
31.00 29.00 45.00 44.00 37.83
35.00 31.00 40.00 44.00 25.45
41.00 57.00 125.00 47.00 27.25
47.00 102.00 219.00 87.00 26.14
80.00 249.00 250.00 83.00 30.18
72.00 273.00 265.00 148.00 30.65
70.00 326.00 275.00 204.00 31.98
98.00 293.00 240.00 208.00 37.40
91.00 250.00 237.00 195.00 38.52
81.00 226.00 236.00 180.00 28.90
72.00 207.00 235.00 169.00 35.28
62.00 191.00 231.00 159.00 29.11
54.00 182.00 233.00 151.00 33.95
49.00 175.00 231.00 149.00 35.06
41.00 164.00 229.00 142.00 28.69
38.00 156.00 226.00 136.00 27.89
34.00 147.00 225.00 128.00 37.83
31.00 143.00 223.00 123.00 30.55
29.00 137.00 223.00 116.00 37.61
27.00 131.00 221.00 111.00 31.66
27.00 127.00 219.00 104.00 29.33
25.00 121.00 221.00 96.00 29.43
24.00 115.00 218.00 92.00 39.05
24.00 113.00 220.00 87.00 27.04
22.00 108.00 218.00 81.00 38.94
21.00 105.00 218.00 78.00 35.81
21.00 103.00 219.00 75.00 38.94
21.00 101.00 220.00 71.00 38.25
23.00 100.00 224.00 72.00 32.62
29.00 106.00 229.00 82.00 38.78
43.00 142.00 234.00 110.00 36.92
91.00 206.00 250.00 249.00 31.72
293.00 298.00 278.00 294.00 29.86
313.00 299.00 290.00 311.00 32.78
316.00 295.00 296.00 347.00 40.11
299.00 301.00 276.00 331.00 29.80
322.00 334.00 288.00 316.00 30.87
331.00 330.00 309.00 302.00 31.88
373.00 342.00 307.00 328.00 38.68
371.00 351.00 294.00 334.00 33.79
367.00 340.00 298.00 328.00 41.28
349.00 341.00 305.00 295.00 35.06
363.00 351.00 309.00 318.00 35.33
345.00 351.00 309.00 293.00 39.42
310.00 350.00 321.00 316.00 34.00
303.00 346.00 309.00 312.00 37.29
335.00 344.00 269.00 300.00 41.33
334.00 337.00 273.00 272.00 41.54
318.00 329.00 263.00 303.00 41.07
328.00 308.00 290.00 310.00 41.23
372.00 351.00 293.00 288.00 38.62
375.00 361.00 315.00 329.00 41.54
391.00 356.00 288.00 297.00 42.18
361.00 348.00 296.00 363.00 39.95
370.00 366.00 305.00 323.00 40.85
362.00 335.00 308.00 299.00 34.90
362.00 356.00 288.00 313.00 41.33
354.00 320.00 282.00 311.00 35.59
333.00 284.00 312.00 306.00 34.90
340.00 293.00 280.00 302.00 41.92
343.00 268.00 269.00 310.00 35.38
323.00 287.00 249.00 315.00 36.55
333.00 269.00 277.00 333.00 34.96
323.00 273.00 287.00 306.00 42.45
322.00 282.00 244.00 268.00 40.91
324.00 270.00 269.00 299.00 35.59
332.00 278.00 281.00 299.00 35.38
318.00 294.00 253.00 289.00 41.01
316.00 288.00 244.00 279.00 42.45
293.00 291.00 230.00 252.00 38.46
305.00 278.00 230.00 268.00 40.69
309.00 274.00 248.00 261.00 39.90
304.00 282.00 255.00 274.00 40.06
310.00 272.00 239.00 273.00 35.75
309.00 285.00 226.00 263.00 36.44
316.00 260.00 227.00 282.00 36.07
299.00 261.00 231.00 246.00 38.30
280.00 261.00 221.00 253.00 40.00
296.00 259.00 238.00 239.00 38.36
279.00 265.00 239.00 228.00 35.65
272.00 267.00 236.00 238.00 40.59
247.00 254.00 216.00 270.00 42.55
291.00 269.00 224.00 227.00 41.54
285.00 294.00 231.00 263.00 42.71
291.00 285.00 240.00 254.00 36.39
291.00 307.00 244.00 265.00 39.31
273.00 285.00 252.00 258.00 37.77
300.00 302.00 241.00 281.00 40.54
297.00 285.00 244.00 268.00 42.39
296.00 287.00 249.00 287.00 37.45
301.00 298.00 252.00 264.00 38.99
301.00 298.00 250.00 294.00 38.68
304.00 265.00 226.00 257.00 38.36
285.00 288.00 254.00 263.00 42.61
282.00 275.00 267.00 252.00 41.97
289.00 296.00 218.00 259.00 38.52
298.00 287.00 246.00 259.00 41.01
305.00 273.00 232.00 253.00 40.32
306.00 284.00 235.00 261.00 42.61
305.00 276.00 230.00 251.00 40.54
300.00 271.00 229.00 280.00 40.38
299.00 278.00 229.00 253.00 42.50
316.00 272.00 236.00 262.00 36.98
316.00 269.00 230.00 263.00 41.12
310.00 277.00 244.00 249.00 41.28
310.00 297.00 244.00 247.00 42.08
325.00 294.00 260.00 296.00 36.98
335.00 318.00 268.00 274.00 37.29
325.00 292.00 248.00 287.00 39.10
332.00 308.00 270.00 271.00 42.55
328.00 304.00 267.00 279.00 42.77
328.00 283.00 249.00 294.00 40.96
330.00 308.00 257.00 280.00 41.65
309.00 297.00 255.00 273.00 42.29
316.00 299.00 253.00 288.00 37.24
325.00 289.00 250.00 290.00 39.58
313.00 294.00 251.00 252.00 37.61
328.00 289.00 240.00 249.00 40.32
320.00 288.00 235.00 261.00 36.39
331.00 291.00 256.00 277.00 37.24
339.00 294.00 263.00 301.00 35.70
348.00 297.00 282.00 290.00 42.71
339.00 312.00 275.00 281.00 41.07
305.00 313.00 267.00 285.00 42.55
301.00 309.00 270.00 295.00 41.23
293.00 301.00 257.00 300.00 37.56
294.00 296.00 255.00 293.00 41.86
300.00 302.00 280.00 267.00 37.29
284.00 285.00 259.00 298.00 42.55
274.00 302.00 292.00 338.00 35.86
303.00 296.00 303.00 324.00 36.39
326.00 325.00 289.00 310.00 35.59
305.00 314.00 281.00 301.00 41.28
298.00 306.00 283.00 290.00 39.15
293.00 298.00 279.00 284.00 42.50
292.00 303.00 261.00 285.00 42.39
279.00 295.00 269.00 290.00 40.64
274.00 284.00 277.00 282.00 38.62
270.00 268.00 255.00 279.00 40.96
251.00 257.00 264.00 266.00 41.17
239.00 254.00 243.00 248.00 40.22
236.00 244.00 242.00 250.00 36.66
239.00 239.00 261.00 263.00 35.17
237.00 226.00 265.00 266.00 42.45
226.00 213.00 234.00 262.00 38.20
211.00 200.00 258.00 260.00 38.94
190.00 183.00 267.00 265.00 39.42
166.00 176.00 282.00 262.00 38.14
148.00 162.00 268.00 261.00 39.31
139.00 154.00 250.00 264.00 42.13
123.00 151.00 251.00 260.00 41.39
113.00 142.00 274.00 257.00 35.59
104.00 148.00 261.00 264.00 35.38
93.00 148.00 265.00 255.00 38.99
84.00 143.00 277.00 253.00 36.13
79.00 142.00 250.00 256.00 36.50
71.00 143.00 263.00 253.00 35.54
67.00 138.00 278.00 260.00 35.43
60.00 132.00 253.00 224.00 42.45
52.00 126.00 263.00 220.00 35.33
50.00 133.00 257.00 193.00 37.72
50.00 113.00 260.00 177.00 39.10
48.00 106.00 248.00 165.00 38.30
48.00 98.00 255.00 147.00 34.85
51.00 93.00 254.00 135.00 37.51
54.00 86.00 257.00 121.00 36.60
58.00 78.00 260.00 113.00 39.84
60.00 70.00 254.00 107.00 33.58
56.00 66.00 238.00 102.00 35.28
59.00 64.00 238.00 94.00 39.74
63.00 63.00 255.00 82.00 40.27
60.00 58.00 243.00 71.00 41.39
59.00 53.00 239.00 68.00 32.35
58.00 53.00 237.00 62.00 37.19
59.00 53.00 236.00 56.00 40.16
67.00 50.00 239.00 52.00 34.43
69.00 50.00 237.00 53.00 31.61
65.00 50.00 239.00 54.00 40.96
59.00 50.00 236.00 52.00 36.23
55.00 46.00 235.00 49.00 34.21
48.00 47.00 235.00 48.00 32.03
43.00 43.00 236.00 41.00 38.36
40.00 39.00 239.00 35.00 39.69
38.00 35.00 238.00 33.00 40.91
33.00 30.00 233.00 39.00 34.85
34.00 28.00 234.00 39.00 34.43
37.00 42.00 233.00 44.00 31.66
35.00 41.00 235.00 44.00 33.20
35.00 39.00 235.00 41.00 31.82
35.00 39.00 233.00 40.00 32.51
36.00 39.00 233.00 42.00 36.02
40.00 44.00 235.00 48.00 30.55
42.00 41.00 233.00 44.00 37.88
43.00 41.00 232.00 42.00 29.96
44.00 41.00 233.00 44.00 31.50
53.00 42.00 230.00 43.00 37.61
59.00 41.00 230.00 43.00 33.63
71.00 39.00 236.00 35.00 30.02
82.00 36.00 239.00 34.00 31.77
95.00 34.00 233.00 31.00 31.40
103.00 26.00 230.00 30.00 38.94
108.00 24.00 228.00 33.00 40.00
118.00 24.00 227.00 40.00 40.27
112.00 43.00 230.00 45.00 38.78
108.00 42.00 237.00 44.00 40.11
118.00 47.00 236.00 46.00 37.99
119.00 51.00 234.00 45.00 32.83
114.00 49.00 230.00 43.00 33.68
109.00 52.00 227.00 41.00 30.23
111.00 47.00 227.00 40.00 40.54
105.00 48.00 224.00 39.00 36.98
107.00 44.00 225.00 37.00 35.97
106.00 44.00 226.00 34.00 38.41
106.00 38.00 226.00 28.00 32.03
101.00 36.00 226.00 28.00 39.84
95.00 32.00 226.00 32.00 35.49
93.00 31.00 230.00 34.00 36.82
86.00 31.00 230.00 34.00 34.27
94.00 31.00 229.00 35.00 29.64
94.00 30.00 228.00 37.00 34.43
91.00 30.00 228.00 39.00 35.12
86.00 38.00 228.00 41.00 39.79
87.00 39.00 228.00 41.00 39.31
83.00 38.00 228.00 42.00 32.94
81.00 44.00 227.00 43.00 37.45
77.00 44.00 223.00 44.00 38.73
68.00 42.00 223.00 36.00 39.95
62.00 38.00 226.00 33.00 32.03
55.00 37.00 224.00 32.00 33.68
51.00 32.00 221.00 38.00 40.43
48.00 56.00 222.00 38.00 39.05
42.00 63.00 223.00 38.00 30.33
37.00 57.00 222.00 39.00 32.73
29.00 56.00 223.00 36.00 37.77
29.00 56.00 223.00 37.00 38.41
27.00 56.00 228.00 38.00 40.32
26.00 53.00 227.00 37.00 29.59
28.00 51.00 225.00 37.00 32.14
30.00 47.00 227.00 29.00 40.11
31.00 41.00 221.00 30.00 39.21
33.00 36.00 219.00 33.00 39.10
37.00 31.00 217.00 34.00 31.34
36.00 29.00 218.00 33.00 29.48
34.00 29.00 218.00 36.00 37.35
31.00 35.00 220.00 35.00 31.77
33.00 36.00 218.00 35.00 38.20
28.00 34.00 219.00 36.00 34.69
27.00 33.00 218.00 32.00 34.96
28.00 31.00 218.00 28.00 39.95
25.00 29.00 217.00 32.00 29.38
22.00 30.00 216.00 35.00 39.74
24.00 49.00 218.00 38.00 28.90
24.00 46.00 220.00 35.00 34.37
22.00 44.00 221.00 35.00 35.17
22.00 40.00 222.00 36.00 35.49
24.00 38.00 222.00 34.00 39.95
23.00 36.00 217.00 32.00 40.06
23.00 29.00 217.00 28.00 38.14
24.00 24.00 214.00 29.00 40.00
26.00 23.00 214.00 32.00 28.74
27.00 36.00 218.00 35.00 38.30
27.00 37.00 217.00 36.00 36.87
25.00 38.00 216.00 33.00 35.28
24.00 48.00 216.00 33.00 35.70
24.00 63.00 218.00 34.00 28.74
23.00 68.00 216.00 34.00 30.02
22.00 76.00 217.00 33.00 40.06
21.00 76.00 219.00 32.00 30.33
22.00 73.00 220.00 33.00 38.57
22.00 75.00 223.00 38.00 37.08
23.00 65.00 220.00 34.00 38.84
23.00 58.00 215.00 31.00 32.67
21.00 50.00 214.00 28.00 39.58
21.00 46.00 213.00 29.00 36.60
22.00 38.00 211.00 27.00 40.16
26.00 29.00 210.00 26.00 39.10
25.00 25.00 211.00 28.00 38.52
24.00 22.00 213.00 27.00 34.05
20.00 19.00 213.00 25.00 39.47
19.00 16.00 211.00 26.00 37.72
20.00 18.00 210.00 24.00 36.92
31.00 18.00 210.00 27.00 28.90
43.00 19.00 208.00 29.00 37.93
45.00 19.00 208.00 32.00 29.33
47.00 18.00 209.00 30.00 39.79
46.00 17.00 208.00 29.00 28.74
45.00 16.00 206.00 29.00 31.13
40.00 15.00 204.00 27.00 37.99
33.00 14.00 204.00 27.00 30.12
28.00 15.00 206.00 27.00 38.09
26.00 15.00 211.00 30.00 38.41
23.00 14.00 212.00 28.00 33.95
20.00 16.00 214.00 28.00 31.45
19.00 28.00 214.00 32.00 31.13
19.00 31.00 213.00 30.00 39.26
24.00 30.00 218.00 25.00 39.10
26.00 32.00 217.00 29.00 29.75
31.00 26.00 215.00 29.00 39.05
28.00 23.00 210.00 28.00 31.77
29.00 19.00 209.00 29.00 32.88
28.00 20.00 214.00 29.00 39.42
25.00 22.00 216.00 31.00 30.71
23.00 24.00 214.00 30.00 39.31
22.00 21.00 214.00 30.00 37.24
20.00 22.00 214.00 28.00 39.42
18.00 22.00 210.00 28.00 34.64
17.00 22.00 208.00 27.00 27.84
17.00 20.00 208.00 25.00 33.20
13.00 14.00 202.00 22.00 34.05
11.00 16.00 188.00 18.00 30.07
15.00 15.00 92.00 19.00 30.44

