17.00 14.00 35.00 96.00 29.80
36.00 22.00 24.00 58.00 32.57
28.00 38.00 14.00 108.00 24.01
66.00 57.00 59.00 153.00 27.25
21.00 13.00 42.00 141.00 32.35
28.00 12.00 92.00 133.00 27.31
18.00 9.00 101.00 127.00 32.73
15.00 9.00 100.00 130.00 34.00
17.00 8.00 101.00 129.00 32.35
16.00 8.00 101.00 129.00 33.42
17.00 8.00 100.00 127.00 21.36
15.00 9.00 103.00 130.00 21.36
18.00 9.00 105.00 129.00 28.95
18.00 9.00 105.00 127.00 27.41
18.00 8.00 103.00 123.00 23.00
18.00 9.00 102.00 123.00 21.73
17.00 9.00 101.00 122.00 32.83
17.00 8.00 100.00 122.00 31.77
17.00 9.00 99.00 127.00 31.66
21.00 9.00 100.00 123.00 23.32
18.00 9.00 101.00 131.00 29.86
21.00 9.00 104.00 126.00 29.64
17.00 10.00 101.00 125.00 22.21
18.00 11.00 100.00 124.00 24.97
21.00 15.00 102.00 132.00 31.98
27.00 24.00 115.00 145.00 22.47
53.00 96.00 155.00 153.00 34.53
62.00 152.00 187.00 159.00 24.54
61.00 240.00 248.00 167.00 23.48
60.00 256.00 267.00 186.00 25.55
77.00 253.00 296.00 196.00 33.15
89.00 257.00 301.00 225.00 37.51
99.00 270.00 282.00 263.00 27.41
173.00 267.00 298.00 295.00 36.71
284.00 292.00 309.00 301.00 35.75
307.00 303.00 322.00 295.00 29.11
297.00 291.00 296.00 304.00 37.83
304.00 307.00 289.00 300.00 29.75
307.00 295.00 290.00 304.00 40.00
309.00 310.00 320.00 321.00 38.73
339.00 296.00 317.00 332.00 37.03
325.00 311.00 308.00 311.00 31.82
303.00 298.00 308.00 308.00 33.52
314.00 292.00 307.00 305.00 37.99
313.00 311.00 303.00 317.00 35.33
313.00 285.00 319.00 321.00 33.10
314.00 297.00 314.00 314.00 38.94
297.00 294.00 314.00 320.00 40.16
317.00 288.00 318.00 313.00 38.46
314.00 288.00 323.00 321.00 41.76
312.00 306.00 324.00 329.00 40.32
312.00 307.00 323.00 325.00 41.33
305.00 301.00 308.00 311.00 34.69
279.00 290.00 313.00 310.00 37.35
280.00 312.00 333.00 317.00 38.09
314.00 296.00 305.00 310.00 36.44
282.00 318.00 309.00 278.00 41.81
297.00 314.00 311.00 321.00 42.45
308.00 297.00 316.00 315.00 41.97
299.00 323.00 317.00 294.00 38.30
266.00 323.00 299.00 293.00 40.91
304.00 305.00 316.00 322.00 40.80
323.00 303.00 316.00 314.00 40.32
298.00 295.00 292.00 295.00 40.22
297.00 274.00 295.00 306.00 38.36
302.00 308.00 326.00 319.00 39.26
327.00 306.00 323.00 305.00 35.65
287.00 302.00 303.00 298.00 36.02
287.00 299.00 309.00 310.00 42.08
283.00 284.00 310.00 294.00 37.99
281.00 296.00 308.00 327.00 41.17
287.00 291.00 294.00 308.00 36.07
300.00 298.00 311.00 332.00 40.59
304.00 314.00 317.00 318.00 38.73
305.00 307.00 300.00 311.00 42.66
273.00 314.00 308.00 291.00 39.74
297.00 299.00 321.00 334.00 42.61
303.00 310.00 321.00 318.00 38.09
295.00 286.00 314.00 316.00 38.94
273.00 283.00 290.00 296.00 36.92
295.00 282.00 276.00 307.00 41.65
299.00 318.00 331.00 315.00 39.90
312.00 311.00 325.00 326.00 41.65
272.00 297.00 308.00 310.00 40.22
294.00 304.00 309.00 309.00 36.23
281.00 298.00 308.00 313.00 42.87
302.00 299.00 335.00 324.00 39.42
310.00 306.00 310.00 315.00 40.59
306.00 301.00 311.00 305.00 42.66
294.00 290.00 284.00 304.00 41.70
294.00 288.00 314.00 307.00 36.18
306.00 288.00 330.00 321.00 38.78
306.00 324.00 337.00 324.00 36.29
341.00 295.00 325.00 317.00 36.29
297.00 293.00 314.00 310.00 38.89
299.00 297.00 314.00 321.00 42.82
314.00 307.00 330.00 315.00 39.79
314.00 299.00 310.00 312.00 39.90
293.00 309.00 314.00 298.00 42.87
273.00 314.00 304.00 308.00 38.78
301.00 294.00 312.00 306.00 40.64
298.00 307.00 324.00 317.00 40.27
293.00 290.00 330.00 320.00 38.89
301.00 317.00 324.00 315.00 39.42
295.00 300.00 307.00 308.00 41.81
308.00 291.00 317.00 315.00 41.81
292.00 280.00 301.00 291.00 39.10
284.00 297.00 318.00 302.00 42.77
258.00 281.00 317.00 297.00 42.39
291.00 297.00 330.00 306.00 42.34
307.00 290.00 322.00 288.00 38.46
280.00 310.00 312.00 292.00 36.44
261.00 300.00 300.00 299.00 42.98
294.00 311.00 294.00 301.00 42.50
202.00 317.00 337.00 310.00 37.19
291.00 306.00 313.00 313.00 41.44
282.00 292.00 312.00 317.00 39.90
304.00 289.00 316.00 305.00 37.83
322.00 324.00 317.00 325.00 42.98
325.00 301.00 322.00 325.00 43.03
325.00 311.00 305.00 306.00 41.44
286.00 288.00 310.00 300.00 36.55
288.00 297.00 325.00 303.00 39.53
315.00 296.00 334.00 333.00 41.49
310.00 317.00 327.00 326.00 38.41
289.00 299.00 321.00 306.00 41.97
313.00 288.00 314.00 286.00 38.30
300.00 276.00 307.00 288.00 39.53
302.00 302.00 343.00 323.00 43.03
336.00 303.00 335.00 328.00 42.71
317.00 316.00 334.00 318.00 36.55
327.00 290.00 330.00 305.00 37.29
309.00 278.00 316.00 295.00 39.74
296.00 308.00 321.00 312.00 42.77
316.00 315.00 338.00 314.00 37.19
322.00 324.00 335.00 315.00 40.16
316.00 312.00 337.00 307.00 42.93
300.00 300.00 328.00 305.00 42.02
308.00 305.00 326.00 290.00 38.57
302.00 311.00 351.00 306.00 42.02
299.00 315.00 341.00 290.00 38.52
268.00 301.00 340.00 305.00 40.80
311.00 287.00 328.00 305.00 42.45
291.00 305.00 343.00 306.00 41.86
288.00 318.00 337.00 312.00 42.98
315.00 295.00 320.00 283.00 43.09
301.00 269.00 312.00 287.00 38.94
298.00 301.00 351.00 314.00 39.90
325.00 311.00 328.00 307.00 37.35
315.00 281.00 315.00 289.00 40.91
291.00 289.00 306.00 292.00 42.98
296.00 290.00 301.00 294.00 36.34
303.00 296.00 310.00 308.00 41.60
322.00 287.00 312.00 320.00 39.95
307.00 293.00 299.00 306.00 39.21
294.00 286.00 295.00 286.00 40.85
301.00 288.00 286.00 288.00 38.78
262.00 279.00 288.00 287.00 38.99
307.00 289.00 312.00 314.00 41.86
296.00 299.00 308.00 315.00 41.23
287.00 289.00 307.00 296.00 39.05
312.00 279.00 291.00 295.00 35.97
300.00 273.00 286.00 291.00 42.34
317.00 283.00 298.00 313.00 41.49
343.00 280.00 311.00 325.00 40.38
331.00 281.00 305.00 295.00 41.33
290.00 273.00 291.00 298.00 41.54
300.00 255.00 284.00 300.00 39.42
292.00 282.00 302.00 307.00 42.08
317.00 284.00 304.00 304.00 37.08
323.00 262.00 295.00 302.00 40.48
289.00 276.00 293.00 299.00 39.53
299.00 272.00 287.00 314.00 36.34
306.00 295.00 303.00 340.00 37.93
323.00 291.00 302.00 326.00 39.15
330.00 277.00 285.00 311.00 42.61
322.00 275.00 278.00 296.00 36.60
303.00 269.00 282.00 295.00 40.38
322.00 282.00 290.00 313.00 36.18
347.00 283.00 292.00 317.00 41.23
326.00 302.00 287.00 307.00 36.02
328.00 295.00 283.00 301.00 40.00
301.00 279.00 269.00 295.00 36.23
292.00 283.00 265.00 308.00 41.60
301.00 285.00 277.00 315.00 40.00
316.00 291.00 277.00 314.00 36.60
314.00 293.00 278.00 310.00 36.98
306.00 283.00 274.00 313.00 37.56
298.00 288.00 272.00 299.00 36.60
288.00 271.00 268.00 307.00 39.26
285.00 285.00 264.00 312.00 36.60
286.00 278.00 266.00 310.00 38.14
281.00 277.00 274.00 323.00 36.98
288.00 281.00 283.00 312.00 37.08
294.00 304.00 285.00 322.00 39.15
307.00 293.00 280.00 325.00 42.34
290.00 295.00 272.00 314.00 37.61
294.00 289.00 264.00 311.00 42.50
288.00 285.00 268.00 317.00 42.55
277.00 285.00 263.00 312.00 40.80
281.00 275.00 271.00 324.00 36.13
277.00 282.00 273.00 312.00 39.58
268.00 292.00 275.00 317.00 42.18
269.00 275.00 261.00 311.00 35.54
253.00 289.00 260.00 310.00 42.34
252.00 285.00 259.00 303.00 35.12
249.00 279.00 253.00 305.00 42.50
245.00 276.00 253.00 304.00 38.73
251.00 271.00 259.00 312.00 38.30
259.00 285.00 263.00 317.00 36.98
283.00 284.00 257.00 317.00 38.04
285.00 277.00 252.00 310.00 33.79
279.00 279.00 246.00 305.00 41.81
281.00 286.00 245.00 293.00 41.65
274.00 283.00 248.00 297.00 36.98
279.00 295.00 256.00 304.00 40.32
290.00 299.00 260.00 302.00 36.82
275.00 297.00 256.00 293.00 40.27
269.00 291.00 250.00 293.00 35.86
264.00 285.00 244.00 284.00 37.35
262.00 286.00 247.00 282.00 31.93
266.00 290.00 259.00 284.00 40.96
261.00 287.00 254.00 291.00 39.42
266.00 289.00 253.00 281.00 34.11
257.00 275.00 248.00 287.00 31.88
255.00 280.00 239.00 281.00 40.43
238.00 260.00 240.00 283.00 40.06
236.00 265.00 252.00 291.00 38.46
240.00 263.00 248.00 287.00 40.32
236.00 257.00 244.00 282.00 31.03
235.00 254.00 237.00 284.00 31.82
227.00 251.00 240.00 281.00 32.67
228.00 253.00 250.00 290.00 40.06
248.00 269.00 256.00 289.00 36.66
238.00 266.00 252.00 281.00 38.30
236.00 252.00 242.00 276.00 40.16
228.00 251.00 241.00 275.00 31.24
227.00 266.00 248.00 283.00 38.04
241.00 269.00 257.00 282.00 40.59
231.00 261.00 243.00 272.00 40.64
234.00 252.00 240.00 268.00 40.32
228.00 252.00 238.00 268.00 31.72
221.00 256.00 245.00 277.00 33.36
231.00 262.00 249.00 279.00 30.87
234.00 255.00 249.00 270.00 31.82
233.00 249.00 245.00 268.00 40.54
218.00 252.00 240.00 267.00 30.39
213.00 252.00 237.00 269.00 32.99
222.00 256.00 238.00 278.00 39.95
229.00 259.00 246.00 280.00 40.38
239.00 256.00 254.00 279.00 37.45
232.00 261.00 247.00 276.00 40.43
233.00 262.00 243.00 274.00 31.77
230.00 254.00 239.00 272.00 40.43
223.00 250.00 234.00 273.00 31.18
224.00 257.00 237.00 277.00 32.35
232.00 263.00 248.00 281.00 38.09
231.00 260.00 244.00 277.00 37.14
232.00 251.00 239.00 269.00 40.48
224.00 246.00 235.00 264.00 36.02
217.00 240.00 237.00 260.00 38.36
219.00 240.00 245.00 257.00 33.52
223.00 247.00 254.00 271.00 37.08
234.00 257.00 254.00 277.00 29.64
229.00 259.00 246.00 280.00 31.24
233.00 258.00 244.00 277.00 39.79
232.00 252.00 237.00 273.00 29.75
226.00 249.00 234.00 274.00 33.73
219.00 247.00 232.00 272.00 30.92
221.00 249.00 234.00 273.00 38.14
225.00 258.00 239.00 281.00 36.76
226.00 259.00 244.00 272.00 33.73
226.00 252.00 237.00 276.00 37.24
221.00 246.00 231.00 268.00 32.03
212.00 242.00 232.00 271.00 31.56
215.00 237.00 233.00 275.00 30.65
226.00 241.00 235.00 299.00 37.77
230.00 255.00 239.00 290.00 39.74
236.00 258.00 237.00 277.00 29.01
236.00 250.00 244.00 272.00 40.00
227.00 255.00 238.00 273.00 39.95
219.00 249.00 229.00 274.00 40.00
215.00 247.00 227.00 270.00 38.14
210.00 243.00 225.00 272.00 30.92
210.00 244.00 229.00 270.00 35.54
212.00 250.00 234.00 272.00 32.57
215.00 251.00 235.00 269.00 31.77
224.00 248.00 233.00 266.00 28.85
222.00 242.00 229.00 253.00 37.45
209.00 235.00 227.00 249.00 36.66
211.00 233.00 224.00 240.00 29.11
204.00 239.00 228.00 240.00 33.15
219.00 238.00 226.00 248.00 39.47
217.00 247.00 234.00 248.00 39.69
216.00 247.00 239.00 247.00 33.26
225.00 247.00 231.00 250.00 36.98
221.00 245.00 230.00 250.00 32.19
215.00 242.00 228.00 248.00 36.55
211.00 238.00 224.00 254.00 31.50
213.00 242.00 227.00 252.00 39.15
214.00 242.00 229.00 251.00 28.26
217.00 251.00 234.00 258.00 28.00
222.00 246.00 235.00 256.00 28.05
223.00 245.00 229.00 250.00 31.72
216.00 240.00 227.00 249.00 39.37
207.00 241.00 219.00 241.00 33.73
212.00 249.00 229.00 235.00 29.59
213.00 252.00 230.00 251.00 38.20
222.00 255.00 229.00 250.00 39.21
224.00 239.00 229.00 235.00 38.78
216.00 244.00 232.00 234.00 37.03
215.00 250.00 228.00 254.00 39.37
214.00 252.00 232.00 262.00 33.04
218.00 255.00 240.00 270.00 28.00
233.00 256.00 238.00 273.00 32.67
230.00 255.00 235.00 269.00 35.97
224.00 246.00 229.00 265.00 36.29
216.00 245.00 228.00 264.00 30.23
209.00 241.00 226.00 269.00 33.79
221.00 258.00 230.00 263.00 39.21
228.00 246.00 230.00 251.00 39.79
214.00 242.00 225.00 240.00 28.37
207.00 237.00 219.00 234.00 28.90
199.00 238.00 219.00 227.00 30.55
213.00 239.00 221.00 230.00 33.04
210.00 248.00 224.00 223.00 39.05
202.00 240.00 219.00 216.00 36.71
211.00 236.00 215.00 211.00 29.27
208.00 236.00 215.00 210.00 32.03
202.00 235.00 216.00 213.00 36.39
206.00 241.00 218.00 217.00 37.40
210.00 243.00 222.00 217.00 35.28
210.00 242.00 218.00 213.00 37.51
204.00 234.00 217.00 205.00 36.13
198.00 233.00 211.00 213.00 35.12
197.00 234.00 211.00 243.00 33.04
200.00 242.00 222.00 261.00 27.36
210.00 243.00 220.00 258.00 31.66
206.00 242.00 221.00 251.00 29.80
204.00 234.00 210.00 246.00 37.45
202.00 232.00 218.00 247.00 30.81
201.00 232.00 216.00 249.00 31.66
202.00 242.00 231.00 254.00 37.61
213.00 240.00 234.00 248.00 37.83
210.00 235.00 226.00 242.00 32.35
198.00 231.00 225.00 235.00 26.56
196.00 231.00 222.00 227.00 33.26
191.00 228.00 228.00 228.00 31.93
199.00 222.00 178.00 68.00 38.36
95.00 64.00 88.00 13.00 35.81
69.00 26.00 74.00 64.00 37.29

