147.00 19.00 211.00 194.00 27.63
146.00 21.00 210.00 196.00 32.19
149.00 25.00 210.00 198.00 34.05
154.00 32.00 261.00 207.00 31.34
170.00 46.00 270.00 232.00 27.78
260.00 142.00 284.00 289.00 25.55
296.00 317.00 279.00 279.00 27.57
277.00 333.00 308.00 269.00 36.92
292.00 324.00 297.00 279.00 27.89
289.00 320.00 298.00 283.00 31.93
299.00 337.00 309.00 303.00 34.00
309.00 347.00 330.00 328.00 34.21
309.00 349.00 333.00 346.00 30.92
316.00 360.00 351.00 342.00 37.45
315.00 358.00 337.00 313.00 38.14
308.00 361.00 342.00 314.00 31.56
311.00 345.00 343.00 320.00 37.61
302.00 336.00 329.00 308.00 32.25
292.00 323.00 297.00 297.00 41.17
282.00 320.00 296.00 294.00 32.99
279.00 309.00 295.00 263.00 32.94
280.00 299.00 290.00 272.00 39.21
276.00 301.00 288.00 257.00 39.79
259.00 301.00 285.00 249.00 34.58
251.00 281.00 288.00 233.00 41.01
243.00 273.00 273.00 239.00 39.47
237.00 294.00 262.00 233.00 34.43
227.00 281.00 258.00 232.00 32.94
217.00 272.00 254.00 235.00 38.20
215.00 270.00 247.00 235.00 39.10
215.00 251.00 245.00 235.00 32.78
206.00 241.00 236.00 232.00 35.22
208.00 237.00 236.00 230.00 33.63
209.00 233.00 233.00 229.00 37.77
208.00 232.00 228.00 215.00 27.68
201.00 220.00 225.00 235.00 33.84
203.00 223.00 228.00 238.00 36.39
205.00 222.00 226.00 229.00 38.30
204.00 217.00 225.00 228.00 31.03
204.00 217.00 221.00 224.00 26.93
199.00 214.00 220.00 237.00 35.01
198.00 211.00 217.00 237.00 32.30
195.00 210.00 216.00 244.00 29.54
197.00 211.00 215.00 239.00 30.60
198.00 208.00 215.00 237.00 34.80
199.00 207.00 213.00 232.00 35.59
199.00 206.00 215.00 233.00 32.14
204.00 208.00 216.00 240.00 27.68
205.00 207.00 215.00 243.00 28.10
205.00 206.00 217.00 214.00 29.17
209.00 207.00 218.00 230.00 24.70
204.00 205.00 215.00 214.00 34.05
207.00 205.00 215.00 220.00 30.12
211.00 206.00 227.00 226.00 32.14
225.00 210.00 261.00 226.00 30.02
248.00 218.00 276.00 228.00 36.87
239.00 274.00 270.00 231.00 29.54
224.00 275.00 261.00 239.00 36.76
221.00 259.00 260.00 240.00 37.35
227.00 249.00 260.00 239.00 39.74
235.00 254.00 261.00 264.00 38.73
239.00 249.00 261.00 263.00 35.01
235.00 251.00 258.00 266.00 31.88
222.00 245.00 254.00 258.00 38.14
220.00 245.00 246.00 263.00 40.00
216.00 231.00 237.00 250.00 32.46
215.00 228.00 240.00 259.00 40.80
213.00 221.00 227.00 252.00 34.80
212.00 221.00 238.00 239.00 40.75
210.00 221.00 226.00 256.00 39.42
207.00 220.00 224.00 265.00 35.91
205.00 215.00 221.00 270.00 35.81
226.00 222.00 223.00 279.00 34.21
212.00 226.00 232.00 257.00 33.89
221.00 217.00 237.00 264.00 35.28
227.00 228.00 244.00 260.00 40.85
231.00 236.00 245.00 284.00 38.62
232.00 226.00 247.00 267.00 41.70
226.00 226.00 235.00 253.00 40.80
206.00 233.00 237.00 262.00 38.09
219.00 227.00 232.00 266.00 41.60
213.00 214.00 233.00 256.00 34.58
202.00 216.00 230.00 261.00 38.94
214.00 224.00 233.00 229.00 35.12
209.00 210.00 223.00 249.00 37.35
207.00 215.00 231.00 251.00 42.08
203.00 217.00 220.00 252.00 40.11
212.00 212.00 231.00 273.00 40.11
222.00 229.00 245.00 278.00 34.80
223.00 241.00 241.00 279.00 35.38
230.00 240.00 247.00 273.00 36.29
226.00 231.00 240.00 266.00 39.26
219.00 224.00 232.00 267.00 37.19
219.00 221.00 226.00 269.00 36.23
224.00 218.00 230.00 242.00 40.11
216.00 220.00 235.00 230.00 34.58
215.00 242.00 238.00 285.00 36.02
223.00 228.00 241.00 276.00 37.72
214.00 219.00 230.00 257.00 36.39
213.00 232.00 220.00 245.00 42.02
202.00 226.00 225.00 250.00 37.29
207.00 220.00 222.00 263.00 41.65
216.00 232.00 229.00 262.00 36.44
220.00 249.00 242.00 271.00 41.17
220.00 223.00 231.00 222.00 40.69
211.00 220.00 221.00 236.00 38.94
213.00 215.00 227.00 227.00 41.81
209.00 217.00 223.00 197.00 35.43
226.00 211.00 212.00 201.00 38.14
207.00 210.00 209.00 205.00 35.86
218.00 220.00 223.00 201.00 41.92
212.00 232.00 215.00 202.00 39.26
217.00 230.00 220.00 207.00 36.71
204.00 233.00 217.00 192.00 40.85
202.00 238.00 216.00 180.00 35.75
208.00 236.00 221.00 208.00 41.49
211.00 228.00 219.00 221.00 41.81
204.00 219.00 203.00 211.00 41.92
201.00 214.00 216.00 187.00 35.75
216.00 222.00 211.00 183.00 39.47
213.00 216.00 192.00 213.00 33.42
201.00 221.00 200.00 224.00 34.48
218.00 239.00 218.00 218.00 33.10
220.00 236.00 214.00 220.00 33.89
202.00 227.00 214.00 210.00 34.21
202.00 236.00 212.00 210.00 37.08
192.00 224.00 207.00 206.00 34.85
215.00 221.00 203.00 210.00 32.62
205.00 231.00 210.00 229.00 37.88
223.00 231.00 216.00 230.00 33.26
223.00 247.00 220.00 222.00 39.79
221.00 232.00 221.00 215.00 40.75
205.00 230.00 210.00 216.00 40.16
224.00 229.00 205.00 208.00 37.77
208.00 218.00 210.00 202.00 32.51
196.00 235.00 217.00 215.00 32.35
215.00 227.00 223.00 219.00 34.37
219.00 238.00 218.00 218.00 32.51
232.00 236.00 222.00 219.00 37.14
219.00 228.00 220.00 213.00 34.32
224.00 227.00 210.00 210.00 31.98
209.00 218.00 206.00 205.00 39.10
218.00 210.00 207.00 201.00 31.77
212.00 216.00 202.00 204.00 36.13
200.00 220.00 204.00 202.00 41.01
206.00 214.00 202.00 209.00 41.12
189.00 218.00 196.00 202.00 31.18
190.00 224.00 194.00 203.00 41.01
196.00 227.00 197.00 207.00 37.61
197.00 222.00 202.00 199.00 40.69
195.00 219.00 199.00 195.00 35.12
190.00 217.00 197.00 197.00 30.65
187.00 211.00 192.00 193.00 33.36
193.00 216.00 191.00 193.00 34.53
195.00 215.00 192.00 192.00 37.24
192.00 213.00 191.00 191.00 30.71
191.00 211.00 193.00 191.00 38.84
192.00 210.00 191.00 190.00 37.88
188.00 209.00 191.00 188.00 31.40
189.00 210.00 188.00 191.00 34.74
190.00 208.00 187.00 185.00 35.97
187.00 209.00 187.00 183.00 34.16
188.00 208.00 185.00 186.00 34.43
185.00 206.00 191.00 187.00 35.54
187.00 204.00 188.00 185.00 36.39
184.00 191.00 191.00 186.00 34.48
184.00 189.00 189.00 184.00 29.38
182.00 188.00 191.00 185.00 39.15
180.00 186.00 189.00 183.00 31.29
182.00 185.00 190.00 186.00 28.74
181.00 188.00 187.00 189.00 29.64
184.00 187.00 190.00 185.00 32.30
193.00 198.00 191.00 191.00 34.53
194.00 205.00 193.00 193.00 28.58
195.00 203.00 197.00 186.00 37.61
195.00 204.00 195.00 189.00 35.12
193.00 201.00 199.00 202.00 37.40
189.00 202.00 190.00 192.00 34.21
192.00 197.00 191.00 188.00 39.21
186.00 193.00 188.00 184.00 27.78
187.00 190.00 183.00 176.00 31.72
188.00 190.00 180.00 177.00 31.18
187.00 191.00 182.00 176.00 28.63
184.00 189.00 190.00 182.00 28.16
186.00 195.00 193.00 183.00 31.88
192.00 196.00 200.00 186.00 31.34
191.00 194.00 193.00 183.00 27.78
189.00 191.00 189.00 180.00 30.97
186.00 188.00 188.00 176.00 35.01
187.00 193.00 187.00 177.00 30.23
186.00 190.00 189.00 176.00 38.20
185.00 192.00 190.00 176.00 38.57
185.00 193.00 187.00 175.00 38.41
185.00 192.00 183.00 175.00 26.88
186.00 189.00 179.00 171.00 35.97
188.00 188.00 181.00 175.00 37.56
185.00 188.00 185.00 179.00 37.14
188.00 190.00 189.00 177.00 37.93
187.00 190.00 187.00 180.00 33.31
190.00 191.00 184.00 175.00 37.99
191.00 192.00 180.00 175.00 28.53
194.00 193.00 190.00 177.00 38.57
190.00 196.00 196.00 184.00 33.73
192.00 189.00 194.00 177.00 38.62
194.00 191.00 186.00 175.00 35.81
190.00 188.00 179.00 170.00 36.02
189.00 182.00 169.00 169.00 29.38
190.00 188.00 167.00 168.00 27.20
192.00 194.00 173.00 171.00 33.84
188.00 192.00 183.00 174.00 32.67
186.00 190.00 186.00 171.00 33.36
187.00 190.00 184.00 170.00 38.57
186.00 187.00 185.00 170.00 36.18
185.00 185.00 188.00 171.00 27.04
182.00 184.00 187.00 173.00 36.82
184.00 185.00 184.00 172.00 32.30
185.00 183.00 179.00 171.00 37.83
183.00 182.00 178.00 174.00 32.25
187.00 184.00 188.00 179.00 32.88
184.00 187.00 183.00 175.00 25.66
190.00 191.00 174.00 174.00 38.30
186.00 185.00 173.00 168.00 28.79
188.00 186.00 167.00 169.00 37.29
188.00 186.00 176.00 170.00 36.18
189.00 189.00 176.00 171.00 36.44
187.00 186.00 165.00 166.00 29.54
187.00 188.00 177.00 170.00 37.83
188.00 185.00 183.00 169.00 35.06
184.00 182.00 182.00 167.00 37.67
181.00 178.00 183.00 168.00 30.87
181.00 175.00 185.00 169.00 33.04
179.00 172.00 189.00 168.00 28.05
180.00 172.00 181.00 167.00 26.51
183.00 169.00 174.00 165.00 36.60
177.00 165.00 162.00 164.00 37.35
174.00 162.00 151.00 109.00 25.45
121.00 80.00 77.00 95.00 32.35
79.00 80.00 74.00 97.00 31.77
25.00 61.00 31.00 40.00 30.55
35.00 59.00 25.00 41.00 30.28
11.00 57.00 14.00 41.00 31.18
22.00 55.00 14.00 42.00 33.89
16.00 54.00 12.00 41.00 35.49
20.00 50.00 11.00 43.00 38.30
11.00 50.00 14.00 42.00 37.24

