11.00 11.00 64.00 38.00 54.35
25.00 23.00 154.00 50.00 54.35
58.00 29.00 218.00 107.00 54.35
136.00 44.00 239.00 226.00 54.35
248.00 47.00 255.00 227.00 54.35
257.00 96.00 259.00 222.00 54.35
270.00 163.00 258.00 222.00 54.35
254.00 221.00 242.00 230.00 54.35
257.00 221.00 251.00 238.00 54.35
255.00 223.00 249.00 244.00 54.35
266.00 233.00 240.00 226.00 54.35
276.00 219.00 233.00 229.00 54.35
243.00 235.00 273.00 240.00 54.35
278.00 250.00 261.00 257.00 54.35
286.00 255.00 268.00 254.00 54.35
284.00 253.00 272.00 244.00 54.35
291.00 256.00 269.00 248.00 54.35
281.00 255.00 270.00 253.00 54.35
273.00 251.00 245.00 251.00 54.35
255.00 253.00 243.00 253.00 54.35
262.00 241.00 245.00 244.00 54.35
264.00 249.00 248.00 246.00 54.35
255.00 239.00 253.00 228.00 54.35
267.00 247.00 235.00 228.00 54.35
266.00 238.00 245.00 216.00 54.35
255.00 241.00 240.00 225.00 54.35
242.00 226.00 248.00 223.00 54.35
234.00 231.00 220.00 231.00 54.35
240.00 233.00 228.00 227.00 54.35
228.00 245.00 233.00 231.00 54.35
229.00 249.00 233.00 231.00 54.35
243.00 237.00 223.00 232.00 54.35
236.00 234.00 233.00 227.00 54.35
228.00 234.00 219.00 219.00 54.35
239.00 238.00 213.00 214.00 54.35
223.00 240.00 211.00 213.00 54.35
223.00 228.00 204.00 205.00 54.35
214.00 218.00 207.00 210.00 54.35
215.00 237.00 212.00 217.00 54.35
215.00 234.00 203.00 213.00 54.35
224.00 231.00 224.00 203.00 54.35
222.00 248.00 213.00 203.00 54.35
245.00 232.00 233.00 236.00 54.35
250.00 252.00 233.00 230.00 54.35
224.00 236.00 228.00 234.00 54.35
229.00 230.00 222.00 232.00 54.35
226.00 228.00 218.00 191.00 54.35
233.00 243.00 212.00 226.00 54.35
227.00 230.00 217.00 220.00 54.35
224.00 216.00 216.00 223.00 54.35
237.00 226.00 233.00 213.00 54.35
226.00 232.00 223.00 218.00 54.35
221.00 235.00 229.00 226.00 54.35
238.00 231.00 231.00 229.00 54.35
225.00 232.00 233.00 229.00 54.35
233.00 239.00 236.00 218.00 54.35
221.00 225.00 229.00 223.00 54.35
222.00 222.00 220.00 221.00 54.35
215.00 222.00 218.00 213.00 54.35
213.00 213.00 214.00 209.00 54.35
216.00 217.00 213.00 205.00 54.35
212.00 210.00 210.00 199.00 54.35
232.00 220.00 219.00 222.00 54.35
237.00 243.00 221.00 220.00 54.35
226.00 234.00 223.00 223.00 54.35
240.00 245.00 233.00 213.00 54.35
245.00 242.00 215.00 213.00 54.35
240.00 225.00 222.00 214.00 54.35
240.00 241.00 229.00 207.00 54.35
233.00 227.00 218.00 217.00 53.55
231.00 242.00 219.00 209.00 54.35
223.00 235.00 216.00 209.00 54.35
223.00 223.00 214.00 216.00 54.35
220.00 230.00 217.00 205.00 54.35
216.00 228.00 220.00 214.00 54.35
229.00 229.00 230.00 214.00 54.35
235.00 240.00 226.00 226.00 54.35
235.00 231.00 218.00 239.00 54.35
231.00 260.00 234.00 217.00 54.35
239.00 250.00 224.00 227.00 54.35
238.00 250.00 224.00 229.00 54.35
226.00 239.00 236.00 223.00 54.35
242.00 248.00 223.00 230.00 54.35
229.00 240.00 229.00 232.00 54.35
228.00 227.00 211.00 211.00 54.35
234.00 232.00 227.00 218.00 51.69
238.00 228.00 227.00 206.00 54.35
230.00 220.00 206.00 220.00 54.35
249.00 213.00 218.00 214.00 54.35
247.00 231.00 215.00 218.00 54.35
246.00 243.00 226.00 214.00 54.35
241.00 244.00 217.00 203.00 54.35
247.00 253.00 236.00 228.00 54.35
249.00 246.00 228.00 228.00 54.35
251.00 245.00 251.00 234.00 54.35
230.00 259.00 231.00 215.00 46.27
227.00 224.00 218.00 226.00 54.35
229.00 237.00 224.00 229.00 44.04
232.00 233.00 228.00 210.00 43.51
226.00 247.00 220.00 225.00 42.34
233.00 263.00 223.00 225.00 41.92
231.00 267.00 232.00 226.00 41.07
244.00 265.00 232.00 239.00 38.99
244.00 261.00 230.00 231.00 40.91
233.00 257.00 228.00 228.00 40.22
239.00 238.00 227.00 228.00 49.41
237.00 253.00 223.00 222.00 40.69
232.00 237.00 213.00 221.00 54.35
236.00 226.00 218.00 222.00 44.52
229.00 233.00 215.00 233.00 39.53
247.00 240.00 231.00 226.00 54.35
247.00 241.00 227.00 231.00 39.74
248.00 256.00 226.00 234.00 39.26
253.00 262.00 221.00 227.00 39.15
250.00 254.00 221.00 223.00 38.73
239.00 237.00 229.00 209.00 39.63
242.00 245.00 200.00 197.00 38.30
235.00 220.00 205.00 221.00 38.94
236.00 229.00 220.00 227.00 38.36
250.00 236.00 226.00 238.00 37.99
249.00 236.00 224.00 234.00 37.99
237.00 230.00 222.00 234.00 38.25
233.00 258.00 236.00 236.00 38.62
242.00 261.00 226.00 233.00 54.35
238.00 260.00 227.00 232.00 54.35
247.00 264.00 229.00 257.00 54.35
241.00 248.00 232.00 222.00 54.35
240.00 251.00 240.00 237.00 54.35
243.00 265.00 241.00 235.00 42.13
257.00 252.00 238.00 231.00 39.15
246.00 254.00 237.00 230.00 38.41
238.00 249.00 237.00 227.00 38.41
240.00 256.00 237.00 230.00 38.04
235.00 246.00 227.00 224.00 38.30
241.00 248.00 194.00 220.00 38.30
244.00 240.00 192.00 216.00 38.36
251.00 233.00 189.00 213.00 37.83
210.00 239.00 174.00 216.00 41.60
184.00 173.00 166.00 206.00 38.57
173.00 171.00 126.00 196.00 38.89
164.00 188.00 92.00 196.00 37.77
164.00 185.00 88.00 191.00 54.35
164.00 191.00 87.00 193.00 44.15
166.00 191.00 83.00 187.00 40.64
177.00 202.00 99.00 175.00 54.35
219.00 189.00 109.00 173.00 38.94
231.00 196.00 92.00 178.00 54.35
231.00 200.00 111.00 174.00 36.87
216.00 208.00 106.00 184.00 37.19
215.00 208.00 93.00 190.00 54.35
220.00 201.00 94.00 179.00 36.76
217.00 189.00 92.00 183.00 36.87
220.00 183.00 99.00 195.00 36.87
237.00 201.00 91.00 190.00 36.71
225.00 217.00 87.00 187.00 36.82
205.00 202.00 65.00 191.00 37.61
229.00 200.00 76.00 196.00 54.35
227.00 200.00 85.00 187.00 54.35
218.00 195.00 101.00 182.00 54.35
203.00 190.00 99.00 191.00 36.50
201.00 183.00 96.00 177.00 54.35
190.00 179.00 126.00 184.00 43.67
207.00 191.00 129.00 191.00 54.35
195.00 185.00 123.00 192.00 54.35
214.00 187.00 136.00 188.00 54.35
205.00 181.00 141.00 176.00 54.35
193.00 191.00 120.00 157.00 54.35
191.00 189.00 98.00 166.00 54.35
195.00 192.00 99.00 170.00 54.35
206.00 186.00 104.00 169.00 54.35
183.00 191.00 90.00 171.00 54.35
173.00 183.00 81.00 183.00 54.35
212.00 193.00 70.00 191.00 54.35
214.00 197.00 80.00 178.00 54.35
215.00 195.00 87.00 169.00 54.35
218.00 193.00 90.00 181.00 54.35
215.00 193.00 99.00 192.00 54.35
215.00 178.00 87.00 182.00 54.35
191.00 200.00 90.00 188.00 54.35
194.00 197.00 78.00 199.00 41.39
209.00 180.00 87.00 200.00 54.35
196.00 201.00 109.00 219.00 54.35
219.00 215.00 149.00 216.00 54.35
220.00 201.00 188.00 223.00 54.35
200.00 203.00 186.00 232.00 54.35
220.00 205.00 179.00 227.00 54.35
208.00 214.00 188.00 229.00 54.35
208.00 203.00 167.00 222.00 54.35
206.00 211.00 178.00 225.00 54.35
208.00 211.00 174.00 228.00 54.35
215.00 207.00 169.00 224.00 54.35
205.00 210.00 176.00 218.00 54.35
197.00 200.00 176.00 223.00 54.35
190.00 191.00 179.00 221.00 54.35
186.00 194.00 162.00 212.00 54.35
207.00 190.00 166.00 213.00 54.35
181.00 185.00 170.00 201.00 54.35
189.00 178.00 159.00 197.00 54.35
193.00 171.00 151.00 177.00 54.35
192.00 174.00 138.00 176.00 54.35
173.00 182.00 128.00 183.00 54.35
169.00 170.00 133.00 185.00 54.35
170.00 171.00 115.00 183.00 54.35
167.00 168.00 110.00 182.00 54.35
170.00 168.00 80.00 184.00 54.35
172.00 168.00 56.00 179.00 54.35
168.00 172.00 63.00 185.00 54.35
170.00 171.00 74.00 171.00 54.35
181.00 185.00 48.00 184.00 54.35
184.00 180.00 55.00 188.00 54.35
181.00 164.00 53.00 186.00 54.35
181.00 165.00 52.00 180.00 54.35
181.00 164.00 50.00 179.00 54.35
170.00 167.00 69.00 174.00 54.35
176.00 175.00 70.00 186.00 54.35
174.00 169.00 83.00 174.00 54.35
169.00 175.00 93.00 182.00 54.35
164.00 174.00 97.00 196.00 54.35
168.00 174.00 92.00 184.00 54.35
173.00 174.00 70.00 203.00 54.35
169.00 176.00 61.00 187.00 54.35
171.00 169.00 40.00 186.00 54.35
167.00 169.00 35.00 185.00 54.35
164.00 172.00 32.00 183.00 54.35
159.00 162.00 33.00 185.00 54.35
154.00 162.00 27.00 181.00 54.35
153.00 159.00 24.00 192.00 54.35
150.00 160.00 23.00 181.00 54.35
153.00 161.00 25.00 183.00 54.35
160.00 165.00 24.00 189.00 54.35
159.00 168.00 26.00 189.00 54.35
160.00 165.00 26.00 183.00 54.35
156.00 160.00 26.00 177.00 54.35
155.00 156.00 27.00 171.00 54.35
149.00 158.00 21.00 170.00 54.35
148.00 159.00 23.00 169.00 54.35
149.00 156.00 23.00 172.00 54.35
143.00 155.00 21.00 170.00 54.35
144.00 157.00 21.00 181.00 54.35
148.00 160.00 22.00 183.00 54.35
153.00 162.00 21.00 179.00 54.35
151.00 162.00 26.00 184.00 54.35
152.00 162.00 24.00 181.00 54.35
150.00 159.00 24.00 182.00 54.35
145.00 156.00 26.00 179.00 54.35
147.00 157.00 22.00 179.00 54.35
148.00 156.00 21.00 180.00 54.35
154.00 155.00 21.00 180.00 54.35
154.00 158.00 21.00 184.00 54.35
153.00 161.00 25.00 182.00 54.35
151.00 161.00 28.00 185.00 54.35
147.00 156.00 24.00 182.00 54.35
147.00 157.00 25.00 177.00 54.35
145.00 155.00 21.00 181.00 54.35
146.00 156.00 19.00 178.00 54.35
144.00 155.00 18.00 175.00 54.35
143.00 156.00 21.00 178.00 54.35
148.00 158.00 20.00 180.00 54.35
158.00 162.00 21.00 178.00 54.35
168.00 164.00 23.00 182.00 54.35
175.00 163.00 23.00 180.00 54.35
190.00 160.00 24.00 181.00 54.35
180.00 162.00 21.00 175.00 54.35
161.00 160.00 20.00 174.00 54.35
154.00 160.00 19.00 175.00 54.35
150.00 158.00 18.00 172.00 54.35
151.00 160.00 19.00 175.00 54.35
152.00 161.00 18.00 178.00 54.35
151.00 159.00 21.00 173.00 54.35
151.00 158.00 20.00 168.00 54.35
147.00 157.00 24.00 164.00 54.35
141.00 140.00 21.00 19.00 54.35
59.00 20.00 25.00 6.00 54.35
36.00 12.00 17.00 6.00 54.35
41.00 4.00 16.00 3.00 54.35
31.00 11.00 4.00 0.00 54.35
9.00 16.00 0.00 0.00 54.35
5.00 11.00 10.00 0.00 54.35
3.00 13.00 8.00 0.00 54.35
2.00 13.00 5.00 0.00 54.35
2.00 7.00 7.00 0.00 54.35
1.00 10.00 6.00 0.00 54.35
0.00 11.00 3.00 0.00 54.35
0.00 10.00 3.00 0.00 54.35
1.00 12.00 4.00 0.00 54.35
