15.00 16.00 20.00 51.00 20.45
23.00 19.00 21.00 53.00 21.30
28.00 21.00 23.00 59.00 23.53
40.00 22.00 26.00 65.00 32.62
59.00 23.00 25.00 71.00 20.61
71.00 27.00 30.00 77.00 20.93
94.00 29.00 31.00 89.00 30.65
121.00 29.00 32.00 114.00 27.52
141.00 31.00 33.00 141.00 25.82
161.00 32.00 34.00 161.00 34.43
177.00 48.00 33.00 176.00 34.74
192.00 43.00 36.00 184.00 34.21
224.00 44.00 49.00 220.00 23.59
228.00 49.00 47.00 236.00 31.50
234.00 54.00 49.00 243.00 34.48
227.00 72.00 47.00 260.00 31.56
236.00 98.00 48.00 277.00 26.03
239.00 115.00 50.00 294.00 33.36
233.00 138.00 49.00 292.00 25.34
228.00 147.00 57.00 297.00 37.08
251.00 158.00 46.00 316.00 26.14
255.00 154.00 56.00 307.00 27.57
229.00 159.00 89.00 305.00 28.37
219.00 164.00 149.00 306.00 38.14
232.00 176.00 204.00 306.00 27.52
240.00 179.00 256.00 315.00 29.54
241.00 181.00 298.00 309.00 33.63
244.00 186.00 307.00 311.00 33.10
235.00 200.00 309.00 309.00 30.55
242.00 209.00 303.00 314.00 38.20
227.00 231.00 296.00 303.00 36.23
233.00 274.00 295.00 313.00 27.57
240.00 296.00 298.00 312.00 29.59
244.00 336.00 302.00 313.00 36.34
236.00 336.00 301.00 306.00 28.63
241.00 333.00 294.00 314.00 32.62
234.00 325.00 290.00 305.00 34.16
230.00 325.00 286.00 302.00 35.65
229.00 317.00 276.00 299.00 33.63
230.00 309.00 276.00 301.00 38.78
235.00 306.00 270.00 286.00 39.42
228.00 296.00 266.00 288.00 33.95
223.00 292.00 270.00 287.00 35.49
223.00 291.00 262.00 288.00 32.57
221.00 281.00 261.00 281.00 40.32
219.00 281.00 258.00 282.00 39.79
218.00 275.00 255.00 283.00 32.62
217.00 273.00 252.00 277.00 35.54
216.00 270.00 252.00 266.00 32.19
209.00 269.00 247.00 273.00 34.37
212.00 262.00 244.00 271.00 39.21
216.00 263.00 243.00 256.00 40.22
232.00 266.00 240.00 256.00 40.11
220.00 264.00 237.00 254.00 40.06
219.00 262.00 236.00 266.00 31.98
215.00 263.00 235.00 266.00 34.90
213.00 268.00 238.00 262.00 39.69
221.00 264.00 237.00 270.00 40.75
214.00 258.00 233.00 265.00 41.01
217.00 265.00 233.00 266.00 33.26
212.00 267.00 235.00 266.00 40.96
222.00 268.00 237.00 267.00 41.01
217.00 263.00 238.00 265.00 34.85
223.00 264.00 235.00 264.00 37.19
218.00 263.00 235.00 269.00 38.94
225.00 277.00 240.00 266.00 39.15
210.00 275.00 250.00 276.00 41.12
211.00 277.00 252.00 270.00 37.72
220.00 277.00 250.00 269.00 40.69
226.00 272.00 245.00 262.00 39.37
229.00 266.00 245.00 248.00 37.93
221.00 267.00 244.00 241.00 38.57
222.00 262.00 242.00 262.00 39.47
209.00 259.00 233.00 249.00 35.38
186.00 259.00 236.00 232.00 35.49
217.00 264.00 241.00 247.00 40.80
212.00 270.00 240.00 271.00 35.01
226.00 269.00 241.00 268.00 32.51
209.00 269.00 240.00 268.00 32.46
221.00 269.00 247.00 252.00 40.85
222.00 281.00 252.00 270.00 36.60
233.00 287.00 259.00 282.00 36.71
225.00 285.00 251.00 267.00 38.36
220.00 280.00 247.00 267.00 34.90
228.00 282.00 245.00 272.00 41.28
230.00 280.00 247.00 239.00 40.59
229.00 279.00 246.00 273.00 37.19
230.00 277.00 243.00 248.00 34.21
230.00 276.00 246.00 274.00 36.18
227.00 279.00 244.00 281.00 40.85
230.00 278.00 244.00 268.00 35.65
231.00 282.00 243.00 273.00 41.39
225.00 283.00 244.00 248.00 35.28
229.00 282.00 244.00 266.00 41.28
226.00 271.00 244.00 274.00 37.88
225.00 272.00 243.00 262.00 34.96
223.00 273.00 239.00 271.00 40.32
221.00 275.00 235.00 291.00 39.37
227.00 274.00 235.00 271.00 39.15
222.00 276.00 234.00 257.00 41.23
216.00 270.00 235.00 272.00 35.22
228.00 272.00 235.00 266.00 36.82
206.00 273.00 232.00 252.00 37.99
205.00 272.00 234.00 264.00 35.54
214.00 280.00 236.00 269.00 38.14
205.00 277.00 235.00 272.00 39.79
206.00 275.00 232.00 262.00 40.32
207.00 276.00 238.00 266.00 40.91
204.00 282.00 234.00 281.00 37.19
198.00 275.00 232.00 265.00 36.29
200.00 273.00 234.00 261.00 39.37
206.00 267.00 231.00 273.00 41.33
188.00 267.00 227.00 264.00 33.52
206.00 266.00 238.00 278.00 32.62
215.00 270.00 241.00 277.00 36.13
204.00 268.00 238.00 264.00 40.75
210.00 275.00 245.00 258.00 32.88
236.00 273.00 243.00 280.00 38.84
210.00 266.00 253.00 276.00 36.76
220.00 286.00 259.00 297.00 34.11
229.00 273.00 259.00 302.00 41.39
218.00 288.00 251.00 305.00 40.27
225.00 287.00 270.00 300.00 37.99
215.00 284.00 265.00 276.00 33.73
208.00 291.00 275.00 301.00 39.31
219.00 288.00 267.00 311.00 38.14
204.00 288.00 253.00 301.00 41.28
219.00 272.00 263.00 306.00 41.33
220.00 286.00 265.00 307.00 33.20
220.00 289.00 271.00 300.00 34.21
216.00 289.00 261.00 293.00 41.23
201.00 285.00 255.00 272.00 38.30
203.00 290.00 255.00 271.00 38.94
214.00 274.00 254.00 268.00 41.23
216.00 286.00 251.00 261.00 41.01
218.00 285.00 255.00 254.00 41.33
213.00 284.00 249.00 253.00 35.81
219.00 276.00 243.00 250.00 38.99
214.00 279.00 241.00 240.00 35.86
222.00 289.00 255.00 252.00 36.87
228.00 285.00 260.00 260.00 37.61
232.00 287.00 257.00 248.00 31.98
235.00 290.00 256.00 252.00 32.88
237.00 294.00 260.00 258.00 32.67
233.00 303.00 263.00 251.00 35.54
231.00 310.00 270.00 262.00 38.20
242.00 308.00 269.00 265.00 34.43
240.00 296.00 271.00 256.00 39.21
245.00 305.00 269.00 255.00 40.22
243.00 306.00 274.00 266.00 34.64
237.00 306.00 273.00 258.00 32.67
230.00 303.00 264.00 258.00 38.25
235.00 309.00 269.00 244.00 32.99
236.00 308.00 261.00 256.00 35.81
232.00 309.00 265.00 258.00 35.91
234.00 302.00 264.00 252.00 36.39
233.00 312.00 266.00 252.00 38.25
230.00 316.00 258.00 228.00 31.34
231.00 312.00 245.00 234.00 39.31
223.00 315.00 256.00 224.00 40.96
230.00 315.00 267.00 234.00 35.75
214.00 317.00 267.00 245.00 39.84
225.00 317.00 263.00 262.00 39.79
228.00 321.00 267.00 260.00 36.55
223.00 318.00 269.00 246.00 34.58
225.00 329.00 267.00 257.00 32.73
228.00 329.00 268.00 251.00 41.17
227.00 327.00 269.00 249.00 33.58
218.00 326.00 269.00 254.00 33.04
218.00 327.00 267.00 258.00 41.07
214.00 331.00 259.00 226.00 40.64
211.00 300.00 270.00 258.00 33.73
221.00 327.00 268.00 256.00 40.85
229.00 341.00 269.00 249.00 38.20
218.00 350.00 274.00 260.00 32.03
248.00 350.00 269.00 256.00 40.96
237.00 347.00 270.00 238.00 33.89
240.00 351.00 278.00 256.00 32.57
233.00 344.00 276.00 235.00 40.75
258.00 344.00 271.00 253.00 34.85
240.00 314.00 254.00 213.00 34.90
213.00 244.00 262.00 222.00 39.26
224.00 252.00 260.00 245.00 36.39
216.00 261.00 258.00 240.00 38.41
213.00 277.00 259.00 235.00 38.36
209.00 268.00 264.00 240.00 37.08
217.00 263.00 266.00 247.00 36.07
216.00 260.00 271.00 238.00 37.45
223.00 254.00 280.00 256.00 40.80
222.00 256.00 282.00 243.00 31.93
218.00 257.00 277.00 256.00 38.46
219.00 253.00 279.00 265.00 39.95
220.00 259.00 279.00 257.00 33.63
234.00 264.00 279.00 252.00 32.09
213.00 270.00 279.00 253.00 40.80
203.00 271.00 279.00 242.00 41.07
199.00 269.00 274.00 252.00 38.20
199.00 275.00 270.00 249.00 37.93
205.00 314.00 280.00 249.00 35.12
213.00 314.00 275.00 252.00 31.56
219.00 310.00 275.00 257.00 37.40
220.00 304.00 276.00 258.00 39.37
221.00 299.00 274.00 266.00 38.57
217.00 301.00 272.00 253.00 40.27
241.00 298.00 272.00 248.00 37.40
235.00 304.00 276.00 263.00 38.36
221.00 302.00 273.00 261.00 37.29
226.00 295.00 270.00 247.00 34.80
222.00 286.00 265.00 244.00 34.69
216.00 282.00 263.00 235.00 41.07
215.00 280.00 264.00 233.00 40.69
207.00 278.00 262.00 234.00 40.59
207.00 279.00 259.00 233.00 39.37
208.00 277.00 253.00 232.00 30.28
208.00 272.00 251.00 228.00 40.80
212.00 277.00 245.00 226.00 32.94
215.00 276.00 245.00 225.00 33.58
223.00 273.00 250.00 229.00 34.74
244.00 273.00 253.00 231.00 35.65
250.00 283.00 253.00 231.00 32.46
253.00 279.00 256.00 231.00 36.13
266.00 278.00 261.00 234.00 37.40
247.00 271.00 261.00 236.00 34.05
243.00 258.00 257.00 236.00 32.03
236.00 248.00 254.00 233.00 33.84
232.00 243.00 250.00 230.00 36.29
235.00 241.00 247.00 229.00 38.57
225.00 240.00 244.00 225.00 30.49
236.00 250.00 244.00 223.00 35.59
213.00 269.00 244.00 222.00 40.00
221.00 276.00 244.00 224.00 29.01
221.00 269.00 244.00 230.00 30.39
222.00 261.00 240.00 238.00 34.43
241.00 273.00 235.00 225.00 34.00
241.00 276.00 239.00 222.00 39.10
239.00 282.00 235.00 226.00 31.72
235.00 283.00 237.00 237.00 38.30
255.00 276.00 241.00 234.00 30.55
238.00 277.00 242.00 227.00 36.92
243.00 272.00 242.00 229.00 35.01
227.00 278.00 241.00 229.00 37.29
235.00 263.00 252.00 241.00 32.94
230.00 261.00 259.00 241.00 31.24
241.00 266.00 259.00 248.00 29.80
237.00 265.00 256.00 243.00 29.59
238.00 263.00 249.00 244.00 35.12
240.00 262.00 248.00 242.00 31.50
215.00 258.00 246.00 242.00 28.10
219.00 249.00 244.00 243.00 31.34
233.00 251.00 244.00 239.00 28.37
233.00 273.00 244.00 236.00 31.93
237.00 271.00 240.00 235.00 32.30
238.00 276.00 240.00 237.00 39.15
235.00 273.00 243.00 236.00 34.90
226.00 268.00 249.00 241.00 36.50
235.00 262.00 254.00 243.00 39.10
235.00 267.00 257.00 255.00 36.44
230.00 266.00 255.00 244.00 34.37
232.00 260.00 254.00 248.00 31.08
227.00 265.00 255.00 242.00 33.36
229.00 266.00 253.00 246.00 39.05
220.00 264.00 250.00 240.00 28.74
214.00 264.00 245.00 233.00 30.92
214.00 262.00 227.00 232.00 36.02
208.00 260.00 226.00 232.00 27.52
206.00 254.00 235.00 230.00 33.52
206.00 247.00 248.00 241.00 38.14
204.00 256.00 252.00 239.00 31.45
207.00 268.00 254.00 237.00 36.07
206.00 271.00 248.00 238.00 28.48
195.00 268.00 243.00 232.00 38.14
195.00 265.00 241.00 231.00 37.99
193.00 267.00 243.00 231.00 31.03
192.00 265.00 248.00 232.00 26.40
190.00 263.00 244.00 235.00 33.52
189.00 263.00 242.00 230.00 34.21
188.00 261.00 243.00 230.00 29.06
184.00 253.00 235.00 224.00 32.73
178.00 249.00 226.00 217.00 37.40
162.00 154.00 58.00 21.00 36.66

