12.00 11.00 34.00 16.00 20.03
15.00 14.00 38.00 19.00 29.54
19.00 16.00 51.00 20.00 25.93
19.00 16.00 53.00 21.00 22.68
25.00 18.00 47.00 28.00 29.17
28.00 24.00 60.00 47.00 20.40
75.00 31.00 75.00 116.00 27.63
128.00 51.00 99.00 170.00 21.89
188.00 54.00 103.00 218.00 22.31
205.00 64.00 111.00 289.00 33.47
249.00 65.00 116.00 298.00 21.94
280.00 62.00 123.00 307.00 22.79
294.00 73.00 124.00 313.00 27.15
298.00 78.00 139.00 315.00 31.18
299.00 75.00 146.00 316.00 36.44
303.00 85.00 167.00 333.00 27.25
314.00 87.00 175.00 330.00 25.18
311.00 91.00 181.00 327.00 37.61
304.00 101.00 188.00 323.00 30.07
303.00 120.00 192.00 315.00 35.01
299.00 110.00 200.00 309.00 26.19
294.00 115.00 203.00 319.00 31.08
288.00 121.00 232.00 328.00 37.67
298.00 130.00 243.00 323.00 27.57
294.00 153.00 238.00 311.00 31.13
280.00 144.00 237.00 300.00 38.30
284.00 156.00 232.00 300.00 29.01
281.00 170.00 238.00 305.00 34.85
289.00 172.00 248.00 318.00 30.92
292.00 192.00 248.00 312.00 39.69
289.00 195.00 244.00 302.00 37.67
283.00 198.00 231.00 286.00 33.63
268.00 197.00 236.00 287.00 31.56
268.00 211.00 234.00 289.00 40.43
274.00 226.00 241.00 289.00 32.73
259.00 219.00 237.00 300.00 34.05
277.00 265.00 245.00 299.00 40.85
274.00 274.00 243.00 297.00 34.58
268.00 274.00 251.00 286.00 32.41
269.00 274.00 239.00 285.00 34.00
271.00 257.00 243.00 291.00 37.72
268.00 254.00 237.00 289.00 40.06
263.00 249.00 231.00 285.00 34.80
260.00 249.00 236.00 286.00 32.03
264.00 256.00 239.00 289.00 40.59
272.00 264.00 248.00 300.00 34.37
275.00 263.00 244.00 297.00 32.51
269.00 267.00 243.00 292.00 38.68
274.00 241.00 243.00 288.00 32.99
266.00 266.00 236.00 287.00 39.26
270.00 260.00 235.00 285.00 36.34
269.00 257.00 234.00 283.00 34.48
280.00 259.00 229.00 283.00 40.75
280.00 247.00 239.00 290.00 37.77
293.00 285.00 252.00 295.00 38.62
291.00 283.00 255.00 297.00 41.01
283.00 272.00 255.00 291.00 38.52
279.00 281.00 256.00 294.00 34.48
278.00 266.00 248.00 281.00 41.86
267.00 254.00 256.00 284.00 34.32
277.00 248.00 252.00 283.00 41.86
275.00 248.00 256.00 287.00 35.97
265.00 255.00 252.00 287.00 33.68
263.00 265.00 248.00 284.00 40.69
269.00 256.00 251.00 289.00 37.14
289.00 280.00 260.00 288.00 33.95
276.00 252.00 247.00 289.00 33.79
275.00 256.00 253.00 292.00 40.64
294.00 269.00 263.00 306.00 36.92
298.00 273.00 268.00 293.00 39.42
291.00 265.00 267.00 280.00 33.95
293.00 251.00 261.00 287.00 37.88
288.00 257.00 268.00 286.00 41.81
287.00 249.00 271.00 288.00 37.72
282.00 249.00 273.00 303.00 34.11
283.00 242.00 266.00 303.00 41.17
290.00 244.00 252.00 297.00 40.69
284.00 250.00 257.00 290.00 37.29
299.00 260.00 248.00 290.00 34.11
263.00 245.00 254.00 293.00 34.11
273.00 235.00 250.00 293.00 34.64
277.00 250.00 242.00 288.00 35.12
287.00 260.00 251.00 308.00 36.29
302.00 276.00 270.00 313.00 41.49
305.00 263.00 275.00 311.00 34.37
291.00 256.00 267.00 308.00 36.29
293.00 266.00 266.00 306.00 36.18
280.00 262.00 260.00 300.00 40.06
288.00 256.00 253.00 298.00 42.13
278.00 246.00 243.00 298.00 41.60
274.00 247.00 244.00 300.00 40.06
299.00 263.00 269.00 314.00 39.47
302.00 275.00 262.00 315.00 35.01
303.00 256.00 264.00 304.00 41.01
295.00 246.00 260.00 296.00 41.23
287.00 255.00 252.00 304.00 34.37
294.00 266.00 252.00 305.00 38.89
276.00 258.00 246.00 304.00 40.11
286.00 247.00 247.00 309.00 40.85
301.00 278.00 267.00 322.00 39.10
315.00 261.00 278.00 317.00 34.48
303.00 256.00 266.00 311.00 35.91
299.00 249.00 265.00 315.00 41.07
285.00 256.00 265.00 311.00 35.70
295.00 251.00 250.00 306.00 41.65
296.00 246.00 231.00 299.00 41.23
299.00 245.00 255.00 312.00 36.55
295.00 258.00 259.00 313.00 42.08
297.00 267.00 260.00 326.00 37.19
311.00 263.00 262.00 324.00 41.28
312.00 275.00 269.00 321.00 41.70
298.00 281.00 269.00 321.00 39.31
294.00 265.00 268.00 306.00 34.80
288.00 255.00 259.00 302.00 37.51
286.00 268.00 257.00 304.00 40.38
291.00 263.00 274.00 316.00 38.25
309.00 290.00 278.00 312.00 42.29
305.00 275.00 281.00 302.00 39.21
302.00 258.00 259.00 279.00 42.08
296.00 266.00 263.00 283.00 39.42
295.00 266.00 273.00 309.00 34.85
308.00 293.00 278.00 310.00 41.86
292.00 286.00 267.00 299.00 35.12
308.00 266.00 255.00 299.00 37.24
299.00 255.00 249.00 297.00 38.30
298.00 264.00 244.00 300.00 34.69
303.00 257.00 255.00 306.00 40.69
300.00 253.00 271.00 311.00 34.64
311.00 248.00 265.00 298.00 41.92
299.00 270.00 265.00 303.00 42.29
297.00 255.00 242.00 293.00 37.08
299.00 275.00 253.00 309.00 38.25
296.00 260.00 253.00 306.00 38.62
309.00 275.00 273.00 320.00 42.18
306.00 260.00 268.00 264.00 38.20
254.00 299.00 279.00 293.00 34.64
301.00 257.00 257.00 303.00 39.69
296.00 244.00 249.00 288.00 35.43
294.00 270.00 256.00 292.00 41.97
302.00 261.00 256.00 303.00 41.92
303.00 274.00 263.00 305.00 37.40
293.00 268.00 273.00 311.00 40.00
306.00 290.00 267.00 318.00 37.56
315.00 283.00 264.00 327.00 36.02
309.00 268.00 269.00 318.00 40.43
304.00 269.00 261.00 313.00 41.17
304.00 270.00 267.00 304.00 42.24
292.00 254.00 261.00 271.00 42.29
275.00 245.00 264.00 290.00 39.74
303.00 282.00 260.00 299.00 41.07
288.00 288.00 260.00 300.00 37.67
274.00 285.00 268.00 309.00 41.07
294.00 297.00 264.00 313.00 42.18
294.00 268.00 271.00 273.00 35.65
289.00 257.00 266.00 315.00 40.06
314.00 258.00 248.00 308.00 34.85
298.00 254.00 249.00 303.00 40.91
288.00 255.00 262.00 294.00 35.97
303.00 267.00 267.00 296.00 40.80
303.00 277.00 275.00 312.00 37.88
310.00 283.00 276.00 312.00 41.44
296.00 279.00 267.00 310.00 42.08
303.00 269.00 274.00 308.00 34.90
297.00 278.00 271.00 309.00 40.91
289.00 270.00 245.00 304.00 40.11
296.00 274.00 269.00 313.00 40.64
296.00 276.00 263.00 307.00 40.96
295.00 267.00 257.00 303.00 38.57
289.00 284.00 268.00 296.00 35.33
300.00 273.00 271.00 292.00 39.58
294.00 253.00 280.00 289.00 35.33
285.00 267.00 258.00 292.00 34.58
292.00 255.00 245.00 293.00 42.29
295.00 280.00 267.00 298.00 39.53
301.00 275.00 266.00 315.00 39.42
287.00 271.00 275.00 307.00 37.77
298.00 271.00 278.00 297.00 37.29
282.00 270.00 261.00 284.00 42.29
292.00 271.00 249.00 288.00 34.96
303.00 272.00 268.00 293.00 35.33
292.00 269.00 275.00 297.00 38.14
277.00 266.00 254.00 298.00 39.69
273.00 275.00 259.00 279.00 42.08
286.00 272.00 261.00 287.00 37.99
278.00 256.00 251.00 288.00 42.34
276.00 264.00 239.00 288.00 36.60
293.00 263.00 241.00 299.00 36.60
293.00 264.00 258.00 285.00 39.63
289.00 275.00 282.00 296.00 35.38
283.00 275.00 278.00 291.00 41.23
292.00 276.00 281.00 306.00 42.13
284.00 282.00 273.00 298.00 36.18
298.00 270.00 277.00 307.00 41.33
297.00 281.00 254.00 288.00 36.71
274.00 270.00 244.00 284.00 36.44
273.00 273.00 253.00 294.00 38.89
270.00 267.00 269.00 289.00 38.94
275.00 264.00 245.00 283.00 38.52
276.00 277.00 255.00 297.00 35.91
279.00 283.00 262.00 304.00 38.04
286.00 290.00 286.00 306.00 40.80
290.00 291.00 263.00 307.00 41.92
279.00 281.00 251.00 292.00 42.18
286.00 271.00 242.00 291.00 42.34
286.00 271.00 253.00 281.00 35.28
280.00 264.00 245.00 297.00 41.07
263.00 244.00 265.00 290.00 37.88
264.00 263.00 252.00 290.00 37.99
270.00 275.00 254.00 301.00 37.14
264.00 276.00 238.00 296.00 39.47
268.00 283.00 256.00 306.00 39.79
273.00 281.00 258.00 310.00 35.38
256.00 293.00 267.00 297.00 42.39
274.00 282.00 271.00 306.00 40.64
278.00 278.00 258.00 313.00 40.06
237.00 276.00 261.00 310.00 34.74
245.00 279.00 263.00 305.00 42.39
234.00 282.00 255.00 312.00 34.90
234.00 295.00 258.00 308.00 42.24
239.00 288.00 258.00 309.00 34.85
271.00 286.00 257.00 301.00 35.49
275.00 287.00 277.00 307.00 39.63
277.00 288.00 268.00 303.00 41.23
282.00 289.00 266.00 300.00 41.17
279.00 287.00 260.00 305.00 37.29
278.00 286.00 248.00 312.00 37.93
275.00 266.00 252.00 312.00 38.25
272.00 280.00 258.00 309.00 34.69
272.00 285.00 261.00 311.00 41.54
265.00 278.00 259.00 311.00 35.91
269.00 276.00 249.00 307.00 41.28
264.00 269.00 253.00 313.00 39.42
262.00 276.00 245.00 305.00 38.84
262.00 269.00 253.00 303.00 40.48
262.00 274.00 258.00 311.00 34.74
262.00 270.00 248.00 314.00 37.40
264.00 270.00 260.00 309.00 38.94
264.00 268.00 254.00 313.00 42.18
262.00 265.00 253.00 311.00 34.96
262.00 278.00 252.00 308.00 41.17
260.00 274.00 250.00 312.00 40.48
256.00 276.00 251.00 320.00 34.90
267.00 279.00 262.00 319.00 39.58
266.00 284.00 265.00 310.00 36.39
281.00 285.00 282.00 340.00 40.43
275.00 301.00 274.00 338.00 42.29
275.00 290.00 269.00 335.00 40.59
270.00 288.00 261.00 338.00 39.21
269.00 280.00 267.00 334.00 36.18
270.00 281.00 260.00 325.00 41.65
266.00 280.00 263.00 334.00 37.24
271.00 277.00 267.00 323.00 35.65
267.00 276.00 238.00 319.00 35.38
258.00 285.00 246.00 330.00 36.18
257.00 283.00 246.00 312.00 40.48
258.00 281.00 248.00 331.00 40.16
265.00 294.00 253.00 327.00 35.70
268.00 295.00 271.00 324.00 41.28
265.00 290.00 265.00 333.00 42.29
250.00 288.00 249.00 310.00 42.29
244.00 277.00 245.00 318.00 35.12
244.00 279.00 239.00 333.00 41.01
241.00 263.00 240.00 336.00 35.28
237.00 263.00 244.00 335.00 34.69
230.00 259.00 235.00 336.00 41.44
229.00 263.00 242.00 334.00 41.28
226.00 280.00 259.00 341.00 35.49
234.00 275.00 260.00 340.00 41.81
234.00 284.00 253.00 329.00 38.78
228.00 275.00 244.00 323.00 34.27
221.00 269.00 254.00 319.00 34.43
220.00 265.00 240.00 316.00 36.44
215.00 261.00 240.00 316.00 39.90
212.00 267.00 241.00 315.00 40.59
218.00 280.00 251.00 324.00 39.42
225.00 281.00 244.00 313.00 41.33
220.00 273.00 242.00 307.00 36.34
216.00 255.00 232.00 309.00 41.65
213.00 276.00 247.00 304.00 41.65
207.00 291.00 239.00 302.00 41.65
208.00 282.00 248.00 308.00 33.47
213.00 289.00 256.00 316.00 40.59
221.00 290.00 248.00 309.00 41.81
215.00 289.00 241.00 300.00 33.58
212.00 282.00 239.00 298.00 41.28
207.00 282.00 236.00 296.00 39.26
205.00 278.00 232.00 297.00 35.43
204.00 273.00 247.00 262.00 40.80
204.00 265.00 238.00 259.00 41.28
205.00 265.00 237.00 272.00 34.16
206.00 286.00 261.00 289.00 41.44
214.00 278.00 253.00 292.00 40.16
213.00 289.00 249.00 289.00 40.85
208.00 266.00 250.00 287.00 35.70
203.00 268.00 250.00 280.00 33.52
200.00 273.00 242.00 278.00 32.46
195.00 272.00 227.00 270.00 40.22
194.00 253.00 242.00 272.00 31.82
200.00 269.00 240.00 279.00 36.18
210.00 277.00 250.00 283.00 32.57
207.00 275.00 262.00 285.00 36.50
202.00 256.00 246.00 279.00 40.32
200.00 267.00 237.00 279.00 41.17
194.00 260.00 240.00 280.00 41.01
193.00 258.00 245.00 283.00 39.26
205.00 279.00 256.00 288.00 31.50
207.00 273.00 243.00 281.00 36.71
201.00 265.00 247.00 265.00 31.40
197.00 262.00 233.00 262.00 40.91
191.00 267.00 235.00 263.00 33.15
207.00 280.00 246.00 271.00 35.75
201.00 264.00 250.00 263.00 36.07
199.00 263.00 244.00 259.00 38.04
190.00 260.00 230.00 260.00 39.21
188.00 270.00 243.00 262.00 39.21
207.00 281.00 246.00 268.00 31.93
201.00 279.00 244.00 261.00 39.84
200.00 259.00 240.00 256.00 31.40
191.00 261.00 241.00 259.00 41.17
190.00 262.00 239.00 259.00 36.13
190.00 278.00 247.00 270.00 32.62
201.00 267.00 239.00 264.00 31.50
196.00 262.00 243.00 260.00 40.96
188.00 254.00 223.00 253.00 40.59
185.00 255.00 233.00 253.00 40.69
185.00 266.00 229.00 259.00 40.06
194.00 278.00 229.00 253.00 35.97
190.00 278.00 233.00 253.00 40.32
186.00 254.00 233.00 246.00 33.20
182.00 265.00 234.00 249.00 34.53
179.00 266.00 238.00 258.00 37.77
193.00 269.00 235.00 250.00 36.76
188.00 263.00 223.00 245.00 40.43
180.00 253.00 219.00 245.00 39.69
178.00 269.00 228.00 246.00 34.96
185.00 262.00 234.00 254.00 39.84
190.00 267.00 239.00 250.00 40.91
183.00 270.00 236.00 243.00 30.81
178.00 272.00 226.00 241.00 40.69
175.00 269.00 226.00 248.00 33.04
179.00 260.00 247.00 256.00 32.19
187.00 290.00 240.00 254.00 38.41
184.00 275.00 237.00 246.00 30.71
181.00 261.00 243.00 241.00 39.95
175.00 265.00 218.00 244.00 32.46
173.00 268.00 232.00 251.00 40.11
183.00 274.00 227.00 246.00 40.91
183.00 263.00 225.00 244.00 39.69
176.00 248.00 221.00 243.00 40.64
174.00 255.00 229.00 238.00 34.05
172.00 260.00 222.00 245.00 35.70
175.00 262.00 240.00 256.00 34.96
185.00 270.00 247.00 252.00 40.32
182.00 254.00 234.00 246.00 40.43
179.00 270.00 224.00 245.00 37.08
171.00 257.00 229.00 244.00 40.27
171.00 250.00 220.00 240.00 38.41
169.00 257.00 233.00 250.00 40.80
207.00 266.00 227.00 244.00 30.81
182.00 256.00 236.00 243.00 38.99
178.00 271.00 214.00 243.00 34.16
173.00 258.00 217.00 246.00 33.26
168.00 261.00 220.00 246.00 36.71
173.00 259.00 236.00 265.00 40.64
185.00 269.00 236.00 260.00 40.64
177.00 275.00 225.00 253.00 38.41
174.00 263.00 224.00 250.00 36.66
174.00 254.00 222.00 249.00 38.73
172.00 254.00 222.00 248.00 41.01
168.00 255.00 233.00 249.00 32.25
172.00 264.00 230.00 250.00 35.12
171.00 254.00 221.00 248.00 36.82
168.00 258.00 230.00 248.00 40.96
171.00 257.00 231.00 252.00 36.71
171.00 259.00 224.00 251.00 40.80
169.00 250.00 233.00 252.00 39.21
174.00 263.00 226.00 255.00 40.96
180.00 267.00 224.00 260.00 40.22
182.00 282.00 234.00 259.00 34.85
179.00 267.00 225.00 261.00 40.91
177.00 261.00 235.00 258.00 36.60
181.00 267.00 225.00 257.00 36.98
176.00 270.00 224.00 255.00 34.48
177.00 267.00 223.00 254.00 36.39
177.00 253.00 232.00 253.00 35.38
174.00 246.00 217.00 250.00 40.59
173.00 249.00 216.00 246.00 31.13
170.00 255.00 225.00 241.00 40.96
171.00 250.00 234.00 237.00 31.72
170.00 257.00 235.00 236.00 36.66
168.00 250.00 228.00 239.00 34.74
168.00 258.00 236.00 236.00 38.25
170.00 253.00 232.00 249.00 38.52
180.00 274.00 231.00 250.00 34.90
179.00 265.00 227.00 245.00 31.18
179.00 261.00 230.00 241.00 32.51
178.00 252.00 226.00 233.00 38.57
176.00 257.00 224.00 234.00 31.40
172.00 254.00 231.00 236.00 31.13
172.00 251.00 239.00 235.00 35.86
170.00 249.00 226.00 231.00 32.78
168.00 247.00 218.00 234.00 39.53
166.00 254.00 230.00 233.00 31.88
165.00 250.00 235.00 234.00 30.76
165.00 261.00 235.00 233.00 33.52
167.00 258.00 230.00 224.00 34.58
165.00 263.00 229.00 231.00 32.19
172.00 266.00 241.00 243.00 31.56
180.00 280.00 240.00 243.00 39.84
180.00 275.00 239.00 230.00 34.27
180.00 268.00 236.00 233.00 30.44
177.00 271.00 238.00 228.00 36.02
171.00 271.00 229.00 208.00 30.87
171.00 268.00 233.00 228.00 38.78
166.00 263.00 237.00 226.00 31.24
165.00 256.00 232.00 225.00 37.67
164.00 266.00 238.00 235.00 30.71
170.00 278.00 253.00 246.00 32.19
178.00 271.00 252.00 246.00 33.42
178.00 265.00 243.00 239.00 30.81
172.00 253.00 245.00 237.00 40.75
171.00 261.00 237.00 232.00 37.40
169.00 257.00 236.00 228.00 40.11
165.00 255.00 242.00 226.00 36.66
169.00 253.00 233.00 226.00 40.85
167.00 249.00 249.00 227.00 31.45
164.00 260.00 238.00 225.00 33.89
163.00 255.00 247.00 223.00 31.77
165.00 256.00 244.00 215.00 37.61
164.00 262.00 242.00 225.00 33.10
166.00 262.00 251.00 231.00 38.73
167.00 263.00 250.00 232.00 38.62
173.00 271.00 249.00 243.00 40.54
179.00 261.00 253.00 243.00 33.58
176.00 291.00 249.00 247.00 30.44
180.00 279.00 238.00 242.00 38.73
178.00 272.00 238.00 242.00 30.87
175.00 266.00 236.00 240.00 39.90
173.00 262.00 243.00 238.00 35.81
175.00 256.00 246.00 241.00 39.84
172.00 260.00 247.00 241.00 40.48
174.00 262.00 239.00 238.00 31.98
173.00 261.00 239.00 237.00 38.73
171.00 247.00 237.00 233.00 39.53
169.00 246.00 239.00 230.00 35.59
164.00 251.00 233.00 227.00 35.17
165.00 253.00 232.00 224.00 33.31
164.00 244.00 234.00 226.00 32.35
161.00 255.00 227.00 227.00 34.00
160.00 255.00 222.00 228.00 32.57
158.00 254.00 224.00 232.00 38.20
159.00 250.00 223.00 232.00 33.58
159.00 254.00 223.00 227.00 39.47
164.00 252.00 227.00 227.00 33.20
162.00 237.00 226.00 235.00 28.58
166.00 239.00 224.00 235.00 37.67
164.00 238.00 223.00 234.00 37.56
166.00 238.00 225.00 232.00 29.01
164.00 235.00 221.00 228.00 36.50
163.00 231.00 219.00 227.00 34.21
160.00 229.00 214.00 223.00 30.07
159.00 229.00 211.00 222.00 26.08
157.00 226.00 208.00 222.00 36.23
157.00 226.00 207.00 223.00 38.36
156.00 224.00 208.00 222.00 32.73
154.00 223.00 206.00 222.00 28.32
154.00 224.00 203.00 222.00 36.29
155.00 222.00 200.00 222.00 37.83
156.00 221.00 200.00 217.00 34.80
154.00 222.00 199.00 217.00 36.39
155.00 222.00 196.00 217.00 26.83
153.00 220.00 195.00 220.00 29.64
153.00 220.00 192.00 220.00 32.09
154.00 221.00 190.00 220.00 32.35
152.00 220.00 190.00 222.00 30.49
153.00 219.00 189.00 221.00 34.90
153.00 220.00 189.00 220.00 28.32
153.00 219.00 189.00 215.00 27.73
148.00 212.00 183.00 211.00 29.64
149.00 211.00 181.00 199.00 26.88
87.00 126.00 73.00 61.00 31.45
91.00 110.00 77.00 59.00 26.40
65.00 80.00 15.00 10.00 31.03
