15.00 6.00 20.00 43.00 31.88
23.00 9.00 26.00 69.00 21.89
34.00 13.00 37.00 88.00 23.85
39.00 27.00 50.00 118.00 22.68
42.00 55.00 79.00 141.00 26.51
42.00 83.00 96.00 165.00 30.76
51.00 125.00 131.00 193.00 25.23
79.00 186.00 155.00 198.00 36.02
93.00 233.00 181.00 203.00 35.59
90.00 215.00 183.00 206.00 34.32
93.00 215.00 182.00 209.00 34.53
117.00 223.00 192.00 213.00 34.90
129.00 223.00 210.00 201.00 39.42
138.00 200.00 202.00 213.00 29.70
158.00 212.00 203.00 204.00 39.21
176.00 210.00 195.00 217.00 39.95
193.00 235.00 201.00 211.00 30.60
201.00 219.00 201.00 211.00 39.10
200.00 206.00 196.00 199.00 35.49
198.00 215.00 196.00 215.00 32.57
197.00 212.00 208.00 222.00 38.20
205.00 226.00 205.00 218.00 38.25
196.00 213.00 199.00 208.00 33.26
192.00 210.00 203.00 205.00 32.09
201.00 211.00 201.00 228.00 38.52
206.00 228.00 209.00 217.00 32.46
212.00 216.00 198.00 228.00 40.54
198.00 222.00 191.00 205.00 33.31
195.00 212.00 204.00 206.00 34.85
191.00 208.00 199.00 202.00 37.88
199.00 225.00 204.00 222.00 37.40
207.00 223.00 202.00 215.00 38.84
195.00 216.00 197.00 218.00 33.31
191.00 218.00 195.00 208.00 33.20
194.00 215.00 193.00 218.00 38.89
202.00 225.00 209.00 220.00 38.78
210.00 222.00 209.00 224.00 40.69
204.00 218.00 200.00 213.00 41.23
196.00 219.00 204.00 205.00 41.81
192.00 201.00 195.00 211.00 33.52
193.00 216.00 198.00 210.00 37.14
206.00 214.00 206.00 217.00 37.77
196.00 210.00 206.00 202.00 41.92
197.00 205.00 203.00 193.00 41.39
194.00 200.00 199.00 192.00 37.14
189.00 201.00 191.00 193.00 36.23
188.00 192.00 204.00 204.00 35.75
201.00 215.00 202.00 202.00 41.33
215.00 220.00 198.00 206.00 39.53
195.00 215.00 188.00 204.00 41.70
193.00 211.00 196.00 189.00 34.11
190.00 218.00 197.00 211.00 39.84
211.00 231.00 210.00 220.00 36.55
213.00 221.00 212.00 202.00 39.26
199.00 212.00 201.00 219.00 35.22
194.00 209.00 194.00 203.00 41.70
198.00 213.00 189.00 211.00 38.78
195.00 225.00 215.00 227.00 38.04
211.00 223.00 204.00 216.00 38.14
211.00 220.00 195.00 218.00 34.58
208.00 219.00 196.00 218.00 34.16
204.00 208.00 194.00 210.00 36.66
200.00 213.00 199.00 203.00 34.48
209.00 224.00 198.00 216.00 34.27
210.00 221.00 200.00 217.00 39.74
203.00 214.00 203.00 203.00 39.95
190.00 212.00 193.00 180.00 36.07
180.00 209.00 201.00 205.00 35.86
199.00 219.00 203.00 213.00 42.24
202.00 233.00 206.00 197.00 41.76
200.00 216.00 185.00 193.00 40.91
177.00 211.00 186.00 204.00 35.12
182.00 223.00 181.00 197.00 35.38
193.00 228.00 209.00 228.00 40.11
215.00 222.00 192.00 210.00 37.03
208.00 222.00 195.00 201.00 38.68
196.00 220.00 188.00 185.00 37.45
186.00 224.00 200.00 205.00 40.22
200.00 233.00 204.00 209.00 34.58
210.00 226.00 200.00 219.00 34.48
209.00 212.00 193.00 214.00 38.73
203.00 216.00 189.00 218.00 37.08
203.00 215.00 197.00 213.00 35.22
212.00 233.00 211.00 219.00 42.08
213.00 227.00 203.00 210.00 40.85
214.00 225.00 197.00 207.00 34.53
194.00 223.00 189.00 217.00 41.39
196.00 221.00 196.00 195.00 41.54
196.00 223.00 199.00 195.00 41.07
205.00 228.00 196.00 188.00 36.07
209.00 227.00 206.00 200.00 36.76
210.00 228.00 201.00 201.00 42.02
188.00 237.00 194.00 206.00 38.20
194.00 229.00 198.00 199.00 40.11
198.00 241.00 203.00 196.00 36.23
211.00 239.00 216.00 213.00 41.92
212.00 238.00 196.00 209.00 41.17
196.00 229.00 194.00 203.00 36.18
193.00 231.00 191.00 183.00 39.37
206.00 238.00 214.00 211.00 34.64
205.00 236.00 199.00 198.00 41.28
216.00 232.00 196.00 173.00 37.45
193.00 223.00 187.00 197.00 38.94
190.00 235.00 191.00 212.00 41.97
209.00 233.00 193.00 226.00 39.58
217.00 235.00 204.00 208.00 41.07
206.00 240.00 200.00 204.00 35.75
201.00 229.00 190.00 210.00 41.39
207.00 224.00 198.00 206.00 36.55
197.00 228.00 196.00 203.00 39.26
224.00 235.00 200.00 211.00 41.97
210.00 226.00 199.00 207.00 41.65
194.00 229.00 193.00 194.00 40.54
195.00 223.00 199.00 233.00 42.29
209.00 231.00 205.00 226.00 38.62
209.00 230.00 200.00 208.00 39.58
206.00 245.00 199.00 206.00 35.12
197.00 221.00 187.00 202.00 37.93
203.00 223.00 185.00 197.00 37.24
211.00 241.00 193.00 210.00 41.81
212.00 240.00 200.00 225.00 41.54
205.00 239.00 192.00 190.00 39.63
202.00 234.00 202.00 207.00 40.59
198.00 240.00 195.00 206.00 39.47
193.00 239.00 192.00 208.00 34.43
199.00 249.00 197.00 228.00 41.39
208.00 237.00 198.00 204.00 42.18
199.00 223.00 197.00 181.00 40.32
196.00 233.00 196.00 203.00 35.06
189.00 227.00 192.00 183.00 39.42
185.00 235.00 195.00 185.00 34.80
193.00 225.00 197.00 207.00 37.08
202.00 231.00 203.00 200.00 39.10
202.00 221.00 200.00 196.00 39.31
196.00 216.00 202.00 205.00 39.47
188.00 215.00 201.00 207.00 39.90
201.00 205.00 196.00 195.00 35.97
196.00 204.00 202.00 216.00 40.75
204.00 210.00 199.00 200.00 41.86
196.00 200.00 190.00 201.00 40.48
197.00 186.00 198.00 196.00 38.89
186.00 176.00 189.00 194.00 42.02
186.00 165.00 185.00 190.00 39.95
203.00 156.00 186.00 190.00 34.53
195.00 147.00 191.00 186.00 36.02
191.00 129.00 190.00 201.00 39.31
194.00 115.00 193.00 196.00 40.80
191.00 101.00 181.00 191.00 37.88
194.00 95.00 191.00 199.00 42.39
189.00 86.00 192.00 192.00 37.61
198.00 86.00 194.00 195.00 39.42
193.00 78.00 185.00 199.00 42.34
191.00 67.00 189.00 192.00 42.13
192.00 67.00 188.00 203.00 38.46
187.00 61.00 188.00 203.00 37.72
201.00 65.00 191.00 203.00 38.89
202.00 62.00 189.00 214.00 35.33
191.00 59.00 187.00 183.00 34.32
179.00 53.00 188.00 184.00 42.24
192.00 45.00 189.00 198.00 35.38
183.00 46.00 183.00 201.00 39.21
196.00 49.00 200.00 187.00 38.52
186.00 46.00 191.00 197.00 42.02
194.00 45.00 193.00 184.00 39.26
195.00 41.00 195.00 212.00 37.67
169.00 36.00 186.00 199.00 37.93
187.00 33.00 194.00 203.00 39.05
202.00 35.00 200.00 207.00 37.93
197.00 31.00 201.00 180.00 38.99
187.00 27.00 182.00 182.00 42.02
190.00 26.00 191.00 190.00 37.83
180.00 23.00 190.00 184.00 39.05
184.00 23.00 188.00 180.00 42.18
187.00 27.00 196.00 184.00 35.49
163.00 26.00 205.00 185.00 40.54
152.00 25.00 194.00 182.00 40.48
139.00 24.00 190.00 176.00 42.34
128.00 23.00 190.00 192.00 41.12
124.00 24.00 198.00 186.00 39.26
123.00 23.00 191.00 188.00 34.64
112.00 23.00 195.00 190.00 40.16
97.00 22.00 195.00 192.00 40.75
86.00 23.00 201.00 191.00 42.29
84.00 24.00 194.00 186.00 34.48
78.00 25.00 196.00 155.00 38.78
66.00 23.00 198.00 142.00 35.28
62.00 24.00 198.00 143.00 40.38
56.00 24.00 194.00 138.00 41.92
52.00 22.00 203.00 136.00 36.82
54.00 24.00 202.00 131.00 36.02
50.00 24.00 201.00 128.00 38.20
44.00 24.00 195.00 127.00 33.26
39.00 23.00 198.00 127.00 39.05
37.00 22.00 194.00 119.00 34.74
35.00 22.00 194.00 119.00 41.07
34.00 24.00 194.00 115.00 33.79
35.00 23.00 196.00 106.00 34.69
33.00 22.00 194.00 99.00 33.68
33.00 23.00 202.00 93.00 37.83
31.00 21.00 188.00 90.00 39.90
29.00 21.00 196.00 91.00 33.79
29.00 21.00 199.00 92.00 37.67
30.00 23.00 201.00 92.00 36.60
32.00 24.00 194.00 93.00 41.44
30.00 25.00 198.00 93.00 37.03
33.00 24.00 200.00 88.00 36.34
33.00 24.00 196.00 90.00 36.18
34.00 23.00 197.00 84.00 35.81
34.00 23.00 199.00 86.00 41.39
30.00 22.00 195.00 90.00 40.48
31.00 24.00 194.00 91.00 36.55
30.00 24.00 163.00 84.00 34.11
28.00 23.00 160.00 85.00 34.58
27.00 21.00 165.00 79.00 31.56
25.00 18.00 170.00 74.00 32.78
23.00 16.00 167.00 68.00 40.91
20.00 14.00 166.00 64.00 39.26
19.00 12.00 168.00 59.00 39.10
18.00 11.00 164.00 55.00 36.13
17.00 10.00 155.00 52.00 38.78
18.00 10.00 153.00 49.00 30.28
17.00 9.00 151.00 45.00 39.21
15.00 9.00 149.00 41.00 38.73
14.00 9.00 149.00 37.00 26.14
14.00 8.00 151.00 35.00 31.56
13.00 9.00 150.00 33.00 36.18
13.00 9.00 152.00 30.00 36.76
13.00 8.00 152.00 28.00 27.15
12.00 8.00 152.00 26.00 31.50
12.00 8.00 152.00 24.00 34.85
13.00 9.00 152.00 23.00 31.40
13.00 8.00 150.00 21.00 34.58
12.00 7.00 143.00 14.00 26.46
10.00 6.00 137.00 21.00 30.87
14.00 7.00 57.00 14.00 35.91
19.00 7.00 51.00 13.00 29.75

