62.00 35.00 48.00 62.00 32.73
100.00 75.00 153.00 183.00 38.09
113.00 76.00 213.00 202.00 32.73
68.00 97.00 225.00 199.00 30.18
82.00 152.00 232.00 211.00 38.62
47.00 131.00 229.00 219.00 38.99
56.00 141.00 230.00 213.00 36.50
57.00 152.00 234.00 208.00 36.50
58.00 174.00 221.00 213.00 34.80
58.00 237.00 228.00 213.00 31.72
73.00 238.00 246.00 218.00 38.68
65.00 235.00 228.00 206.00 39.10
62.00 245.00 232.00 205.00 38.89
55.00 242.00 243.00 205.00 34.11
64.00 243.00 237.00 209.00 39.74
69.00 247.00 232.00 217.00 39.63
66.00 237.00 236.00 208.00 36.55
56.00 220.00 233.00 205.00 39.79
58.00 218.00 226.00 194.00 38.68
42.00 212.00 231.00 204.00 41.33
51.00 226.00 235.00 209.00 40.06
52.00 227.00 236.00 200.00 38.99
65.00 221.00 225.00 198.00 41.01
66.00 216.00 237.00 193.00 32.88
64.00 227.00 235.00 201.00 39.15
65.00 238.00 237.00 206.00 39.31
72.00 239.00 249.00 211.00 37.29
75.00 240.00 246.00 221.00 40.59
91.00 243.00 247.00 236.00 36.13
96.00 241.00 245.00 229.00 41.60
97.00 249.00 265.00 257.00 39.74
122.00 281.00 273.00 251.00 38.99
120.00 265.00 262.00 255.00 38.52
120.00 259.00 245.00 222.00 35.38
117.00 245.00 246.00 219.00 41.23
115.00 220.00 257.00 244.00 35.59
148.00 226.00 264.00 230.00 37.61
168.00 229.00 247.00 216.00 41.54
186.00 215.00 241.00 214.00 36.13
209.00 208.00 237.00 174.00 41.97
182.00 206.00 245.00 227.00 41.44
207.00 219.00 243.00 225.00 42.24
201.00 208.00 239.00 225.00 35.28
198.00 201.00 232.00 216.00 37.24
186.00 197.00 227.00 213.00 34.90
182.00 198.00 232.00 223.00 36.92
194.00 201.00 234.00 234.00 37.67
207.00 204.00 233.00 217.00 42.08
178.00 199.00 218.00 214.00 35.43
171.00 192.00 216.00 217.00 42.29
161.00 191.00 210.00 212.00 42.13
152.00 188.00 220.00 203.00 38.41
154.00 190.00 220.00 206.00 39.53
152.00 194.00 228.00 209.00 40.64
146.00 196.00 222.00 205.00 33.04
145.00 195.00 219.00 203.00 36.44
139.00 197.00 218.00 194.00 41.33
137.00 200.00 219.00 203.00 38.68
142.00 201.00 221.00 210.00 39.63
145.00 207.00 227.00 218.00 32.09
148.00 205.00 230.00 216.00 39.84
151.00 209.00 235.00 209.00 40.96
146.00 211.00 232.00 210.00 39.69
154.00 211.00 233.00 211.00 40.06
168.00 214.00 214.00 216.00 35.12
198.00 225.00 233.00 220.00 34.53
216.00 233.00 226.00 211.00 37.83
225.00 223.00 219.00 208.00 41.39
217.00 224.00 206.00 204.00 35.65
205.00 221.00 215.00 203.00 41.76
189.00 228.00 217.00 215.00 41.97
197.00 223.00 229.00 212.00 39.58
194.00 213.00 207.00 208.00 41.65
189.00 210.00 204.00 206.00 39.84
199.00 204.00 212.00 209.00 35.38
192.00 199.00 208.00 204.00 41.65
183.00 193.00 209.00 212.00 38.41
184.00 209.00 213.00 218.00 39.84
190.00 209.00 220.00 213.00 38.20
190.00 202.00 209.00 215.00 41.12
189.00 200.00 205.00 202.00 36.44
184.00 202.00 211.00 210.00 41.07
191.00 191.00 199.00 200.00 41.12
183.00 202.00 203.00 209.00 42.18
199.00 211.00 220.00 208.00 42.18
187.00 210.00 219.00 217.00 36.34
214.00 208.00 211.00 199.00 40.91
188.00 202.00 210.00 203.00 42.66
192.00 201.00 191.00 195.00 36.39
177.00 196.00 199.00 188.00 41.44
182.00 201.00 196.00 200.00 38.84
197.00 210.00 208.00 212.00 36.82
200.00 213.00 213.00 209.00 38.14
196.00 221.00 212.00 195.00 41.70
202.00 203.00 207.00 203.00 40.16
186.00 193.00 207.00 205.00 42.08
191.00 205.00 206.00 196.00 42.02
186.00 192.00 212.00 212.00 42.24
193.00 210.00 218.00 212.00 42.45
198.00 211.00 212.00 210.00 40.59
191.00 204.00 221.00 198.00 37.93
188.00 206.00 212.00 184.00 43.09
177.00 196.00 200.00 183.00 42.98
184.00 198.00 203.00 204.00 38.57
194.00 213.00 221.00 207.00 41.92
194.00 222.00 203.00 217.00 39.53
183.00 205.00 206.00 200.00 43.03
180.00 200.00 195.00 165.00 42.55
188.00 194.00 188.00 202.00 41.23
186.00 212.00 201.00 219.00 40.48
188.00 202.00 206.00 200.00 38.25
185.00 195.00 207.00 193.00 36.29
182.00 191.00 203.00 203.00 40.75
174.00 200.00 199.00 199.00 37.77
180.00 202.00 210.00 196.00 38.25
183.00 214.00 218.00 198.00 38.78
192.00 210.00 204.00 204.00 41.92
186.00 208.00 211.00 192.00 41.01
167.00 196.00 200.00 198.00 42.98
173.00 201.00 199.00 203.00 42.82
177.00 197.00 213.00 212.00 39.05
186.00 215.00 209.00 209.00 41.01
189.00 205.00 218.00 217.00 36.34
199.00 207.00 208.00 215.00 38.84
191.00 200.00 197.00 200.00 42.61
174.00 194.00 200.00 204.00 37.40
190.00 200.00 197.00 197.00 42.77
179.00 201.00 207.00 215.00 41.76
185.00 207.00 199.00 211.00 36.60
182.00 200.00 206.00 206.00 37.83
194.00 196.00 202.00 207.00 41.76
176.00 196.00 194.00 199.00 41.23
162.00 190.00 186.00 195.00 36.18
164.00 186.00 205.00 201.00 41.23
162.00 189.00 202.00 200.00 40.64
174.00 197.00 201.00 199.00 43.03
174.00 197.00 198.00 204.00 42.87
168.00 194.00 195.00 192.00 42.87
159.00 177.00 190.00 187.00 42.82
151.00 188.00 188.00 186.00 42.71
151.00 190.00 204.00 204.00 42.39
158.00 201.00 213.00 202.00 38.41
153.00 198.00 197.00 203.00 37.83
153.00 198.00 207.00 199.00 43.09
148.00 203.00 200.00 195.00 42.77
144.00 186.00 191.00 192.00 38.73
146.00 188.00 211.00 199.00 42.77
145.00 191.00 197.00 192.00 41.60
147.00 183.00 212.00 187.00 36.39
142.00 180.00 192.00 192.00 42.87
150.00 172.00 197.00 177.00 42.29
135.00 167.00 206.00 186.00 36.44
144.00 184.00 204.00 194.00 40.69
148.00 183.00 197.00 199.00 42.71
152.00 175.00 197.00 178.00 35.59
136.00 170.00 190.00 181.00 38.84
139.00 173.00 185.00 190.00 42.39
141.00 182.00 183.00 189.00 38.57
138.00 173.00 180.00 182.00 42.29
134.00 176.00 170.00 179.00 42.39
146.00 163.00 164.00 177.00 35.12
137.00 160.00 194.00 190.00 42.24
147.00 170.00 195.00 192.00 39.37
142.00 174.00 194.00 185.00 38.25
132.00 170.00 191.00 184.00 35.12
131.00 167.00 185.00 181.00 38.94
141.00 165.00 184.00 181.00 36.98
149.00 173.00 193.00 187.00 34.74
150.00 179.00 181.00 169.00 37.35
148.00 177.00 175.00 174.00 42.08
151.00 165.00 176.00 170.00 42.18
145.00 165.00 183.00 179.00 42.18
159.00 176.00 192.00 187.00 42.13
153.00 168.00 192.00 188.00 34.58
146.00 167.00 163.00 181.00 40.54
140.00 173.00 158.00 177.00 40.54
142.00 173.00 163.00 180.00 35.49
154.00 180.00 166.00 187.00 42.08
155.00 180.00 162.00 180.00 41.70
145.00 175.00 152.00 160.00 37.67
139.00 170.00 154.00 173.00 39.05
140.00 175.00 151.00 180.00 40.96
137.00 184.00 164.00 189.00 41.23
157.00 186.00 168.00 186.00 41.81
153.00 180.00 179.00 182.00 41.65
143.00 170.00 179.00 184.00 39.10
140.00 171.00 178.00 182.00 40.22
143.00 175.00 184.00 188.00 34.27
147.00 181.00 186.00 186.00 35.06
142.00 179.00 180.00 180.00 35.33
144.00 174.00 171.00 178.00 40.32
141.00 172.00 164.00 170.00 41.01
137.00 167.00 170.00 174.00 41.49
132.00 167.00 171.00 178.00 40.69
141.00 173.00 186.00 177.00 40.22
143.00 177.00 184.00 183.00 40.11
140.00 175.00 186.00 184.00 37.08
148.00 173.00 181.00 179.00 32.62
143.00 174.00 181.00 181.00 40.48
147.00 175.00 180.00 181.00 38.36
143.00 172.00 181.00 179.00 37.83
143.00 172.00 176.00 177.00 36.87
140.00 168.00 178.00 173.00 32.35
135.00 170.00 182.00 170.00 38.46
137.00 166.00 180.00 162.00 37.72
138.00 167.00 179.00 177.00 41.12
135.00 167.00 181.00 177.00 41.07
145.00 173.00 186.00 184.00 31.88
148.00 178.00 186.00 185.00 38.99
149.00 177.00 184.00 183.00 35.54
146.00 174.00 183.00 177.00 37.08
137.00 168.00 179.00 175.00 31.24
143.00 169.00 178.00 175.00 32.94
136.00 164.00 177.00 174.00 32.99
137.00 166.00 178.00 173.00 32.46
139.00 164.00 183.00 175.00 37.99
141.00 169.00 181.00 181.00 37.14
145.00 166.00 180.00 182.00 32.25
136.00 163.00 174.00 176.00 38.94
144.00 168.00 176.00 175.00 40.75
153.00 167.00 175.00 169.00 33.42
147.00 166.00 177.00 160.00 31.88
149.00 168.00 177.00 160.00 40.85
150.00 170.00 180.00 166.00 36.23
156.00 176.00 183.00 172.00 41.07
157.00 177.00 183.00 171.00 36.29
152.00 171.00 178.00 168.00 37.72
149.00 172.00 173.00 160.00 34.37
150.00 167.00 174.00 159.00 40.38
140.00 163.00 175.00 155.00 38.09
139.00 162.00 175.00 157.00 31.93
141.00 161.00 172.00 154.00 32.51
145.00 161.00 175.00 161.00 39.21
146.00 168.00 178.00 159.00 40.91
144.00 164.00 177.00 160.00 41.17
148.00 169.00 172.00 152.00 31.50
144.00 164.00 167.00 158.00 41.07
143.00 166.00 173.00 155.00 38.30
142.00 167.00 171.00 152.00 38.73
140.00 165.00 169.00 150.00 40.06
140.00 162.00 168.00 159.00 30.81
164.00 160.00 166.00 149.00 40.22
159.00 179.00 184.00 158.00 35.86
150.00 114.00 84.00 62.00 31.13
43.00 65.00 29.00 38.00 35.59