23.00 20.00 31.00 28.00 32.09
22.00 27.00 73.00 31.00 21.99
24.00 34.00 109.00 34.00 25.23
27.00 69.00 152.00 33.00 34.53
31.00 97.00 185.00 36.00 35.38
38.00 113.00 284.00 47.00 30.49
34.00 116.00 295.00 47.00 27.36
37.00 117.00 298.00 48.00 35.97
39.00 119.00 296.00 54.00 37.29
41.00 118.00 300.00 55.00 29.38
40.00 122.00 312.00 55.00 30.07
44.00 129.00 318.00 63.00 29.22
49.00 128.00 333.00 60.00 28.63
48.00 128.00 313.00 60.00 28.42
45.00 123.00 322.00 56.00 34.11
43.00 121.00 321.00 54.00 39.95
45.00 119.00 307.00 56.00 32.62
45.00 118.00 303.00 64.00 39.74
44.00 120.00 293.00 74.00 38.84
44.00 119.00 287.00 79.00 37.56
42.00 115.00 285.00 83.00 30.07
41.00 116.00 281.00 89.00 30.39
40.00 115.00 274.00 88.00 38.78
40.00 114.00 272.00 88.00 34.69
37.00 111.00 269.00 91.00 27.36
36.00 108.00 260.00 88.00 37.88
31.00 114.00 265.00 89.00 32.14
34.00 117.00 283.00 91.00 34.43
35.00 117.00 285.00 92.00 35.38
48.00 108.00 284.00 106.00 35.70
46.00 110.00 277.00 98.00 37.35
40.00 109.00 275.00 101.00 25.55
42.00 108.00 271.00 100.00 27.04
47.00 109.00 267.00 99.00 36.87
44.00 111.00 267.00 100.00 36.34
46.00 112.00 276.00 114.00 36.87
48.00 110.00 284.00 130.00 27.73
61.00 110.00 286.00 143.00 34.48
71.00 112.00 295.00 159.00 30.76
86.00 115.00 300.00 181.00 32.73
118.00 118.00 310.00 207.00 27.47
131.00 139.00 311.00 231.00 33.68
165.00 165.00 299.00 273.00 33.58
188.00 216.00 298.00 271.00 31.77
216.00 239.00 277.00 269.00 36.82
224.00 235.00 263.00 267.00 31.24
239.00 232.00 253.00 266.00 32.78
255.00 233.00 250.00 265.00 37.77
254.00 235.00 244.00 253.00 40.38
256.00 258.00 249.00 251.00 34.11
242.00 253.00 237.00 253.00 41.01
237.00 244.00 229.00 241.00 41.07
248.00 240.00 227.00 229.00 37.67
240.00 249.00 225.00 232.00 40.11
221.00 237.00 223.00 239.00 40.75
235.00 235.00 232.00 234.00 41.28
245.00 239.00 236.00 227.00 37.03
230.00 238.00 246.00 231.00 39.53
234.00 243.00 242.00 241.00 32.73
243.00 235.00 230.00 227.00 34.96
242.00 237.00 239.00 236.00 41.81
243.00 241.00 234.00 225.00 41.12
240.00 240.00 231.00 224.00 38.99
241.00 239.00 242.00 225.00 41.23
239.00 238.00 235.00 226.00 39.58
243.00 236.00 237.00 226.00 41.17
240.00 239.00 243.00 223.00 33.26
235.00 235.00 236.00 228.00 41.65
229.00 242.00 242.00 239.00 39.58
237.00 232.00 237.00 227.00 37.61
243.00 239.00 230.00 234.00 38.14
241.00 234.00 228.00 235.00 41.92
228.00 231.00 231.00 223.00 36.34
240.00 244.00 236.00 224.00 35.01
243.00 236.00 216.00 224.00 36.76
248.00 237.00 235.00 223.00 41.17
257.00 243.00 241.00 217.00 40.80
256.00 252.00 240.00 229.00 34.05
242.00 236.00 231.00 229.00 33.58
232.00 242.00 249.00 233.00 40.00
255.00 231.00 248.00 228.00 33.63
251.00 229.00 239.00 235.00 35.54
249.00 254.00 246.00 240.00 41.97
247.00 248.00 250.00 232.00 33.73
242.00 248.00 251.00 231.00 37.51
248.00 247.00 238.00 241.00 33.84
251.00 248.00 254.00 240.00 40.38
259.00 257.00 256.00 241.00 37.99
272.00 253.00 254.00 240.00 38.68
256.00 259.00 246.00 234.00 37.14
257.00 256.00 237.00 235.00 37.93
250.00 256.00 251.00 245.00 42.24
253.00 255.00 252.00 235.00 42.24
261.00 250.00 252.00 238.00 41.70
244.00 243.00 249.00 243.00 42.18
252.00 263.00 251.00 235.00 41.60
255.00 265.00 254.00 243.00 41.70
252.00 262.00 257.00 243.00 34.64
261.00 257.00 257.00 229.00 38.30
242.00 241.00 252.00 254.00 39.21
250.00 252.00 258.00 250.00 40.64
246.00 261.00 244.00 254.00 42.08
253.00 260.00 256.00 253.00 40.64
257.00 259.00 257.00 245.00 36.44
265.00 259.00 255.00 241.00 35.86
255.00 259.00 267.00 248.00 42.13
265.00 257.00 260.00 243.00 38.78
261.00 256.00 268.00 241.00 39.31
250.00 251.00 268.00 235.00 39.58
253.00 246.00 253.00 237.00 36.66
261.00 254.00 253.00 245.00 34.21
259.00 254.00 253.00 244.00 38.78
259.00 252.00 253.00 244.00 37.88
257.00 252.00 250.00 222.00 34.96
245.00 253.00 239.00 228.00 36.07
240.00 249.00 246.00 235.00 39.26
253.00 250.00 245.00 238.00 36.66
249.00 246.00 246.00 240.00 41.60
251.00 250.00 245.00 242.00 33.73
262.00 242.00 253.00 241.00 34.21
262.00 249.00 246.00 243.00 40.96
255.00 248.00 248.00 247.00 40.59
259.00 246.00 249.00 245.00 37.88
263.00 249.00 244.00 245.00 39.26
264.00 242.00 243.00 247.00 33.73
257.00 247.00 240.00 243.00 32.03
243.00 248.00 239.00 233.00 40.27
251.00 246.00 239.00 233.00 41.39
246.00 241.00 236.00 231.00 33.42
264.00 239.00 237.00 238.00 34.21
255.00 237.00 233.00 231.00 36.82
240.00 242.00 227.00 232.00 34.11
249.00 236.00 231.00 231.00 35.97
244.00 239.00 227.00 230.00 32.09
246.00 234.00 226.00 224.00 38.04
242.00 231.00 227.00 222.00 41.33
243.00 231.00 225.00 222.00 40.22
239.00 232.00 226.00 231.00 36.50
245.00 229.00 230.00 229.00 40.64
244.00 235.00 233.00 231.00 32.62
253.00 235.00 241.00 243.00 39.74
251.00 242.00 248.00 244.00 40.85
265.00 229.00 250.00 246.00 37.29
255.00 244.00 236.00 239.00 37.99
254.00 240.00 233.00 247.00 36.23
254.00 235.00 231.00 235.00 34.74
245.00 232.00 228.00 242.00 31.77
238.00 231.00 227.00 233.00 37.77
241.00 224.00 228.00 235.00 37.67
248.00 221.00 231.00 239.00 33.95
235.00 236.00 232.00 243.00 31.18
270.00 240.00 244.00 253.00 33.84
263.00 246.00 241.00 250.00 31.77
249.00 247.00 236.00 254.00 30.49
257.00 241.00 236.00 251.00 30.92
246.00 238.00 236.00 241.00 38.25
251.00 230.00 231.00 225.00 40.06
229.00 223.00 234.00 230.00 40.80
239.00 214.00 226.00 240.00 36.39
240.00 206.00 224.00 224.00 41.12
222.00 211.00 232.00 233.00 39.15
228.00 215.00 238.00 230.00 40.06
246.00 214.00 246.00 231.00 37.40
241.00 211.00 255.00 237.00 32.09
247.00 218.00 249.00 233.00 30.02
251.00 218.00 255.00 235.00 36.23
233.00 217.00 251.00 232.00 31.08
229.00 218.00 243.00 227.00 40.54
231.00 215.00 241.00 222.00 29.91
217.00 212.00 246.00 227.00 34.96
230.00 207.00 239.00 224.00 36.39
218.00 206.00 235.00 224.00 37.72
215.00 204.00 236.00 221.00 40.16
212.00 205.00 232.00 223.00 32.51
213.00 207.00 232.00 223.00 37.14
214.00 204.00 233.00 219.00 33.79
214.00 209.00 234.00 219.00 31.61
214.00 206.00 233.00 216.00 38.41
212.00 204.00 236.00 216.00 29.86
211.00 206.00 233.00 215.00 31.82
208.00 205.00 233.00 215.00 38.04
208.00 203.00 237.00 218.00 30.55
205.00 203.00 236.00 213.00 40.06
205.00 201.00 236.00 213.00 40.00
204.00 199.00 238.00 210.00 35.59
202.00 202.00 238.00 212.00 33.26
211.00 205.00 240.00 220.00 35.33
206.00 203.00 233.00 225.00 32.19
214.00 204.00 236.00 222.00 33.84
215.00 208.00 245.00 218.00 33.26
213.00 211.00 243.00 223.00 34.32
201.00 204.00 231.00 215.00 38.20
207.00 202.00 231.00 216.00 39.47
203.00 208.00 231.00 217.00 39.42
200.00 204.00 227.00 216.00 35.43
200.00 203.00 228.00 211.00 30.07
203.00 199.00 231.00 210.00 32.99
203.00 199.00 232.00 209.00 33.52
204.00 198.00 231.00 208.00 38.09
203.00 197.00 234.00 210.00 37.77
196.00 205.00 235.00 210.00 39.42
201.00 212.00 233.00 215.00 31.56
203.00 210.00 237.00 218.00 32.62
206.00 209.00 235.00 217.00 38.36
203.00 206.00 231.00 213.00 31.03
202.00 204.00 231.00 212.00 37.83
200.00 199.00 231.00 208.00 33.26
199.00 196.00 228.00 206.00 32.88
195.00 194.00 220.00 206.00 31.93
195.00 196.00 232.00 211.00 27.09
195.00 196.00 229.00 209.00 30.60
195.00 195.00 227.00 207.00 33.95
190.00 196.00 226.00 207.00 39.15
193.00 197.00 226.00 208.00 35.01
190.00 198.00 223.00 211.00 36.29
189.00 200.00 222.00 211.00 32.62
192.00 196.00 224.00 210.00 33.15
193.00 196.00 223.00 211.00 37.45
196.00 200.00 230.00 207.00 26.51
196.00 202.00 235.00 208.00 27.20
195.00 197.00 228.00 206.00 38.78
190.00 189.00 221.00 161.00 36.92
82.00 55.00 52.00 76.00 34.16
73.00 30.00 48.00 75.00 35.01
68.00 6.00 6.00 53.00 28.90
58.00 6.00 16.00 17.00 38.68

