25.00 26.00 33.00 20.00 54.35
35.00 22.00 59.00 24.00 54.35
37.00 24.00 90.00 21.00 54.35
44.00 24.00 137.00 28.00 54.35
36.00 30.00 174.00 26.00 54.35
45.00 21.00 193.00 25.00 54.35
44.00 26.00 232.00 31.00 54.35
44.00 25.00 241.00 32.00 54.35
53.00 33.00 243.00 31.00 54.35
52.00 27.00 244.00 35.00 54.35
47.00 30.00 245.00 34.00 54.35
42.00 29.00 240.00 32.00 54.35
42.00 26.00 240.00 36.00 54.35
44.00 26.00 240.00 32.00 54.35
40.00 25.00 242.00 31.00 54.35
42.00 28.00 235.00 35.00 54.35
45.00 29.00 235.00 34.00 54.35
44.00 29.00 244.00 34.00 54.35
41.00 29.00 246.00 35.00 54.35
38.00 31.00 249.00 36.00 54.35
38.00 31.00 245.00 37.00 54.35
41.00 33.00 241.00 38.00 54.35
42.00 32.00 240.00 40.00 54.35
41.00 33.00 243.00 40.00 54.35
37.00 33.00 236.00 41.00 54.35
38.00 37.00 233.00 41.00 54.35
36.00 38.00 236.00 44.00 54.35
38.00 40.00 232.00 47.00 54.35
36.00 50.00 240.00 45.00 54.35
34.00 46.00 235.00 46.00 54.35
41.00 50.00 232.00 45.00 54.35
37.00 49.00 224.00 43.00 54.35
31.00 41.00 219.00 41.00 54.35
23.00 39.00 212.00 39.00 54.35
22.00 36.00 213.00 40.00 54.35
22.00 42.00 215.00 43.00 54.35
23.00 43.00 210.00 42.00 54.35
23.00 42.00 207.00 41.00 54.35
22.00 41.00 203.00 39.00 54.35
24.00 39.00 202.00 41.00 54.35
25.00 39.00 201.00 42.00 54.35
33.00 43.00 202.00 46.00 54.35
35.00 46.00 221.00 48.00 54.35
36.00 51.00 223.00 51.00 54.35
33.00 62.00 206.00 54.00 54.35
37.00 88.00 220.00 58.00 54.35
39.00 77.00 222.00 64.00 54.35
54.00 92.00 216.00 70.00 54.35
55.00 89.00 220.00 72.00 54.35
54.00 105.00 208.00 72.00 54.35
57.00 107.00 203.00 74.00 54.35
53.00 109.00 203.00 74.00 54.35
51.00 116.00 199.00 73.00 54.35
54.00 118.00 190.00 71.00 54.35
52.00 122.00 190.00 73.00 54.35
50.00 128.00 196.00 77.00 54.35
50.00 142.00 202.00 79.00 54.35
53.00 169.00 204.00 81.00 54.35
57.00 162.00 197.00 83.00 54.35
56.00 170.00 192.00 84.00 54.35
55.00 177.00 198.00 84.00 54.35
55.00 186.00 196.00 81.00 54.35
55.00 191.00 191.00 82.00 54.35
54.00 190.00 193.00 88.00 54.35
57.00 198.00 197.00 92.00 54.35
58.00 203.00 198.00 99.00 54.35
63.00 201.00 197.00 100.00 54.35
68.00 200.00 191.00 98.00 54.35
72.00 197.00 186.00 98.00 54.35
70.00 192.00 189.00 98.00 54.35
72.00 185.00 186.00 93.00 54.35
73.00 190.00 186.00 100.00 54.35
78.00 192.00 190.00 103.00 54.35
84.00 200.00 192.00 107.00 54.35
90.00 197.00 196.00 110.00 54.35
92.00 197.00 196.00 106.00 54.35
93.00 194.00 193.00 108.00 54.35
91.00 193.00 185.00 107.00 54.35
95.00 190.00 180.00 107.00 54.35
92.00 189.00 182.00 103.00 54.35
97.00 188.00 182.00 110.00 54.35
96.00 189.00 179.00 111.00 54.35
99.00 192.00 193.00 117.00 54.35
110.00 197.00 195.00 128.00 54.35
96.00 205.00 203.00 153.00 54.35
126.00 215.00 203.00 147.00 54.35
122.00 195.00 207.00 161.00 54.35
108.00 168.00 193.00 155.00 54.35
119.00 176.00 197.00 158.00 54.35
115.00 140.00 174.00 142.00 54.35
130.00 174.00 177.00 150.00 54.35
121.00 181.00 178.00 154.00 54.35
133.00 207.00 184.00 156.00 54.35
139.00 204.00 190.00 169.00 54.35
137.00 213.00 192.00 163.00 54.35
144.00 204.00 187.00 169.00 54.35
147.00 199.00 184.00 164.00 54.35
142.00 200.00 183.00 175.00 54.35
145.00 194.00 177.00 172.00 54.35
138.00 187.00 181.00 174.00 54.35
131.00 191.00 176.00 190.00 54.35
132.00 189.00 178.00 209.00 54.35
138.00 195.00 178.00 207.00 54.35
138.00 198.00 184.00 210.00 54.35
150.00 198.00 185.00 214.00 54.35
156.00 203.00 189.00 217.00 54.35
154.00 208.00 190.00 219.00 54.35
155.00 203.00 191.00 213.00 54.35
155.00 205.00 187.00 213.00 54.35
162.00 196.00 189.00 213.00 54.35
162.00 193.00 186.00 205.00 54.35
156.00 192.00 181.00 204.00 54.35
156.00 190.00 180.00 204.00 54.35
156.00 192.00 180.00 203.00 54.35
158.00 193.00 182.00 200.00 54.35
167.00 189.00 178.00 201.00 54.35
167.00 192.00 178.00 203.00 54.35
174.00 199.00 183.00 201.00 54.35
173.00 200.00 189.00 209.00 54.35
177.00 198.00 190.00 219.00 54.35
187.00 205.00 195.00 215.00 54.35
196.00 203.00 196.00 214.00 54.35
200.00 204.00 194.00 216.00 54.35
198.00 206.00 189.00 212.00 54.35
199.00 202.00 190.00 208.00 54.35
198.00 201.00 189.00 204.00 54.35
195.00 197.00 183.00 206.00 54.35
197.00 195.00 184.00 202.00 54.35
200.00 193.00 181.00 201.00 54.35
201.00 187.00 179.00 203.00 54.35
206.00 192.00 184.00 209.00 54.35
228.00 203.00 180.00 216.00 54.35
219.00 206.00 187.00 218.00 54.35
224.00 206.00 191.00 219.00 54.35
225.00 208.00 187.00 216.00 54.35
223.00 202.00 187.00 212.00 54.35
227.00 198.00 192.00 214.00 54.35
223.00 202.00 189.00 208.00 54.35
218.00 198.00 179.00 207.00 54.35
218.00 198.00 184.00 207.00 54.35
220.00 198.00 185.00 208.00 54.35
215.00 194.00 180.00 204.00 54.35
218.00 191.00 186.00 201.00 54.35
215.00 191.00 185.00 202.00 54.35
216.00 192.00 180.00 201.00 54.35
211.00 190.00 182.00 204.00 54.35
219.00 195.00 182.00 199.00 54.35
212.00 194.00 180.00 202.00 54.35
209.00 187.00 181.00 202.00 54.35
211.00 192.00 177.00 203.00 54.35
217.00 190.00 184.00 205.00 54.35
216.00 194.00 181.00 203.00 54.35
218.00 195.00 186.00 215.00 54.35
221.00 199.00 193.00 215.00 54.35
233.00 211.00 198.00 220.00 54.35
236.00 209.00 194.00 223.00 54.35
236.00 202.00 195.00 215.00 54.35
229.00 200.00 194.00 212.00 54.35
222.00 203.00 185.00 202.00 54.35
220.00 197.00 183.00 209.00 54.35
218.00 196.00 178.00 206.00 54.35
210.00 190.00 180.00 203.00 54.35
219.00 192.00 186.00 214.00 54.35
221.00 198.00 189.00 210.00 54.35
223.00 198.00 195.00 216.00 54.35
233.00 208.00 200.00 218.00 54.35
238.00 209.00 197.00 217.00 54.35
233.00 195.00 192.00 217.00 54.35
226.00 201.00 193.00 213.00 54.35
224.00 194.00 187.00 212.00 54.35
224.00 197.00 182.00 211.00 54.35
225.00 197.00 183.00 209.00 54.35
222.00 196.00 184.00 205.00 54.35
223.00 193.00 189.00 200.00 54.35
216.00 190.00 183.00 196.00 54.35
227.00 188.00 180.00 148.00 54.35
201.00 183.00 162.00 158.00 54.35
220.00 193.00 200.00 164.00 54.35
217.00 194.00 202.00 166.00 54.35
223.00 199.00 202.00 170.00 54.35
224.00 197.00 203.00 172.00 54.35
226.00 195.00 194.00 169.00 54.35
208.00 192.00 197.00 170.00 54.35
207.00 197.00 199.00 183.00 54.35
218.00 190.00 196.00 190.00 54.35
209.00 191.00 189.00 202.00 54.35
216.00 187.00 188.00 205.00 54.35
223.00 189.00 191.00 201.00 54.35
218.00 184.00 194.00 201.00 54.35
218.00 188.00 192.00 213.00 54.35
225.00 197.00 211.00 216.00 54.35
234.00 200.00 216.00 215.00 54.35
229.00 205.00 213.00 210.00 54.35
227.00 197.00 206.00 207.00 54.35
234.00 197.00 205.00 213.00 54.35
223.00 197.00 204.00 211.00 54.35
223.00 198.00 198.00 212.00 54.35
220.00 197.00 196.00 208.00 54.35
217.00 196.00 189.00 204.00 54.35
221.00 193.00 195.00 200.00 54.35
214.00 189.00 194.00 203.00 54.35
213.00 190.00 194.00 200.00 54.35
214.00 194.00 194.00 206.00 54.35
225.00 194.00 194.00 214.00 54.35
220.00 208.00 203.00 217.00 54.35
228.00 204.00 206.00 220.00 54.35
224.00 204.00 207.00 213.00 54.35
227.00 205.00 209.00 213.00 54.35
224.00 203.00 203.00 209.00 54.35
220.00 199.00 197.00 205.00 54.35
226.00 199.00 192.00 202.00 54.35
223.00 192.00 197.00 200.00 54.35
212.00 192.00 190.00 201.00 54.35
208.00 191.00 190.00 203.00 54.35
208.00 194.00 189.00 197.00 54.35
218.00 198.00 198.00 210.00 54.35
225.00 203.00 202.00 216.00 54.35
230.00 202.00 209.00 213.00 54.35
238.00 202.00 202.00 213.00 54.35
234.00 200.00 202.00 208.00 54.35
221.00 202.00 195.00 208.00 54.35
216.00 200.00 191.00 202.00 54.35
222.00 194.00 190.00 204.00 54.35
220.00 189.00 192.00 202.00 54.35
215.00 188.00 200.00 208.00 54.35
230.00 199.00 200.00 213.00 54.35
233.00 205.00 201.00 216.00 54.35
236.00 200.00 204.00 217.00 54.35
231.00 198.00 192.00 209.00 54.35
229.00 202.00 195.00 204.00 54.35
219.00 198.00 198.00 206.00 54.35
224.00 194.00 191.00 206.00 54.35
224.00 189.00 186.00 201.00 54.35
218.00 193.00 187.00 199.00 54.35
219.00 196.00 186.00 200.00 54.35
226.00 191.00 186.00 198.00 54.35
224.00 193.00 186.00 200.00 54.35
223.00 191.00 183.00 205.00 54.35
222.00 189.00 187.00 203.00 54.35
240.00 190.00 195.00 213.00 54.35
234.00 199.00 193.00 210.00 54.35
229.00 197.00 205.00 216.00 54.35
234.00 200.00 197.00 212.00 54.35
244.00 205.00 202.00 215.00 54.35
238.00 209.00 201.00 216.00 54.35
229.00 203.00 207.00 210.00 54.35
229.00 203.00 196.00 210.00 54.35
227.00 198.00 195.00 214.00 54.35
223.00 194.00 196.00 204.00 54.35
216.00 192.00 190.00 205.00 54.35
215.00 189.00 191.00 201.00 54.35
217.00 189.00 184.00 200.00 54.35
213.00 183.00 189.00 206.00 54.35
219.00 198.00 200.00 214.00 54.35
214.00 196.00 195.00 224.00 54.35
231.00 200.00 194.00 218.00 54.35
224.00 208.00 197.00 218.00 54.35
225.00 204.00 195.00 211.00 54.35
225.00 198.00 194.00 213.00 54.35
227.00 204.00 197.00 214.00 54.35
227.00 202.00 195.00 210.00 54.35
220.00 203.00 198.00 207.00 54.35
220.00 199.00 195.00 208.00 54.35
215.00 196.00 194.00 206.00 54.35
216.00 193.00 194.00 208.00 54.35
215.00 193.00 194.00 207.00 54.35
218.00 192.00 189.00 205.00 54.35
215.00 187.00 194.00 203.00 54.35
214.00 186.00 192.00 204.00 54.35
215.00 187.00 190.00 209.00 54.35
220.00 190.00 195.00 207.00 54.35
215.00 192.00 195.00 209.00 54.35
220.00 199.00 194.00 213.00 54.35
225.00 198.00 187.00 207.00 54.35
213.00 193.00 200.00 213.00 54.35
200.00 180.00 177.00 210.00 54.35
204.00 178.00 201.00 205.00 54.35
201.00 182.00 207.00 223.00 54.35
203.00 185.00 210.00 212.00 54.35
205.00 177.00 211.00 215.00 54.35
215.00 183.00 210.00 223.00 54.35
205.00 176.00 209.00 222.00 54.35
202.00 173.00 203.00 203.00 54.35
193.00 171.00 162.00 165.00 54.35
165.00 154.00 195.00 172.00 54.35
177.00 155.00 218.00 184.00 54.35
194.00 161.00 211.00 195.00 54.35
195.00 158.00 210.00 187.00 54.35
188.00 162.00 206.00 186.00 54.35
176.00 156.00 201.00 192.00 54.35
172.00 151.00 198.00 205.00 54.35
183.00 162.00 209.00 211.00 54.35
186.00 171.00 207.00 207.00 54.35
188.00 161.00 202.00 205.00 54.35
180.00 158.00 197.00 200.00 54.35
176.00 159.00 200.00 198.00 54.35
172.00 155.00 196.00 203.00 54.35
178.00 159.00 194.00 205.00 54.35
196.00 156.00 196.00 209.00 54.35
178.00 150.00 185.00 183.00 54.35
135.00 66.00 89.00 80.00 54.35
56.00 29.00 44.00 65.00 54.35
40.00 43.00 41.00 60.00 54.35
50.00 33.00 78.00 64.00 54.35
43.00 83.00 43.00 161.00 54.35
59.00 77.00 73.00 195.00 54.35
91.00 79.00 81.00 221.00 54.35
90.00 86.00 81.00 221.00 54.35
93.00 87.00 84.00 202.00 54.35
87.00 74.00 80.00 154.00 54.35
64.00 63.00 63.00 164.00 54.35
69.00 70.00 62.00 198.00 54.35
74.00 71.00 64.00 212.00 54.35
72.00 68.00 62.00 217.00 53.66
69.00 65.00 55.00 195.00 54.35
79.00 61.00 58.00 179.00 54.35
72.00 60.00 57.00 183.00 54.35
75.00 65.00 62.00 177.00 54.35
76.00 63.00 57.00 174.00 54.35
70.00 57.00 54.00 175.00 54.35
67.00 56.00 49.00 174.00 54.35
71.00 57.00 52.00 177.00 54.35
64.00 49.00 45.00 140.00 54.35
24.00 30.00 0.00 33.00 54.35
9.00 19.00 24.00 32.00 54.35
5.00 23.00 19.00 34.00 54.35
8.00 16.00 13.00 33.00 54.35
7.00 22.00 12.00 50.00 54.35
24.00 24.00 20.00 29.00 54.35
9.00 20.00 19.00 30.00 54.35
5.00 22.00 19.00 26.00 54.35
5.00 21.00 18.00 28.00 54.35
6.00 20.00 17.00 28.00 54.35
4.00 21.00 19.00 29.00 54.35
5.00 20.00 19.00 28.00 54.35
5.00 20.00 20.00 27.00 54.35
4.00 19.00 20.00 25.00 54.35
