20.00 24.00 65.00 23.00 24.38
27.00 14.00 92.00 5.00 27.63
14.00 35.00 94.00 6.00 34.43
10.00 29.00 97.00 5.00 32.94
10.00 26.00 92.00 5.00 33.15
10.00 24.00 93.00 8.00 22.53
10.00 22.00 91.00 6.00 35.06
9.00 18.00 91.00 7.00 26.24
10.00 15.00 89.00 8.00 22.74
9.00 12.00 88.00 9.00 25.08
9.00 10.00 88.00 15.00 34.53
9.00 8.00 88.00 11.00 21.68
9.00 8.00 88.00 9.00 32.83
9.00 7.00 88.00 11.00 30.07
9.00 6.00 89.00 15.00 29.01
9.00 6.00 89.00 12.00 26.78
9.00 8.00 88.00 12.00 30.55
9.00 6.00 88.00 9.00 33.15
9.00 5.00 87.00 8.00 20.72
10.00 5.00 87.00 12.00 29.80
9.00 6.00 87.00 8.00 29.22
9.00 6.00 86.00 9.00 29.11
10.00 5.00 86.00 9.00 31.77
9.00 6.00 86.00 10.00 23.53
11.00 8.00 89.00 16.00 31.34
13.00 17.00 108.00 21.00 26.56
25.00 28.00 145.00 49.00 21.68
32.00 64.00 185.00 89.00 32.57
56.00 140.00 216.00 144.00 24.49
75.00 204.00 224.00 209.00 35.49
105.00 248.00 246.00 253.00 29.27
141.00 267.00 247.00 279.00 28.26
187.00 281.00 249.00 259.00 27.41
257.00 277.00 245.00 301.00 32.03
266.00 223.00 240.00 317.00 36.82
281.00 263.00 256.00 316.00 36.71
290.00 268.00 251.00 273.00 39.84
269.00 250.00 238.00 275.00 36.02
297.00 251.00 245.00 268.00 30.71
275.00 274.00 250.00 254.00 35.12
272.00 258.00 233.00 230.00 39.26
252.00 256.00 252.00 230.00 41.33
228.00 275.00 232.00 246.00 40.91
204.00 272.00 242.00 242.00 38.62
194.00 235.00 229.00 240.00 40.75
172.00 263.00 239.00 228.00 39.84
164.00 264.00 232.00 221.00 32.83
159.00 212.00 224.00 200.00 35.43
170.00 249.00 218.00 209.00 41.60
153.00 260.00 215.00 207.00 35.49
135.00 253.00 223.00 198.00 41.33
136.00 247.00 217.00 199.00 39.58
130.00 246.00 212.00 198.00 36.60
120.00 238.00 216.00 196.00 30.60
107.00 247.00 211.00 188.00 30.23
102.00 237.00 212.00 181.00 34.43
91.00 240.00 206.00 170.00 29.54
86.00 238.00 204.00 165.00 40.27
75.00 225.00 206.00 166.00 30.71
72.00 231.00 199.00 154.00 30.23
63.00 229.00 191.00 142.00 29.80
60.00 226.00 198.00 136.00 33.95
56.00 229.00 220.00 140.00 31.24
56.00 227.00 209.00 135.00 30.12
46.00 223.00 207.00 135.00 28.90
48.00 221.00 212.00 128.00 27.57
47.00 232.00 206.00 134.00 27.41
44.00 227.00 209.00 133.00 37.77
47.00 228.00 211.00 138.00 35.33
55.00 233.00 211.00 134.00 36.13
50.00 238.00 204.00 132.00 30.18
58.00 231.00 196.00 132.00 33.84
59.00 236.00 197.00 135.00 28.26
63.00 236.00 208.00 124.00 32.30
63.00 234.00 200.00 124.00 29.70
61.00 234.00 207.00 125.00 39.95
64.00 240.00 198.00 131.00 39.53
67.00 233.00 206.00 135.00 33.42
53.00 234.00 214.00 142.00 32.62
65.00 252.00 214.00 153.00 32.35
72.00 251.00 206.00 157.00 35.43
81.00 253.00 205.00 158.00 37.08
77.00 252.00 211.00 159.00 37.61
79.00 257.00 201.00 177.00 38.68
67.00 194.00 193.00 208.00 33.84
85.00 253.00 195.00 216.00 40.38
83.00 242.00 204.00 233.00 41.65
90.00 214.00 202.00 217.00 41.86
105.00 222.00 191.00 238.00 34.64
111.00 209.00 210.00 256.00 40.06
118.00 233.00 221.00 246.00 37.03
152.00 242.00 208.00 247.00 39.37
168.00 216.00 223.00 247.00 35.65
217.00 233.00 215.00 222.00 35.01
217.00 225.00 198.00 187.00 40.80
226.00 257.00 220.00 225.00 34.96
233.00 246.00 214.00 250.00 36.92
235.00 240.00 216.00 220.00 39.95
237.00 244.00 205.00 207.00 38.99
219.00 252.00 201.00 200.00 35.49
215.00 224.00 204.00 227.00 38.36
236.00 224.00 212.00 236.00 35.54
246.00 228.00 213.00 221.00 40.64
235.00 249.00 213.00 193.00 40.06
235.00 257.00 200.00 213.00 41.12
229.00 244.00 215.00 236.00 41.39
245.00 242.00 206.00 213.00 36.02
244.00 238.00 180.00 154.00 35.91
224.00 223.00 205.00 224.00 37.03
246.00 231.00 203.00 214.00 36.66
228.00 222.00 190.00 206.00 39.15
227.00 242.00 215.00 194.00 40.85
241.00 251.00 221.00 209.00 41.92
243.00 248.00 223.00 214.00 38.73
241.00 244.00 219.00 211.00 38.09
239.00 235.00 217.00 216.00 37.67
267.00 244.00 211.00 222.00 39.26
229.00 247.00 218.00 221.00 36.29
233.00 232.00 203.00 214.00 37.83
203.00 243.00 204.00 214.00 39.90
230.00 232.00 206.00 209.00 40.48
219.00 233.00 212.00 223.00 42.34
234.00 222.00 220.00 242.00 42.24
264.00 232.00 225.00 242.00 37.72
251.00 230.00 222.00 232.00 36.18
237.00 244.00 216.00 201.00 40.85
242.00 235.00 222.00 207.00 39.95
230.00 227.00 209.00 207.00 36.55
235.00 230.00 209.00 214.00 42.24
226.00 217.00 209.00 205.00 35.91
225.00 223.00 204.00 199.00 40.59
217.00 224.00 212.00 233.00 36.98
235.00 246.00 201.00 222.00 36.29
252.00 247.00 228.00 222.00 36.71
255.00 226.00 215.00 241.00 39.10
225.00 254.00 208.00 222.00 37.14
248.00 217.00 218.00 225.00 42.82
232.00 238.00 215.00 216.00 42.77
203.00 237.00 219.00 231.00 38.30
266.00 229.00 208.00 216.00 40.48
248.00 243.00 218.00 227.00 37.19
238.00 232.00 210.00 207.00 43.09
225.00 223.00 201.00 202.00 36.82
231.00 224.00 212.00 215.00 37.35
215.00 216.00 211.00 212.00 38.04
225.00 225.00 198.00 214.00 42.29
247.00 239.00 224.00 217.00 37.40
266.00 234.00 233.00 227.00 42.50
251.00 229.00 220.00 210.00 37.24
235.00 242.00 211.00 217.00 40.16
240.00 216.00 212.00 236.00 42.77
263.00 213.00 213.00 216.00 40.59
254.00 220.00 212.00 212.00 37.19
245.00 219.00 203.00 210.00 36.87
246.00 218.00 197.00 212.00 39.84
211.00 221.00 217.00 220.00 42.34
258.00 226.00 227.00 218.00 36.34
246.00 219.00 218.00 216.00 42.61
218.00 239.00 221.00 202.00 42.82
252.00 217.00 214.00 221.00 37.14
236.00 223.00 215.00 233.00 41.23
230.00 217.00 203.00 232.00 42.82
228.00 215.00 201.00 230.00 36.02
220.00 222.00 196.00 234.00 37.29
234.00 226.00 217.00 233.00 42.13
214.00 236.00 218.00 229.00 37.14
205.00 223.00 225.00 230.00 38.68
229.00 220.00 200.00 223.00 40.96
219.00 219.00 204.00 213.00 37.24
210.00 211.00 199.00 232.00 42.39
217.00 222.00 210.00 225.00 41.49
223.00 208.00 208.00 246.00 42.87
235.00 222.00 217.00 245.00 42.24
243.00 227.00 222.00 225.00 42.77
247.00 211.00 207.00 242.00 36.87
251.00 198.00 212.00 224.00 37.51
203.00 221.00 197.00 216.00 41.70
216.00 219.00 201.00 233.00 40.06
247.00 214.00 214.00 222.00 38.78
246.00 226.00 199.00 242.00 42.18
232.00 242.00 222.00 230.00 42.82
245.00 224.00 207.00 233.00 41.86
230.00 246.00 210.00 210.00 40.69
229.00 212.00 218.00 240.00 36.07
231.00 227.00 208.00 225.00 36.23
228.00 228.00 209.00 241.00 38.36
243.00 215.00 199.00 232.00 36.02
236.00 207.00 209.00 248.00 37.08
235.00 226.00 200.00 222.00 40.32
243.00 200.00 199.00 235.00 41.33
232.00 202.00 203.00 221.00 36.82
194.00 221.00 206.00 224.00 35.91
199.00 219.00 221.00 240.00 39.58
228.00 230.00 223.00 244.00 38.46
236.00 235.00 213.00 245.00 39.05
221.00 225.00 218.00 236.00 38.57
216.00 227.00 210.00 247.00 42.18
249.00 228.00 219.00 244.00 42.50
237.00 212.00 214.00 224.00 42.45
209.00 219.00 199.00 222.00 37.40
200.00 212.00 199.00 215.00 42.77
207.00 208.00 202.00 217.00 42.39
207.00 208.00 200.00 206.00 39.69
192.00 203.00 197.00 208.00 36.07
196.00 204.00 194.00 197.00 39.47
185.00 204.00 205.00 201.00 42.93
183.00 184.00 188.00 198.00 42.08
167.00 197.00 199.00 208.00 39.47
194.00 207.00 209.00 201.00 37.88
180.00 201.00 191.00 204.00 36.44
172.00 217.00 196.00 217.00 42.34
212.00 207.00 197.00 211.00 42.34
230.00 206.00 197.00 209.00 36.34
202.00 216.00 205.00 206.00 41.54
214.00 201.00 203.00 218.00 41.97
201.00 217.00 204.00 222.00 39.63
208.00 179.00 193.00 219.00 36.55
198.00 198.00 190.00 225.00 40.69
219.00 227.00 190.00 213.00 35.97
224.00 219.00 216.00 217.00 42.24
217.00 209.00 225.00 224.00 42.61
206.00 210.00 225.00 216.00 36.13
213.00 210.00 207.00 206.00 36.82
212.00 202.00 207.00 223.00 38.46
215.00 206.00 202.00 218.00 42.18
214.00 199.00 220.00 219.00 39.15
218.00 209.00 210.00 210.00 39.74
213.00 205.00 207.00 209.00 37.08
217.00 204.00 206.00 214.00 41.86
206.00 204.00 211.00 219.00 37.35
202.00 196.00 205.00 203.00 40.43
204.00 191.00 199.00 208.00 39.69
205.00 202.00 201.00 201.00 33.84
198.00 197.00 199.00 206.00 41.65
192.00 199.00 199.00 196.00 41.70
190.00 194.00 200.00 201.00 35.22
195.00 194.00 195.00 198.00 34.96
195.00 198.00 194.00 206.00 35.06
180.00 195.00 190.00 210.00 40.91
175.00 196.00 190.00 199.00 40.85
167.00 180.00 190.00 196.00 36.02
160.00 197.00 191.00 199.00 39.37
160.00 203.00 194.00 202.00 41.65
160.00 191.00 200.00 199.00 41.33
174.00 198.00 202.00 206.00 34.00
185.00 203.00 205.00 212.00 41.44
208.00 212.00 203.00 204.00 39.79
201.00 203.00 197.00 200.00 32.35
214.00 207.00 204.00 196.00 33.42
199.00 201.00 203.00 194.00 32.73
215.00 208.00 200.00 187.00 37.40
222.00 200.00 198.00 182.00 41.17
209.00 193.00 188.00 178.00 36.82
201.00 199.00 177.00 172.00 39.05
186.00 204.00 190.00 188.00 39.95
178.00 206.00 191.00 185.00 36.76
162.00 207.00 189.00 185.00 40.06
148.00 207.00 180.00 181.00 30.92
141.00 205.00 179.00 168.00 39.63
126.00 205.00 185.00 162.00 40.80
120.00 205.00 169.00 152.00 30.71
107.00 200.00 164.00 167.00 32.09
97.00 200.00 163.00 161.00 38.89
97.00 196.00 160.00 157.00 36.34
88.00 194.00 157.00 143.00 30.18
77.00 195.00 163.00 133.00 38.14
71.00 204.00 168.00 125.00 37.83
72.00 206.00 169.00 127.00 36.07
66.00 200.00 165.00 111.00 33.42
70.00 204.00 158.00 103.00 34.96
63.00 201.00 150.00 100.00 39.90
60.00 191.00 148.00 94.00 39.90
56.00 189.00 146.00 89.00 34.00
55.00 195.00 143.00 84.00 30.55
54.00 193.00 140.00 77.00 40.11
53.00 192.00 141.00 75.00 29.48
52.00 193.00 140.00 68.00 36.23
50.00 192.00 140.00 62.00 37.67
49.00 192.00 140.00 72.00 37.67
49.00 193.00 144.00 56.00 31.40
38.00 192.00 140.00 50.00 39.84
48.00 196.00 141.00 54.00 35.01
52.00 191.00 144.00 59.00 38.52
53.00 196.00 145.00 55.00 39.90
55.00 196.00 145.00 59.00 38.84
52.00 193.00 143.00 56.00 36.02
52.00 195.00 144.00 55.00 32.51
53.00 190.00 140.00 54.00 28.00
52.00 185.00 140.00 45.00 32.67
45.00 181.00 138.00 53.00 29.11
48.00 183.00 140.00 46.00 27.89
47.00 189.00 137.00 43.00 39.47
46.00 190.00 138.00 38.00 37.77
40.00 190.00 134.00 28.00 28.85
20.00 59.00 25.00 32.00 37.14

