0.00 69.00 34.00 5.00 54.35
23.00 129.00 120.00 23.00 54.35
91.00 209.00 171.00 30.00 54.35
129.00 221.00 215.00 32.00 54.35
172.00 220.00 228.00 45.00 54.35
208.00 228.00 221.00 81.00 54.35
222.00 234.00 225.00 124.00 54.35
231.00 229.00 225.00 152.00 54.35
237.00 231.00 231.00 204.00 54.35
231.00 231.00 230.00 205.00 54.35
232.00 232.00 222.00 203.00 54.35
232.00 229.00 226.00 208.00 54.35
249.00 233.00 218.00 211.00 54.35
234.00 246.00 222.00 205.00 54.35
244.00 261.00 232.00 223.00 54.35
252.00 266.00 231.00 236.00 54.35
239.00 248.00 243.00 229.00 54.35
249.00 247.00 239.00 218.00 54.35
244.00 240.00 231.00 222.00 54.35
243.00 239.00 228.00 210.00 54.35
241.00 247.00 227.00 215.00 54.35
244.00 237.00 224.00 219.00 54.35
236.00 240.00 233.00 215.00 54.35
241.00 237.00 235.00 216.00 54.35
241.00 240.00 233.00 219.00 54.35
239.00 247.00 237.00 234.00 54.35
247.00 261.00 233.00 212.00 54.35
263.00 260.00 232.00 221.00 54.35
251.00 255.00 239.00 214.00 54.35
255.00 248.00 226.00 213.00 54.35
254.00 245.00 221.00 217.00 54.35
240.00 244.00 212.00 220.00 54.35
240.00 243.00 214.00 207.00 54.35
243.00 241.00 226.00 210.00 54.35
244.00 247.00 226.00 212.00 54.35
259.00 245.00 231.00 221.00 54.35
239.00 223.00 221.00 208.00 54.35
237.00 224.00 222.00 204.00 54.35
241.00 229.00 214.00 202.00 54.35
247.00 226.00 225.00 209.00 54.35
253.00 242.00 235.00 210.00 54.35
249.00 232.00 219.00 209.00 54.35
232.00 228.00 220.00 202.00 54.35
243.00 230.00 240.00 235.00 54.35
250.00 242.00 240.00 224.00 54.35
250.00 245.00 240.00 223.00 54.35
257.00 248.00 228.00 227.00 54.35
246.00 234.00 226.00 216.00 54.35
247.00 235.00 212.00 203.00 54.35
234.00 236.00 206.00 210.00 54.35
233.00 234.00 211.00 231.00 54.35
230.00 245.00 227.00 213.00 54.35
240.00 240.00 227.00 220.00 54.35
242.00 232.00 221.00 201.00 54.35
239.00 230.00 206.00 205.00 54.35
224.00 219.00 214.00 203.00 54.35
237.00 220.00 207.00 196.00 54.35
240.00 236.00 204.00 214.00 54.35
217.00 245.00 208.00 223.00 54.35
238.00 237.00 214.00 222.00 54.35
239.00 227.00 205.00 215.00 54.35
232.00 228.00 212.00 201.00 54.35
226.00 227.00 200.00 196.00 54.35
232.00 227.00 200.00 209.00 54.35
235.00 240.00 211.00 212.00 54.35
239.00 237.00 210.00 203.00 54.35
234.00 236.00 196.00 212.00 54.35
231.00 233.00 194.00 211.00 54.35
233.00 226.00 204.00 210.00 54.35
224.00 218.00 212.00 215.00 54.35
212.00 232.00 200.00 211.00 54.35
207.00 237.00 208.00 217.00 54.35
238.00 234.00 215.00 203.00 54.35
235.00 232.00 199.00 212.00 54.35
240.00 235.00 214.00 207.00 54.35
229.00 224.00 200.00 200.00 54.35
232.00 224.00 191.00 183.00 54.35
234.00 221.00 189.00 189.00 54.35
232.00 221.00 210.00 195.00 54.35
235.00 220.00 207.00 213.00 54.35
237.00 229.00 216.00 205.00 54.35
245.00 220.00 213.00 215.00 54.35
243.00 225.00 217.00 208.00 54.35
241.00 228.00 222.00 205.00 54.35
245.00 241.00 219.00 214.00 54.35
245.00 240.00 236.00 215.00 54.35
235.00 239.00 221.00 222.00 54.35
244.00 235.00 224.00 199.00 54.35
247.00 235.00 220.00 223.00 54.35
239.00 230.00 194.00 208.00 54.35
244.00 231.00 187.00 201.00 54.35
235.00 230.00 213.00 204.00 54.35
236.00 219.00 206.00 193.00 54.35
233.00 220.00 186.00 197.00 54.35
241.00 218.00 186.00 199.00 54.35
231.00 225.00 209.00 202.00 54.35
237.00 230.00 215.00 219.00 54.35
246.00 224.00 222.00 228.00 54.35
243.00 232.00 220.00 211.00 54.35
247.00 244.00 189.00 223.00 54.35
237.00 242.00 197.00 211.00 54.35
241.00 232.00 197.00 193.00 54.35
243.00 233.00 213.00 210.00 54.35
228.00 231.00 203.00 193.00 54.35
235.00 229.00 203.00 199.00 54.35
228.00 230.00 201.00 217.00 54.35
244.00 234.00 225.00 214.00 54.35
245.00 229.00 220.00 211.00 54.35
234.00 233.00 195.00 202.00 54.35
236.00 233.00 226.00 213.00 54.35
249.00 237.00 231.00 198.00 54.35
228.00 240.00 214.00 219.00 54.35
236.00 242.00 221.00 202.00 54.35
243.00 253.00 223.00 224.00 54.35
245.00 250.00 231.00 218.00 54.35
247.00 247.00 219.00 207.00 54.35
236.00 242.00 224.00 211.00 54.35
233.00 231.00 227.00 201.00 54.35
240.00 239.00 236.00 209.00 54.35
246.00 246.00 243.00 224.00 54.35
235.00 254.00 236.00 210.00 54.35
232.00 237.00 207.00 207.00 54.35
234.00 251.00 211.00 212.00 54.35
211.00 242.00 192.00 200.00 54.35
225.00 234.00 192.00 202.00 54.35
233.00 246.00 223.00 216.00 54.35
247.00 246.00 197.00 214.00 54.35
247.00 243.00 197.00 209.00 54.35
231.00 236.00 193.00 220.00 54.35
223.00 227.00 208.00 206.00 54.35
228.00 229.00 224.00 217.00 54.35
249.00 237.00 216.00 207.00 54.35
245.00 236.00 195.00 218.00 54.35
240.00 232.00 199.00 207.00 54.35
231.00 230.00 231.00 219.00 54.35
237.00 240.00 212.00 211.00 54.35
238.00 226.00 209.00 195.00 54.35
231.00 227.00 204.00 219.00 54.35
229.00 225.00 208.00 203.00 54.35
234.00 243.00 209.00 206.00 54.35
234.00 225.00 221.00 201.00 54.35
227.00 223.00 215.00 179.00 54.35
239.00 225.00 196.00 183.00 54.35
242.00 237.00 222.00 201.00 54.35
243.00 235.00 246.00 205.00 54.35
242.00 228.00 217.00 199.00 54.35
228.00 217.00 222.00 212.00 54.35
234.00 220.00 223.00 203.00 54.35
248.00 243.00 232.00 230.00 54.35
244.00 238.00 240.00 216.00 54.35
235.00 232.00 226.00 192.00 54.35
225.00 242.00 196.00 202.00 54.35
231.00 236.00 203.00 210.00 54.35
228.00 231.00 192.00 210.00 54.35
233.00 240.00 206.00 222.00 54.35
233.00 222.00 204.00 221.00 54.35
234.00 229.00 210.00 215.00 54.35
227.00 210.00 197.00 208.00 54.35
230.00 238.00 198.00 236.00 54.35
258.00 236.00 226.00 216.00 54.35
247.00 236.00 203.00 205.00 54.35
233.00 220.00 200.00 197.00 54.35
221.00 199.00 199.00 184.00 54.35
240.00 213.00 218.00 205.00 54.35
239.00 212.00 209.00 210.00 54.35
239.00 221.00 214.00 217.00 54.35
242.00 222.00 220.00 222.00 54.35
233.00 220.00 218.00 219.00 54.35
245.00 220.00 213.00 221.00 54.35
220.00 215.00 209.00 230.00 54.35
210.00 215.00 203.00 208.00 54.35
240.00 210.00 219.00 231.00 54.35
240.00 220.00 215.00 228.00 54.35
235.00 227.00 225.00 215.00 54.35
227.00 223.00 222.00 216.00 54.35
231.00 219.00 214.00 202.00 54.35
227.00 210.00 195.00 216.00 54.35
221.00 210.00 207.00 220.00 54.35
228.00 221.00 217.00 212.00 54.35
234.00 216.00 217.00 224.00 54.35
231.00 212.00 207.00 210.00 54.35
217.00 209.00 214.00 207.00 54.35
225.00 205.00 200.00 217.00 54.35
232.00 211.00 220.00 226.00 54.35
233.00 214.00 213.00 225.00 54.35
216.00 213.00 212.00 224.00 54.35
213.00 210.00 219.00 225.00 54.35
207.00 199.00 208.00 211.00 54.35
230.00 193.00 207.00 217.00 54.35
244.00 201.00 211.00 214.00 54.35
231.00 188.00 201.00 210.00 54.35
218.00 182.00 193.00 208.00 54.35
220.00 182.00 185.00 204.00 54.35
218.00 180.00 189.00 209.00 54.35
217.00 190.00 187.00 213.00 54.35
230.00 195.00 203.00 234.00 54.35
224.00 201.00 206.00 226.00 54.35
214.00 196.00 211.00 227.00 54.35
211.00 188.00 206.00 219.00 54.35
211.00 191.00 200.00 206.00 54.35
209.00 186.00 197.00 214.00 54.35
208.00 191.00 216.00 213.00 54.35
229.00 205.00 208.00 215.00 54.35
227.00 197.00 202.00 213.00 54.35
229.00 191.00 201.00 211.00 54.35
212.00 184.00 195.00 214.00 54.35
222.00 180.00 200.00 214.00 54.35
217.00 187.00 197.00 222.00 54.35
231.00 200.00 213.00 229.00 54.35
236.00 202.00 205.00 224.00 54.35
233.00 191.00 216.00 210.00 54.35
223.00 189.00 208.00 201.00 54.35
217.00 182.00 195.00 199.00 54.35
210.00 170.00 194.00 205.00 54.35
220.00 182.00 209.00 201.00 54.35
223.00 193.00 201.00 212.00 54.35
225.00 188.00 201.00 199.00 54.35
213.00 184.00 193.00 198.00 54.35
219.00 173.00 182.00 187.00 54.35
209.00 171.00 186.00 187.00 54.35
210.00 182.00 195.00 185.00 54.35
219.00 187.00 185.00 188.00 54.35
218.00 181.00 182.00 189.00 54.35
205.00 181.00 202.00 189.00 54.35
206.00 179.00 188.00 183.00 54.35
203.00 178.00 208.00 196.00 54.35
207.00 183.00 203.00 194.00 54.35
207.00 184.00 198.00 192.00 54.35
195.00 179.00 203.00 195.00 54.35
189.00 180.00 200.00 182.00 54.35
187.00 179.00 207.00 184.00 54.35
194.00 184.00 200.00 196.00 54.35
206.00 187.00 199.00 186.00 54.35
211.00 178.00 188.00 173.00 54.35
195.00 168.00 180.00 180.00 54.35
189.00 168.00 183.00 176.00 54.35
197.00 175.00 192.00 189.00 54.35
195.00 183.00 197.00 184.00 54.35
203.00 183.00 196.00 185.00 54.35
198.00 178.00 180.00 178.00 54.35
191.00 172.00 182.00 171.00 54.35
187.00 172.00 167.00 183.00 54.35
186.00 176.00 206.00 185.00 54.35
204.00 184.00 189.00 183.00 54.35
203.00 172.00 175.00 183.00 54.35
204.00 173.00 184.00 185.00 54.35
203.00 175.00 169.00 187.00 54.35
202.00 174.00 181.00 197.00 54.35
207.00 182.00 185.00 187.00 54.35
204.00 177.00 173.00 185.00 54.35
194.00 173.00 178.00 176.00 54.35
191.00 173.00 186.00 176.00 54.35
194.00 174.00 181.00 185.00 54.35
212.00 181.00 185.00 186.00 54.35
211.00 180.00 183.00 187.00 54.35
206.00 175.00 176.00 182.00 54.35
196.00 168.00 175.00 176.00 54.35
191.00 167.00 176.00 179.00 54.35
204.00 170.00 185.00 192.00 54.35
203.00 176.00 183.00 196.00 54.35
196.00 176.00 184.00 184.00 54.35
183.00 173.00 178.00 177.00 54.35
174.00 171.00 176.00 178.00 54.35
167.00 166.00 174.00 177.00 54.35
153.00 174.00 180.00 181.00 54.35
155.00 177.00 188.00 172.00 54.35
153.00 171.00 181.00 175.00 54.35
149.00 170.00 175.00 174.00 54.35
144.00 170.00 169.00 170.00 54.35
143.00 173.00 174.00 178.00 54.35
149.00 178.00 185.00 183.00 54.35
151.00 177.00 183.00 176.00 54.35
145.00 173.00 174.00 176.00 54.35
144.00 162.00 172.00 173.00 54.35
143.00 162.00 177.00 176.00 54.35
148.00 180.00 180.00 185.00 54.35
149.00 177.00 180.00 175.00 54.35
142.00 174.00 168.00 175.00 54.35
141.00 172.00 172.00 172.00 54.35
143.00 170.00 170.00 179.00 54.35
151.00 174.00 176.00 181.00 54.35
150.00 167.00 173.00 173.00 54.35
145.00 160.00 165.00 176.00 54.35
142.00 161.00 161.00 175.00 54.35
143.00 168.00 164.00 176.00 54.35
146.00 172.00 175.00 177.00 54.35
151.00 171.00 176.00 180.00 54.35
151.00 168.00 173.00 178.00 54.35
149.00 167.00 166.00 171.00 54.35
143.00 169.00 166.00 173.00 54.35
144.00 165.00 166.00 173.00 54.35
145.00 169.00 169.00 176.00 54.35
151.00 174.00 172.00 178.00 54.35
148.00 171.00 171.00 171.00 54.35
146.00 165.00 163.00 172.00 54.35
141.00 159.00 165.00 172.00 54.35
141.00 168.00 163.00 173.00 54.35
144.00 174.00 175.00 179.00 54.35
148.00 179.00 178.00 178.00 54.35
148.00 174.00 171.00 176.00 54.35
144.00 170.00 167.00 169.00 54.35
143.00 168.00 164.00 172.00 54.35
143.00 165.00 164.00 175.00 54.35
143.00 167.00 173.00 179.00 54.35
149.00 177.00 173.00 179.00 54.35
149.00 174.00 170.00 175.00 54.35
148.00 170.00 171.00 175.00 54.35
145.00 171.00 166.00 173.00 54.35
143.00 167.00 166.00 174.00 54.35
142.00 166.00 162.00 172.00 54.35
140.00 163.00 162.00 174.00 54.35
143.00 175.00 172.00 177.00 54.35
147.00 176.00 173.00 178.00 54.35
148.00 175.00 173.00 179.00 54.35
146.00 174.00 171.00 170.00 54.35
145.00 170.00 171.00 172.00 54.35
141.00 164.00 165.00 171.00 54.35
145.00 160.00 161.00 170.00 54.35
144.00 156.00 159.00 170.00 54.35
145.00 155.00 158.00 173.00 54.35
145.00 167.00 165.00 178.00 54.35
152.00 172.00 169.00 177.00 54.35
152.00 174.00 171.00 179.00 54.35
152.00 173.00 171.00 177.00 54.35
149.00 169.00 165.00 168.00 54.35
146.00 168.00 161.00 172.00 54.35
145.00 166.00 163.00 172.00 54.35
147.00 159.00 162.00 174.00 54.35
152.00 163.00 164.00 175.00 54.35
154.00 164.00 168.00 175.00 54.35
149.00 169.00 163.00 172.00 54.35
148.00 169.00 162.00 171.00 54.35
147.00 170.00 161.00 170.00 54.35
148.00 166.00 160.00 170.00 54.35
147.00 164.00 159.00 171.00 54.35
149.00 160.00 160.00 178.00 54.35
152.00 161.00 166.00 180.00 54.35
157.00 166.00 165.00 180.00 54.35
153.00 171.00 166.00 175.00 54.35
150.00 166.00 163.00 172.00 54.35
147.00 166.00 161.00 171.00 54.35
145.00 159.00 157.00 172.00 54.35
145.00 162.00 156.00 175.00 54.35
146.00 167.00 166.00 180.00 54.35
151.00 174.00 169.00 179.00 54.35
154.00 172.00 166.00 177.00 54.35
151.00 166.00 165.00 171.00 54.35
148.00 160.00 159.00 172.00 54.35
146.00 156.00 155.00 171.00 54.35
146.00 163.00 159.00 170.00 54.35
151.00 174.00 167.00 177.00 54.35
155.00 175.00 166.00 178.00 54.35
150.00 171.00 163.00 179.00 54.35
145.00 165.00 158.00 171.00 54.35
145.00 163.00 156.00 179.00 54.35
145.00 161.00 165.00 186.00 54.35
150.00 166.00 164.00 182.00 54.35
151.00 161.00 161.00 181.00 54.35
147.00 162.00 160.00 177.00 54.35
144.00 168.00 161.00 173.00 54.35
144.00 167.00 164.00 173.00 54.35
143.00 169.00 170.00 178.00 54.35
149.00 171.00 168.00 177.00 54.35
149.00 168.00 165.00 171.00 54.35
144.00 159.00 156.00 172.00 54.35
142.00 155.00 156.00 166.00 54.35
139.00 154.00 151.00 171.00 54.35
142.00 162.00 160.00 175.00 54.35
143.00 164.00 159.00 174.00 54.35
139.00 160.00 157.00 170.00 54.35
135.00 154.00 153.00 170.00 54.35
133.00 149.00 153.00 169.00 54.35
135.00 149.00 158.00 175.00 54.35
137.00 153.00 153.00 168.00 54.35
136.00 148.00 154.00 168.00 54.35
134.00 142.00 149.00 167.00 54.35
131.00 141.00 149.00 166.00 54.35
130.00 139.00 149.00 169.00 54.35
129.00 143.00 155.00 170.00 54.35
132.00 143.00 157.00 175.00 54.35
135.00 142.00 154.00 167.00 54.35
133.00 140.00 149.00 162.00 54.35
131.00 138.00 148.00 161.00 54.35
130.00 135.00 147.00 165.00 54.35
127.00 135.00 148.00 167.00 54.35
128.00 135.00 145.00 165.00 54.35
128.00 140.00 150.00 168.00 54.35
134.00 136.00 135.00 162.00 54.35
128.00 139.00 135.00 168.00 54.35
111.00 119.00 140.00 134.00 54.35
113.00 127.00 146.00 138.00 54.35
113.00 157.00 145.00 138.00 54.35
112.00 168.00 147.00 142.00 54.35
112.00 164.00 152.00 147.00 54.35
120.00 171.00 154.00 153.00 54.35
120.00 169.00 156.00 146.00 54.35
119.00 163.00 150.00 144.00 54.35
118.00 163.00 147.00 141.00 54.35
116.00 169.00 148.00 142.00 54.35
119.00 173.00 148.00 143.00 54.35
119.00 172.00 154.00 147.00 54.35
125.00 173.00 154.00 147.00 54.35
125.00 168.00 153.00 146.00 54.35
125.00 170.00 150.00 144.00 54.35
121.00 171.00 148.00 143.00 54.35
123.00 173.00 148.00 142.00 54.35
123.00 178.00 151.00 148.00 54.35
129.00 178.00 155.00 149.00 54.35
128.00 172.00 153.00 142.00 54.35
124.00 166.00 146.00 139.00 54.35
123.00 164.00 143.00 141.00 54.35
122.00 164.00 144.00 141.00 54.35
125.00 168.00 146.00 148.00 54.35
131.00 169.00 149.00 147.00 54.35
129.00 167.00 147.00 142.00 54.35
125.00 163.00 142.00 141.00 54.35
123.00 161.00 139.00 138.00 54.35
121.00 152.00 134.00 135.00 54.35
121.00 155.00 142.00 142.00 54.35
125.00 155.00 117.00 69.00 54.35
62.00 21.00 3.00 23.00 54.35
8.00 12.00 3.00 0.00 54.35
1.00 6.00 0.00 0.00 54.35
0.00 0.00 0.00 0.00 54.35
0.00 0.00 0.00 0.00 54.35
0.00 0.00 0.00 0.00 54.35
0.00 0.00 0.00 0.00 54.35
0.00 0.00 0.00 0.00 54.35
0.00 0.00 0.00 0.00 54.35
0.00 0.00 0.00 0.00 54.35
