12.00 55.00 7.00 10.00 54.35
22.00 81.00 15.00 16.00 54.35
28.00 108.00 22.00 20.00 54.35
38.00 123.00 36.00 26.00 54.35
40.00 142.00 42.00 28.00 54.35
42.00 168.00 63.00 34.00 54.35
56.00 215.00 89.00 34.00 54.35
82.00 247.00 107.00 50.00 54.35
112.00 243.00 126.00 43.00 54.35
138.00 267.00 142.00 48.00 54.35
150.00 260.00 148.00 53.00 54.35
159.00 256.00 157.00 34.00 54.35
188.00 260.00 163.00 38.00 54.35
195.00 269.00 170.00 44.00 54.35
233.00 281.00 179.00 36.00 54.35
242.00 283.00 190.00 46.00 54.35
247.00 284.00 209.00 56.00 54.35
248.00 277.00 226.00 49.00 54.35
251.00 279.00 230.00 42.00 54.35
256.00 269.00 229.00 53.00 54.35
238.00 257.00 229.00 60.00 54.35
266.00 275.00 237.00 60.00 54.35
251.00 267.00 241.00 62.00 54.35
265.00 280.00 251.00 63.00 54.35
267.00 283.00 253.00 70.00 54.35
269.00 278.00 249.00 67.00 54.35
268.00 272.00 246.00 69.00 54.35
257.00 268.00 246.00 67.00 54.35
265.00 269.00 250.00 68.00 54.35
261.00 265.00 250.00 75.00 54.35
251.00 265.00 258.00 82.00 54.35
261.00 266.00 262.00 96.00 54.35
246.00 256.00 259.00 108.00 54.35
241.00 251.00 252.00 112.00 54.35
232.00 241.00 250.00 114.00 54.35
229.00 230.00 251.00 119.00 54.35
222.00 227.00 242.00 128.00 54.35
212.00 228.00 243.00 136.00 54.35
220.00 230.00 251.00 165.00 54.35
224.00 231.00 252.00 171.00 54.35
217.00 220.00 241.00 202.00 54.35
216.00 213.00 240.00 211.00 54.35
204.00 209.00 231.00 225.00 54.35
214.00 208.00 228.00 215.00 54.35
206.00 201.00 228.00 210.00 54.35
197.00 221.00 245.00 223.00 54.35
219.00 220.00 240.00 214.00 54.35
202.00 212.00 232.00 222.00 54.35
209.00 203.00 225.00 213.00 54.35
206.00 204.00 220.00 207.00 54.35
207.00 198.00 221.00 214.00 54.35
204.00 201.00 229.00 212.00 54.35
219.00 210.00 236.00 212.00 54.35
225.00 201.00 232.00 210.00 54.35
223.00 199.00 226.00 202.00 54.35
208.00 195.00 222.00 203.00 54.35
208.00 185.00 217.00 204.00 54.35
191.00 188.00 214.00 200.00 54.35
202.00 187.00 215.00 206.00 54.35
196.00 195.00 224.00 204.00 54.35
208.00 216.00 226.00 206.00 54.35
212.00 216.00 225.00 212.00 54.35
212.00 207.00 220.00 205.00 54.35
205.00 206.00 211.00 202.00 54.35
204.00 199.00 213.00 210.00 54.35
205.00 209.00 217.00 200.00 54.35
207.00 204.00 222.00 212.00 54.35
205.00 211.00 226.00 208.00 54.35
214.00 215.00 220.00 209.00 54.35
220.00 204.00 217.00 206.00 54.35
214.00 203.00 218.00 211.00 54.35
211.00 202.00 215.00 213.00 54.35
215.00 197.00 216.00 203.00 54.35
220.00 210.00 221.00 211.00 54.35
219.00 212.00 229.00 221.00 54.35
230.00 218.00 223.00 210.00 54.35
217.00 206.00 217.00 206.00 54.35
227.00 210.00 212.00 206.00 54.35
227.00 205.00 208.00 206.00 54.35
222.00 207.00 206.00 206.00 54.35
221.00 203.00 221.00 217.00 54.35
221.00 213.00 223.00 209.00 54.35
213.00 212.00 218.00 217.00 54.35
220.00 204.00 223.00 206.00 54.35
225.00 206.00 210.00 210.00 54.35
209.00 202.00 203.00 193.00 54.35
208.00 190.00 216.00 213.00 54.35
216.00 191.00 214.00 210.00 54.35
233.00 198.00 222.00 215.00 54.35
231.00 207.00 225.00 222.00 54.35
233.00 207.00 223.00 204.00 54.35
230.00 188.00 213.00 202.00 54.35
209.00 195.00 207.00 213.00 54.35
221.00 196.00 206.00 217.00 54.35
211.00 194.00 208.00 205.00 54.35
211.00 191.00 212.00 215.00 54.35
235.00 196.00 221.00 224.00 54.35
232.00 206.00 225.00 213.00 54.35
235.00 202.00 213.00 207.00 54.35
229.00 197.00 215.00 214.00 54.35
227.00 195.00 212.00 218.00 54.35
227.00 195.00 212.00 213.00 54.35
217.00 199.00 208.00 195.00 54.35
213.00 196.00 218.00 211.00 54.35
217.00 207.00 214.00 208.00 54.35
226.00 204.00 215.00 203.00 54.35
228.00 202.00 222.00 220.00 54.35
238.00 213.00 221.00 226.00 54.35
240.00 212.00 223.00 224.00 54.35
235.00 213.00 229.00 225.00 54.35
230.00 218.00 224.00 216.00 54.35
229.00 210.00 215.00 214.00 54.35
230.00 202.00 215.00 209.00 54.35
233.00 202.00 212.00 205.00 54.35
228.00 201.00 210.00 200.00 54.35
229.00 203.00 215.00 202.00 54.35
232.00 201.00 215.00 205.00 54.35
238.00 204.00 225.00 212.00 54.35
239.00 217.00 230.00 216.00 54.35
239.00 217.00 229.00 212.00 54.35
229.00 219.00 231.00 206.00 54.35
242.00 215.00 221.00 203.00 54.35
236.00 211.00 221.00 197.00 54.35
236.00 213.00 219.00 202.00 54.35
234.00 201.00 227.00 206.00 54.35
230.00 218.00 234.00 218.00 54.35
244.00 222.00 230.00 205.00 54.35
221.00 211.00 227.00 213.00 54.35
226.00 206.00 229.00 208.00 54.35
226.00 200.00 224.00 208.00 54.35
238.00 197.00 222.00 205.00 54.35
230.00 196.00 233.00 222.00 54.35
238.00 215.00 232.00 209.00 54.35
238.00 218.00 224.00 214.00 54.35
243.00 204.00 218.00 218.00 54.35
241.00 204.00 221.00 222.00 54.35
229.00 201.00 222.00 221.00 54.35
237.00 221.00 225.00 216.00 54.35
243.00 215.00 231.00 215.00 54.35
253.00 226.00 221.00 216.00 54.35
249.00 215.00 225.00 212.00 54.35
248.00 207.00 223.00 214.00 54.35
246.00 196.00 222.00 214.00 54.35
235.00 201.00 224.00 226.00 54.35
255.00 215.00 232.00 224.00 54.35
251.00 232.00 239.00 223.00 54.35
252.00 225.00 237.00 222.00 54.35
258.00 227.00 229.00 217.00 54.35
244.00 227.00 233.00 217.00 54.35
253.00 219.00 224.00 209.00 54.35
249.00 210.00 220.00 197.00 54.35
255.00 217.00 227.00 204.00 54.35
244.00 216.00 233.00 209.00 54.35
265.00 228.00 239.00 216.00 54.35
256.00 233.00 244.00 213.00 54.35
265.00 234.00 233.00 209.00 54.35
254.00 225.00 234.00 217.00 54.35
246.00 222.00 235.00 223.00 54.35
249.00 219.00 234.00 214.00 54.35
240.00 217.00 227.00 205.00 54.35
233.00 218.00 229.00 206.00 54.35
251.00 217.00 226.00 211.00 54.35
242.00 208.00 228.00 212.00 54.35
237.00 223.00 229.00 208.00 54.35
233.00 224.00 227.00 204.00 54.35
244.00 217.00 227.00 216.00 54.35
249.00 219.00 232.00 207.00 54.35
246.00 214.00 233.00 211.00 54.35
251.00 219.00 234.00 210.00 54.35
246.00 223.00 240.00 218.00 54.35
253.00 230.00 243.00 215.00 54.35
273.00 238.00 253.00 205.00 54.35
264.00 242.00 247.00 216.00 54.35
269.00 247.00 245.00 229.00 54.35
278.00 252.00 253.00 227.00 54.35
274.00 248.00 250.00 220.00 54.35
281.00 242.00 249.00 221.00 54.35
286.00 241.00 250.00 217.00 54.35
263.00 238.00 244.00 215.00 54.35
272.00 241.00 245.00 224.00 54.35
271.00 235.00 239.00 216.00 54.35
263.00 245.00 239.00 218.00 54.35
265.00 236.00 237.00 217.00 54.35
255.00 231.00 233.00 218.00 54.35
255.00 236.00 232.00 206.00 54.35
269.00 236.00 228.00 210.00 54.35
251.00 236.00 230.00 213.00 54.35
257.00 233.00 230.00 222.00 54.35
265.00 236.00 230.00 224.00 54.35
274.00 244.00 238.00 228.00 54.35
278.00 229.00 235.00 224.00 54.35
265.00 227.00 226.00 220.00 54.35
257.00 226.00 224.00 219.00 54.35
256.00 217.00 220.00 219.00 54.35
262.00 215.00 213.00 215.00 54.35
271.00 211.00 212.00 220.00 54.35
265.00 212.00 214.00 236.00 54.35
273.00 221.00 212.00 235.00 54.35
273.00 212.00 208.00 216.00 54.35
254.00 205.00 203.00 219.00 54.35
259.00 205.00 202.00 219.00 54.35
268.00 213.00 197.00 213.00 54.35
261.00 216.00 197.00 210.00 54.35
252.00 221.00 202.00 224.00 54.35
260.00 215.00 200.00 229.00 54.35
249.00 229.00 203.00 215.00 54.35
263.00 218.00 201.00 214.00 54.35
254.00 215.00 198.00 216.00 54.35
248.00 214.00 196.00 208.00 54.35
249.00 210.00 197.00 203.00 54.35
251.00 207.00 195.00 208.00 54.35
260.00 203.00 196.00 214.00 54.35
254.00 208.00 191.00 213.00 54.35
254.00 206.00 192.00 204.00 54.35
261.00 201.00 188.00 206.00 54.35
250.00 198.00 189.00 200.00 54.35
254.00 195.00 189.00 208.00 54.35
258.00 195.00 187.00 207.00 54.35
260.00 195.00 185.00 200.00 54.35
248.00 194.00 185.00 215.00 54.35
245.00 194.00 185.00 210.00 54.35
248.00 192.00 184.00 208.00 54.35
245.00 191.00 184.00 200.00 54.35
246.00 191.00 183.00 206.00 54.35
244.00 189.00 185.00 206.00 54.35
241.00 192.00 187.00 202.00 54.35
244.00 193.00 187.00 209.00 54.35
250.00 197.00 190.00 204.00 54.35
247.00 199.00 191.00 225.00 54.35
235.00 200.00 190.00 212.00 54.35
233.00 198.00 187.00 202.00 54.35
233.00 196.00 184.00 201.00 54.35
232.00 192.00 182.00 202.00 54.35
234.00 192.00 180.00 209.00 54.35
231.00 189.00 180.00 207.00 54.35
231.00 188.00 181.00 198.00 54.35
230.00 190.00 184.00 206.00 54.35
232.00 193.00 185.00 204.00 54.35
231.00 195.00 187.00 204.00 54.35
228.00 189.00 183.00 199.00 54.35
224.00 188.00 180.00 200.00 54.35
222.00 186.00 178.00 198.00 54.35
220.00 184.00 179.00 200.00 54.35
219.00 183.00 178.00 201.00 54.35
219.00 183.00 176.00 203.00 54.35
219.00 184.00 183.00 204.00 54.35
223.00 184.00 186.00 202.00 54.35
221.00 185.00 185.00 202.00 54.35
217.00 184.00 183.00 201.00 54.35
212.00 181.00 179.00 206.00 54.35
209.00 180.00 178.00 206.00 54.35
210.00 178.00 179.00 207.00 54.35
208.00 178.00 179.00 200.00 54.35
208.00 179.00 179.00 204.00 54.35
212.00 185.00 182.00 210.00 54.35
211.00 181.00 185.00 220.00 54.35
213.00 180.00 181.00 208.00 54.35
210.00 176.00 180.00 200.00 54.35
209.00 177.00 177.00 208.00 54.35
207.00 174.00 175.00 200.00 54.35
207.00 174.00 175.00 201.00 54.35
208.00 175.00 176.00 204.00 54.35
207.00 174.00 176.00 205.00 54.35
205.00 173.00 175.00 214.00 54.35
206.00 173.00 177.00 212.00 54.35
208.00 173.00 178.00 206.00 54.35
209.00 179.00 183.00 217.00 54.35
211.00 181.00 181.00 207.00 54.35
211.00 179.00 180.00 208.00 54.35
211.00 178.00 181.00 215.00 54.35
207.00 177.00 179.00 217.00 54.35
208.00 174.00 177.00 212.00 54.35
206.00 173.00 178.00 206.00 54.35
203.00 172.00 177.00 211.00 54.35
203.00 171.00 172.00 216.00 54.35
200.00 170.00 172.00 208.00 54.35
200.00 169.00 171.00 208.00 54.35
199.00 168.00 170.00 213.00 54.35
198.00 168.00 171.00 208.00 54.35
200.00 170.00 170.00 209.00 54.35
199.00 168.00 170.00 219.00 54.35
200.00 167.00 169.00 214.00 54.35
196.00 169.00 170.00 211.00 54.35
197.00 169.00 170.00 205.00 54.35
197.00 168.00 169.00 207.00 54.35
196.00 169.00 169.00 217.00 54.35
196.00 168.00 169.00 209.00 54.35
196.00 167.00 169.00 205.00 54.35
194.00 166.00 169.00 205.00 54.35
195.00 167.00 170.00 203.00 54.35
194.00 165.00 167.00 202.00 54.35
195.00 165.00 167.00 198.00 54.35
195.00 165.00 168.00 201.00 54.35
193.00 166.00 168.00 206.00 54.35
193.00 165.00 170.00 200.00 54.35
193.00 166.00 170.00 202.00 54.35
195.00 167.00 169.00 201.00 54.35
192.00 166.00 172.00 198.00 54.35
194.00 166.00 171.00 197.00 54.35
195.00 167.00 171.00 198.00 54.35
194.00 165.00 172.00 198.00 54.35
194.00 166.00 172.00 195.00 54.35
194.00 165.00 169.00 193.00 54.35
191.00 164.00 169.00 194.00 54.35
191.00 163.00 168.00 192.00 54.35
189.00 162.00 167.00 192.00 54.35
190.00 161.00 167.00 192.00 54.35
189.00 161.00 167.00 190.00 54.35
187.00 162.00 166.00 191.00 54.35
189.00 160.00 165.00 189.00 54.35
190.00 159.00 165.00 190.00 54.35
188.00 153.00 157.00 184.00 54.35
183.00 149.00 156.00 183.00 54.35
181.00 151.00 150.00 184.00 54.35
181.00 149.00 110.00 110.00 54.35
91.00 11.00 0.00 2.00 54.35
4.00 2.00 0.00 0.00 54.35
1.00 0.00 0.00 0.00 54.35
0.00 0.00 0.00 0.00 54.35
0.00 0.00 0.00 0.00 54.35
0.00 0.00 0.00 0.00 54.35
0.00 0.00 0.00 0.00 54.35
0.00 0.00 0.00 0.00 54.35
0.00 1.00 1.00 2.00 54.35
4.00 4.00 2.00 2.00 54.35
