23.00 16.00 74.00 27.00 22.15
37.00 37.00 115.00 42.00 20.45
44.00 113.00 182.00 47.00 22.26
61.00 169.00 237.00 36.00 31.03
53.00 227.00 286.00 43.00 35.12
63.00 272.00 301.00 53.00 29.48
75.00 278.00 309.00 55.00 30.23
86.00 280.00 311.00 114.00 34.64
131.00 276.00 312.00 127.00 34.11
181.00 291.00 321.00 157.00 28.37
216.00 273.00 328.00 163.00 33.68
254.00 292.00 319.00 234.00 26.99
253.00 283.00 319.00 238.00 33.47
267.00 279.00 316.00 199.00 36.71
267.00 275.00 317.00 213.00 36.76
264.00 281.00 314.00 235.00 38.41
288.00 288.00 307.00 189.00 36.34
268.00 291.00 326.00 258.00 38.84
269.00 292.00 337.00 239.00 33.20
284.00 289.00 328.00 268.00 30.49
304.00 295.00 342.00 253.00 39.84
294.00 284.00 328.00 269.00 36.71
286.00 297.00 330.00 273.00 40.16
285.00 301.00 330.00 282.00 37.93
294.00 292.00 336.00 276.00 38.41
285.00 275.00 344.00 251.00 40.91
286.00 288.00 336.00 269.00 33.20
290.00 285.00 333.00 267.00 31.56
280.00 267.00 325.00 273.00 39.95
282.00 261.00 320.00 278.00 41.01
285.00 260.00 306.00 265.00 39.47
266.00 247.00 294.00 259.00 40.64
275.00 240.00 279.00 253.00 32.09
257.00 236.00 272.00 252.00 39.21
251.00 244.00 262.00 241.00 40.96
244.00 236.00 255.00 239.00 41.28
241.00 239.00 250.00 238.00 35.01
231.00 233.00 251.00 243.00 33.26
247.00 237.00 248.00 236.00 35.01
237.00 232.00 236.00 236.00 39.58
235.00 235.00 228.00 235.00 32.94
225.00 223.00 222.00 235.00 40.16
232.00 220.00 233.00 228.00 41.60
236.00 226.00 231.00 224.00 41.23
222.00 223.00 235.00 228.00 40.54
235.00 242.00 227.00 224.00 40.75
240.00 240.00 226.00 220.00 40.48
243.00 239.00 232.00 220.00 33.31
256.00 229.00 219.00 221.00 37.35
244.00 229.00 251.00 220.00 41.92
255.00 229.00 237.00 221.00 41.81
228.00 231.00 214.00 213.00 38.94
235.00 235.00 214.00 227.00 38.46
256.00 243.00 213.00 233.00 34.74
255.00 230.00 233.00 229.00 34.74
241.00 234.00 232.00 232.00 37.56
234.00 235.00 227.00 238.00 39.26
239.00 239.00 245.00 233.00 33.84
224.00 245.00 220.00 235.00 40.43
256.00 232.00 232.00 232.00 41.33
264.00 226.00 211.00 224.00 40.91
244.00 236.00 230.00 224.00 33.79
233.00 231.00 232.00 237.00 38.30
249.00 231.00 235.00 224.00 33.95
234.00 233.00 213.00 227.00 38.68
245.00 240.00 234.00 232.00 35.06
250.00 243.00 227.00 233.00 38.09
237.00 235.00 211.00 228.00 41.70
245.00 243.00 219.00 220.00 34.43
247.00 237.00 220.00 218.00 34.00
250.00 228.00 227.00 225.00 39.21
242.00 233.00 224.00 232.00 34.05
241.00 243.00 246.00 241.00 40.96
257.00 260.00 255.00 237.00 35.01
233.00 246.00 236.00 236.00 36.66
246.00 231.00 228.00 230.00 34.00
254.00 232.00 232.00 240.00 34.69
248.00 251.00 251.00 232.00 41.39
242.00 245.00 249.00 226.00 38.41
257.00 232.00 223.00 213.00 34.37
207.00 232.00 235.00 214.00 34.05
212.00 235.00 242.00 226.00 41.97
236.00 244.00 241.00 235.00 35.81
241.00 240.00 240.00 217.00 42.08
241.00 248.00 246.00 238.00 35.33
255.00 259.00 268.00 256.00 35.38
248.00 248.00 236.00 235.00 41.65
244.00 250.00 252.00 244.00 39.58
242.00 236.00 238.00 223.00 42.08
235.00 245.00 220.00 231.00 41.23
232.00 238.00 230.00 218.00 40.16
217.00 233.00 214.00 215.00 36.66
223.00 239.00 226.00 241.00 35.81
218.00 243.00 243.00 229.00 35.54
251.00 253.00 233.00 232.00 35.54
239.00 243.00 234.00 227.00 39.84
242.00 255.00 237.00 227.00 42.18
244.00 262.00 243.00 235.00 42.08
249.00 260.00 253.00 239.00 38.57
241.00 251.00 238.00 231.00 40.32
232.00 246.00 233.00 219.00 40.59
234.00 248.00 241.00 240.00 35.38
252.00 244.00 245.00 231.00 39.58
243.00 253.00 241.00 235.00 36.98
228.00 249.00 223.00 242.00 34.43
246.00 258.00 237.00 239.00 42.18
223.00 247.00 229.00 228.00 36.02
235.00 264.00 232.00 232.00 36.50
238.00 265.00 237.00 239.00 34.96
231.00 279.00 252.00 250.00 41.97
245.00 260.00 247.00 243.00 41.70
238.00 269.00 252.00 235.00 37.51
230.00 254.00 252.00 242.00 34.27
251.00 264.00 255.00 244.00 42.24
240.00 253.00 240.00 237.00 40.85
241.00 250.00 250.00 247.00 41.17
244.00 249.00 255.00 253.00 41.28
253.00 253.00 273.00 249.00 42.18
245.00 255.00 244.00 256.00 39.47
253.00 248.00 269.00 250.00 36.39
243.00 271.00 239.00 179.00 41.65
261.00 262.00 257.00 230.00 36.23
252.00 260.00 239.00 238.00 39.53
247.00 252.00 271.00 257.00 41.01
248.00 226.00 271.00 252.00 40.48
257.00 251.00 260.00 254.00 40.00
263.00 280.00 287.00 253.00 37.03
269.00 277.00 286.00 249.00 40.96
253.00 265.00 273.00 231.00 36.92
265.00 274.00 279.00 236.00 38.46
258.00 263.00 268.00 256.00 37.56
245.00 270.00 278.00 202.00 38.30
260.00 268.00 271.00 245.00 42.02
253.00 267.00 286.00 268.00 41.54
249.00 266.00 276.00 263.00 42.24
239.00 242.00 276.00 241.00 41.33
247.00 235.00 264.00 223.00 42.18
224.00 257.00 271.00 245.00 39.90
245.00 263.00 268.00 265.00 42.13
250.00 267.00 278.00 237.00 40.22
246.00 259.00 276.00 237.00 36.60
249.00 253.00 275.00 182.00 36.71
250.00 253.00 275.00 246.00 40.32
244.00 260.00 272.00 177.00 33.73
248.00 253.00 270.00 228.00 39.37
243.00 252.00 268.00 212.00 39.53
264.00 238.00 262.00 224.00 41.76
240.00 255.00 264.00 207.00 37.24
234.00 261.00 271.00 185.00 39.31
233.00 259.00 270.00 238.00 41.76
249.00 257.00 274.00 251.00 40.75
237.00 251.00 272.00 164.00 33.42
238.00 256.00 265.00 214.00 40.80
240.00 258.00 261.00 193.00 35.43
238.00 256.00 253.00 174.00 33.84
233.00 235.00 255.00 204.00 41.33
232.00 238.00 256.00 220.00 40.64
246.00 258.00 253.00 239.00 38.89
260.00 257.00 240.00 232.00 35.28
245.00 250.00 251.00 241.00 32.99
236.00 251.00 244.00 202.00 39.84
243.00 249.00 255.00 233.00 33.15
243.00 251.00 248.00 225.00 37.51
227.00 251.00 247.00 229.00 40.27
208.00 246.00 246.00 224.00 38.94
229.00 243.00 239.00 229.00 33.31
244.00 234.00 234.00 233.00 36.34
237.00 237.00 238.00 225.00 40.06
237.00 242.00 239.00 234.00 37.14
217.00 241.00 231.00 216.00 41.49
229.00 244.00 228.00 244.00 32.78
244.00 242.00 232.00 237.00 39.42
238.00 243.00 235.00 248.00 37.67
235.00 245.00 240.00 247.00 40.69
235.00 238.00 226.00 239.00 36.60
236.00 241.00 223.00 243.00 35.38
254.00 236.00 228.00 238.00 40.59
247.00 241.00 231.00 248.00 39.84
253.00 244.00 235.00 262.00 37.40
255.00 241.00 245.00 263.00 32.57
263.00 250.00 245.00 272.00 34.43
253.00 239.00 240.00 257.00 32.19
218.00 228.00 223.00 205.00 40.54
217.00 236.00 226.00 223.00 32.88
244.00 217.00 218.00 240.00 36.50
256.00 226.00 228.00 237.00 40.85
240.00 241.00 234.00 250.00 34.32
241.00 251.00 225.00 243.00 41.54
252.00 243.00 228.00 241.00 41.07
253.00 250.00 230.00 250.00 41.44
250.00 246.00 246.00 243.00 40.59
252.00 246.00 244.00 260.00 32.35
251.00 247.00 249.00 241.00 38.78
251.00 247.00 252.00 269.00 33.15
261.00 255.00 265.00 259.00 32.57
252.00 240.00 248.00 260.00 41.12
255.00 234.00 250.00 267.00 35.17
246.00 228.00 251.00 258.00 37.83
246.00 227.00 243.00 236.00 40.32
240.00 224.00 238.00 188.00 35.49
241.00 223.00 248.00 243.00 40.27
269.00 238.00 245.00 262.00 41.01
264.00 234.00 237.00 220.00 37.51
248.00 246.00 238.00 265.00 41.17
258.00 232.00 227.00 214.00 40.48
255.00 236.00 219.00 219.00 41.39
250.00 245.00 225.00 228.00 41.44
253.00 234.00 225.00 250.00 37.93
256.00 233.00 227.00 256.00 33.10
255.00 254.00 247.00 256.00 39.26
256.00 251.00 236.00 266.00 36.13
254.00 234.00 237.00 272.00 34.74
262.00 233.00 231.00 265.00 41.44
247.00 224.00 225.00 270.00 37.45
236.00 231.00 213.00 246.00 38.09
251.00 223.00 218.00 243.00 35.06
249.00 222.00 227.00 236.00 40.96
242.00 225.00 239.00 262.00 34.80
260.00 224.00 249.00 281.00 36.13
273.00 222.00 242.00 261.00 32.83
268.00 238.00 234.00 278.00 41.33
258.00 234.00 225.00 283.00 40.11
263.00 236.00 221.00 272.00 37.72
271.00 236.00 219.00 229.00 38.41
267.00 234.00 223.00 270.00 40.06
246.00 236.00 221.00 202.00 40.06
257.00 234.00 223.00 210.00 35.28
255.00 233.00 238.00 263.00 36.39
282.00 251.00 236.00 275.00 40.16
273.00 242.00 233.00 271.00 39.69
268.00 238.00 228.00 274.00 34.32
247.00 234.00 231.00 270.00 33.20
242.00 236.00 227.00 267.00 40.59
236.00 231.00 222.00 260.00 41.23
236.00 229.00 219.00 253.00 34.80
232.00 229.00 215.00 242.00 39.69
235.00 229.00 216.00 233.00 32.57
233.00 236.00 216.00 235.00 34.53
238.00 237.00 214.00 221.00 31.56
236.00 221.00 210.00 228.00 40.64
221.00 221.00 213.00 210.00 34.21
215.00 219.00 200.00 212.00 39.63
215.00 219.00 198.00 211.00 29.75
218.00 224.00 196.00 218.00 39.05
212.00 219.00 198.00 223.00 29.91
217.00 228.00 198.00 224.00 29.80
216.00 238.00 199.00 234.00 28.90
226.00 242.00 203.00 225.00 30.81
231.00 249.00 209.00 225.00 28.48
220.00 248.00 215.00 227.00 36.66
218.00 231.00 207.00 223.00 32.57
223.00 236.00 208.00 221.00 38.94
219.00 233.00 201.00 221.00 30.60
217.00 225.00 194.00 219.00 38.62
208.00 208.00 194.00 214.00 38.57
207.00 189.00 86.00 51.00 28.63
56.00 32.00 71.00 46.00 39.58

