82.00 29.00 20.00 32.00 54.35
52.00 24.00 17.00 30.00 54.35
90.00 36.00 48.00 66.00 54.35
86.00 15.00 20.00 50.00 54.35
95.00 13.00 16.00 40.00 54.35
99.00 12.00 13.00 40.00 54.35
105.00 13.00 13.00 38.00 54.35
94.00 14.00 13.00 37.00 54.35
93.00 14.00 12.00 37.00 54.35
95.00 14.00 12.00 36.00 54.35
94.00 14.00 12.00 37.00 54.35
94.00 15.00 12.00 36.00 54.35
93.00 15.00 11.00 36.00 54.35
91.00 15.00 13.00 38.00 54.35
96.00 14.00 14.00 38.00 54.35
96.00 19.00 17.00 37.00 54.35
100.00 22.00 17.00 38.00 54.35
97.00 25.00 17.00 40.00 54.35
95.00 25.00 18.00 41.00 54.35
103.00 28.00 21.00 45.00 54.35
107.00 34.00 24.00 45.00 54.35
124.00 51.00 28.00 52.00 54.35
158.00 41.00 49.00 59.00 54.35
224.00 51.00 108.00 61.00 54.35
236.00 100.00 145.00 61.00 54.35
254.00 123.00 173.00 60.00 54.35
256.00 154.00 218.00 61.00 54.35
251.00 182.00 243.00 68.00 54.35
264.00 217.00 247.00 71.00 54.35
261.00 246.00 246.00 71.00 54.35
270.00 249.00 249.00 73.00 54.35
274.00 250.00 248.00 74.00 54.35
266.00 254.00 249.00 77.00 54.35
258.00 255.00 250.00 79.00 54.35
256.00 254.00 250.00 79.00 54.35
276.00 256.00 252.00 82.00 54.35
284.00 255.00 255.00 90.00 54.35
267.00 265.00 239.00 84.00 54.35
266.00 257.00 254.00 97.00 54.35
281.00 268.00 256.00 93.00 54.35
294.00 265.00 250.00 92.00 54.35
291.00 272.00 252.00 97.00 54.35
279.00 261.00 249.00 94.00 54.35
277.00 275.00 247.00 100.00 54.35
271.00 273.00 245.00 102.00 54.35
273.00 258.00 248.00 99.00 54.35
288.00 268.00 241.00 96.00 54.35
271.00 259.00 245.00 94.00 54.35
278.00 264.00 235.00 91.00 54.35
280.00 260.00 236.00 92.00 54.35
261.00 247.00 237.00 92.00 54.35
280.00 259.00 236.00 91.00 54.35
278.00 266.00 232.00 94.00 54.35
267.00 268.00 227.00 95.00 54.35
284.00 246.00 234.00 96.00 54.35
279.00 264.00 247.00 107.00 54.35
292.00 265.00 257.00 120.00 54.35
303.00 254.00 249.00 132.00 54.35
288.00 257.00 252.00 151.00 54.35
293.00 262.00 250.00 164.00 54.35
287.00 263.00 247.00 189.00 54.35
286.00 281.00 254.00 201.00 54.35
305.00 261.00 261.00 236.00 54.35
290.00 265.00 252.00 248.00 54.35
294.00 262.00 261.00 236.00 54.35
295.00 268.00 241.00 249.00 54.35
289.00 276.00 242.00 250.00 54.35
285.00 274.00 243.00 250.00 54.35
291.00 268.00 240.00 253.00 54.35
264.00 260.00 235.00 252.00 54.35
268.00 263.00 234.00 252.00 54.35
281.00 274.00 234.00 260.00 54.35
291.00 271.00 232.00 257.00 54.35
279.00 244.00 233.00 258.00 54.35
273.00 252.00 200.00 227.00 54.35
256.00 255.00 225.00 234.00 54.35
284.00 249.00 232.00 261.00 54.35
275.00 259.00 223.00 260.00 54.35
280.00 245.00 226.00 252.00 54.35
280.00 256.00 217.00 269.00 54.35
254.00 239.00 214.00 250.00 54.35
255.00 236.00 216.00 231.00 54.35
262.00 240.00 218.00 252.00 54.35
265.00 229.00 218.00 268.00 54.35
252.00 235.00 219.00 260.00 54.35
259.00 237.00 217.00 268.00 54.35
241.00 241.00 220.00 259.00 54.35
263.00 244.00 221.00 265.00 54.35
235.00 241.00 221.00 263.00 54.35
270.00 246.00 224.00 261.00 54.35
273.00 246.00 226.00 247.00 54.35
259.00 261.00 236.00 249.00 54.35
274.00 243.00 233.00 256.00 54.35
277.00 259.00 231.00 254.00 54.35
274.00 255.00 222.00 253.00 54.35
259.00 249.00 224.00 254.00 54.35
264.00 251.00 224.00 253.00 54.35
265.00 257.00 219.00 255.00 54.35
265.00 266.00 217.00 247.00 54.35
270.00 256.00 218.00 248.00 54.35
256.00 254.00 217.00 239.00 54.35
250.00 256.00 221.00 234.00 54.35
246.00 242.00 228.00 242.00 54.35
260.00 256.00 231.00 266.00 54.35
249.00 250.00 232.00 263.00 54.35
271.00 256.00 234.00 267.00 54.35
267.00 250.00 230.00 266.00 54.35
251.00 252.00 235.00 267.00 54.35
262.00 245.00 243.00 249.00 54.35
253.00 252.00 235.00 251.00 54.35
261.00 245.00 243.00 258.00 54.35
250.00 242.00 235.00 256.00 54.35
257.00 224.00 227.00 256.00 54.35
268.00 237.00 221.00 260.00 54.35
268.00 227.00 223.00 250.00 54.35
255.00 225.00 219.00 247.00 54.35
265.00 233.00 219.00 253.00 54.35
264.00 227.00 220.00 258.00 54.35
255.00 224.00 223.00 250.00 54.35
259.00 222.00 220.00 243.00 54.35
238.00 228.00 215.00 246.00 54.35
233.00 223.00 223.00 249.00 54.35
237.00 225.00 225.00 259.00 54.35
254.00 235.00 221.00 256.00 54.35
245.00 234.00 224.00 248.00 54.35
259.00 244.00 233.00 257.00 54.35
261.00 247.00 237.00 263.00 54.35
256.00 247.00 232.00 272.00 54.35
255.00 240.00 233.00 271.00 54.35
267.00 239.00 234.00 267.00 54.35
271.00 237.00 238.00 268.00 54.35
274.00 247.00 237.00 268.00 54.35
268.00 237.00 241.00 264.00 54.35
273.00 243.00 242.00 266.00 54.35
256.00 243.00 241.00 270.00 54.35
251.00 241.00 239.00 261.00 54.35
254.00 251.00 238.00 264.00 54.35
256.00 249.00 240.00 260.00 54.35
269.00 236.00 242.00 266.00 54.35
262.00 249.00 238.00 261.00 54.35
274.00 249.00 233.00 262.00 54.35
264.00 255.00 237.00 260.00 54.35
253.00 240.00 230.00 265.00 54.35
281.00 240.00 227.00 262.00 54.35
255.00 253.00 233.00 265.00 54.35
268.00 272.00 228.00 256.00 54.35
251.00 269.00 232.00 249.00 54.35
260.00 270.00 232.00 251.00 54.35
241.00 255.00 229.00 257.00 54.35
265.00 252.00 232.00 255.00 54.35
273.00 268.00 233.00 259.00 54.35
274.00 253.00 239.00 255.00 54.35
268.00 260.00 239.00 250.00 54.35
260.00 245.00 224.00 247.00 54.35
255.00 238.00 219.00 242.00 54.35
233.00 238.00 212.00 244.00 54.35
223.00 232.00 208.00 243.00 54.35
219.00 230.00 217.00 249.00 54.35
225.00 245.00 217.00 254.00 54.35
219.00 246.00 220.00 248.00 54.35
211.00 232.00 218.00 243.00 54.35
206.00 233.00 210.00 242.00 54.35
199.00 225.00 211.00 236.00 54.35
190.00 231.00 208.00 239.00 54.35
174.00 233.00 213.00 249.00 54.35
195.00 235.00 221.00 253.00 54.35
198.00 239.00 219.00 259.00 54.35
202.00 241.00 219.00 253.00 54.35
196.00 235.00 217.00 242.00 54.35
192.00 250.00 212.00 231.00 54.35
186.00 240.00 211.00 240.00 54.35
187.00 239.00 206.00 245.00 54.35
189.00 236.00 208.00 245.00 54.35
188.00 235.00 212.00 242.00 54.35
185.00 235.00 209.00 244.00 54.35
189.00 246.00 209.00 238.00 54.35
180.00 238.00 208.00 238.00 54.35
177.00 232.00 212.00 250.00 54.35
180.00 251.00 211.00 250.00 54.35
190.00 245.00 216.00 259.00 54.35
188.00 249.00 221.00 256.00 54.35
192.00 241.00 221.00 258.00 54.35
196.00 229.00 224.00 259.00 54.35
201.00 237.00 225.00 257.00 54.35
197.00 250.00 222.00 253.00 54.35
191.00 228.00 221.00 234.00 54.35
185.00 220.00 220.00 249.00 54.35
184.00 221.00 220.00 252.00 54.35
184.00 223.00 215.00 252.00 54.35
180.00 216.00 213.00 249.00 54.35
179.00 208.00 205.00 222.00 54.35
171.00 203.00 212.00 230.00 54.35
180.00 224.00 215.00 236.00 54.35
185.00 227.00 222.00 243.00 54.35
192.00 214.00 218.00 240.00 54.35
186.00 214.00 214.00 238.00 54.35
187.00 207.00 210.00 236.00 54.35
176.00 208.00 202.00 235.00 54.35
172.00 202.00 202.00 237.00 54.35
172.00 202.00 202.00 228.00 54.35
175.00 212.00 210.00 240.00 54.35
180.00 220.00 211.00 247.00 54.35
187.00 215.00 215.00 254.00 54.35
191.00 217.00 212.00 255.00 54.35
192.00 213.00 209.00 241.00 54.35
186.00 210.00 221.00 221.00 54.35
84.00 122.00 125.00 148.00 54.35
105.00 117.00 202.00 151.00 54.35
104.00 123.00 214.00 152.00 54.35
111.00 124.00 214.00 149.00 54.35
108.00 125.00 215.00 154.00 54.35
107.00 125.00 218.00 161.00 54.35
110.00 127.00 219.00 177.00 54.35
125.00 136.00 220.00 187.00 54.35
121.00 142.00 226.00 227.00 54.35
137.00 141.00 228.00 241.00 54.35
140.00 144.00 227.00 235.00 54.35
141.00 141.00 222.00 237.00 54.35
146.00 148.00 216.00 239.00 54.35
133.00 150.00 217.00 230.00 54.35
143.00 142.00 214.00 232.00 54.35
140.00 142.00 215.00 237.00 54.35
138.00 140.00 212.00 232.00 54.35
135.00 138.00 220.00 231.00 54.35
129.00 140.00 220.00 211.00 54.35
127.00 139.00 230.00 209.00 54.35
137.00 156.00 219.00 224.00 54.35
131.00 155.00 210.00 238.00 54.35
134.00 154.00 201.00 216.00 54.35
136.00 151.00 194.00 215.00 54.35
131.00 154.00 194.00 217.00 54.35
133.00 152.00 198.00 215.00 54.35
132.00 151.00 195.00 220.00 54.35
141.00 157.00 206.00 231.00 54.35
131.00 156.00 206.00 229.00 54.35
143.00 159.00 206.00 231.00 54.35
139.00 158.00 199.00 225.00 54.35
134.00 156.00 204.00 218.00 54.35
135.00 158.00 202.00 212.00 54.35
137.00 160.00 200.00 204.00 54.35
129.00 157.00 198.00 202.00 54.35
134.00 157.00 200.00 204.00 54.35
136.00 162.00 201.00 204.00 54.35
136.00 161.00 197.00 204.00 54.35
137.00 165.00 200.00 206.00 54.35
135.00 167.00 197.00 198.00 54.35
141.00 167.00 198.00 198.00 54.35
132.00 161.00 191.00 193.00 54.35
129.00 163.00 190.00 191.00 54.35
124.00 163.00 185.00 193.00 54.35
127.00 165.00 185.00 196.00 54.35
131.00 164.00 187.00 202.00 54.35
133.00 170.00 185.00 200.00 54.35
130.00 161.00 181.00 195.00 54.35
123.00 161.00 176.00 193.00 54.35
123.00 160.00 177.00 195.00 54.35
127.00 159.00 177.00 196.00 54.35
127.00 162.00 179.00 200.00 54.35
130.00 163.00 180.00 202.00 54.35
129.00 161.00 180.00 203.00 54.35
133.00 163.00 180.00 200.00 54.35
130.00 157.00 177.00 200.00 54.35
126.00 153.00 170.00 198.00 54.35
125.00 153.00 170.00 200.00 54.35
124.00 148.00 163.00 195.00 54.35
121.00 143.00 162.00 198.00 54.35
121.00 138.00 160.00 146.00 54.35
113.00 51.00 47.00 58.00 54.35
69.00 41.00 51.00 64.00 54.35
51.00 52.00 17.00 29.00 54.35
6.00 35.00 3.00 7.00 54.35
0.00 19.00 0.00 4.00 54.35
0.00 10.00 0.00 0.00 54.35
0.00 11.00 0.00 1.00 54.35
0.00 8.00 0.00 0.00 54.35
0.00 6.00 0.00 0.00 54.35
0.00 7.00 0.00 0.00 54.35
0.00 3.00 0.00 0.00 54.35
0.00 5.00 0.00 0.00 54.35
0.00 0.00 0.00 0.00 54.35
