25.00 15.00 15.00 34.00 22.21
37.00 26.00 57.00 53.00 29.96
44.00 59.00 97.00 57.00 27.63
47.00 123.00 118.00 59.00 24.92
53.00 170.00 154.00 65.00 26.67
47.00 236.00 210.00 74.00 30.65
73.00 257.00 245.00 122.00 33.68
93.00 272.00 269.00 236.00 26.40
94.00 266.00 274.00 254.00 33.36
104.00 270.00 283.00 248.00 34.11
123.00 276.00 293.00 277.00 36.55
153.00 276.00 292.00 263.00 30.49
154.00 279.00 283.00 280.00 37.88
138.00 270.00 287.00 280.00 35.17
165.00 278.00 289.00 275.00 33.26
169.00 279.00 286.00 260.00 33.73
184.00 265.00 279.00 255.00 38.46
152.00 271.00 285.00 247.00 38.14
165.00 285.00 283.00 263.00 35.01
186.00 238.00 280.00 234.00 38.14
185.00 273.00 270.00 260.00 40.54
204.00 286.00 276.00 254.00 39.95
204.00 272.00 280.00 264.00 41.44
225.00 263.00 250.00 239.00 41.70
208.00 279.00 276.00 264.00 41.70
225.00 280.00 278.00 274.00 37.03
232.00 295.00 296.00 274.00 37.29
221.00 291.00 285.00 266.00 36.29
210.00 290.00 296.00 277.00 40.06
230.00 294.00 294.00 259.00 36.29
217.00 292.00 278.00 284.00 42.13
222.00 289.00 289.00 276.00 38.68
217.00 285.00 298.00 277.00 40.80
221.00 283.00 286.00 277.00 42.34
210.00 278.00 270.00 283.00 39.05
232.00 262.00 283.00 274.00 36.07
214.00 286.00 280.00 271.00 42.39
221.00 279.00 293.00 262.00 34.74
229.00 284.00 286.00 263.00 35.70
228.00 287.00 286.00 263.00 39.79
251.00 291.00 278.00 274.00 37.45
228.00 283.00 280.00 258.00 41.65
216.00 282.00 287.00 272.00 35.70
260.00 272.00 277.00 267.00 42.55
241.00 284.00 276.00 243.00 35.54
223.00 267.00 264.00 259.00 42.66
235.00 262.00 284.00 219.00 42.50
254.00 284.00 276.00 258.00 36.13
219.00 271.00 272.00 241.00 38.30
213.00 263.00 268.00 256.00 42.02
206.00 263.00 272.00 260.00 41.81
232.00 258.00 258.00 253.00 39.95
213.00 247.00 254.00 255.00 38.57
201.00 254.00 255.00 237.00 41.86
204.00 254.00 254.00 239.00 42.02
240.00 251.00 254.00 251.00 41.28
229.00 252.00 266.00 245.00 42.77
219.00 249.00 251.00 240.00 40.75
221.00 253.00 248.00 261.00 38.52
242.00 249.00 238.00 251.00 42.50
247.00 261.00 261.00 242.00 35.97
211.00 255.00 257.00 247.00 35.86
196.00 246.00 267.00 246.00 37.29
241.00 252.00 261.00 257.00 40.75
200.00 237.00 262.00 245.00 39.58
202.00 243.00 243.00 254.00 39.63
215.00 253.00 254.00 243.00 42.87
194.00 245.00 271.00 247.00 36.23
210.00 246.00 264.00 261.00 38.41
196.00 246.00 271.00 277.00 36.50
194.00 241.00 252.00 264.00 38.09
210.00 242.00 265.00 252.00 41.70
208.00 257.00 274.00 224.00 41.01
230.00 258.00 260.00 256.00 35.75
205.00 244.00 269.00 256.00 37.24
201.00 247.00 242.00 241.00 41.65
181.00 236.00 259.00 249.00 42.55
192.00 249.00 270.00 268.00 36.34
206.00 256.00 270.00 258.00 39.31
207.00 248.00 271.00 259.00 39.53
196.00 259.00 291.00 258.00 42.45
206.00 249.00 250.00 267.00 37.35
216.00 252.00 249.00 249.00 40.06
206.00 242.00 243.00 266.00 41.60
204.00 249.00 274.00 241.00 36.44
196.00 254.00 257.00 237.00 39.47
205.00 254.00 254.00 243.00 42.08
205.00 244.00 254.00 237.00 42.66
203.00 254.00 268.00 251.00 42.13
198.00 236.00 277.00 242.00 42.08
193.00 252.00 264.00 256.00 42.93
210.00 250.00 251.00 263.00 41.33
207.00 246.00 247.00 255.00 41.65
210.00 241.00 247.00 242.00 40.75
208.00 225.00 247.00 243.00 42.82
207.00 237.00 250.00 248.00 42.29
208.00 237.00 262.00 248.00 40.22
209.00 243.00 232.00 248.00 42.93
195.00 239.00 244.00 252.00 36.92
202.00 243.00 239.00 241.00 42.18
205.00 249.00 248.00 240.00 35.97
184.00 246.00 259.00 242.00 40.00
198.00 229.00 274.00 232.00 37.67
196.00 246.00 257.00 229.00 41.17
198.00 237.00 265.00 225.00 42.87
200.00 235.00 254.00 246.00 42.55
211.00 234.00 273.00 236.00 39.26
200.00 214.00 214.00 248.00 35.86
201.00 244.00 214.00 247.00 36.76
200.00 252.00 264.00 243.00 38.57
205.00 239.00 234.00 245.00 35.81
217.00 247.00 245.00 245.00 41.65
209.00 243.00 246.00 254.00 39.47
207.00 243.00 227.00 226.00 41.86
192.00 240.00 264.00 217.00 36.98
199.00 244.00 271.00 236.00 41.12
196.00 243.00 241.00 243.00 42.61
184.00 245.00 263.00 229.00 42.29
206.00 254.00 271.00 235.00 38.09
189.00 241.00 225.00 245.00 42.61
205.00 251.00 268.00 247.00 41.44
192.00 225.00 269.00 232.00 40.80
199.00 242.00 208.00 257.00 39.42
209.00 257.00 256.00 228.00 37.08
201.00 236.00 212.00 245.00 40.00
198.00 236.00 232.00 230.00 42.82
202.00 239.00 258.00 235.00 36.92
203.00 248.00 207.00 234.00 38.73
203.00 252.00 253.00 246.00 42.02
201.00 257.00 204.00 229.00 36.18
201.00 228.00 197.00 253.00 35.97
199.00 241.00 259.00 256.00 42.82
204.00 253.00 224.00 249.00 42.34
191.00 246.00 203.00 253.00 36.50
196.00 260.00 262.00 253.00 42.02
192.00 247.00 236.00 240.00 36.44
254.00 248.00 252.00 224.00 42.08
213.00 254.00 281.00 243.00 41.12
204.00 215.00 249.00 255.00 42.66
240.00 235.00 259.00 238.00 42.82
221.00 241.00 269.00 240.00 40.16
212.00 246.00 266.00 239.00 42.18
196.00 253.00 234.00 258.00 42.82
201.00 239.00 270.00 248.00 36.44
206.00 245.00 209.00 263.00 42.77
222.00 256.00 227.00 246.00 41.81
214.00 245.00 280.00 244.00 42.18
216.00 256.00 280.00 247.00 41.54
204.00 247.00 269.00 242.00 41.81
204.00 241.00 271.00 257.00 39.84
251.00 257.00 274.00 239.00 42.82
208.00 263.00 234.00 246.00 39.90
197.00 267.00 265.00 252.00 42.29
201.00 258.00 217.00 248.00 42.50
192.00 250.00 216.00 242.00 40.43
186.00 254.00 240.00 224.00 40.32
216.00 235.00 272.00 224.00 42.55
192.00 256.00 266.00 235.00 42.87
197.00 271.00 263.00 238.00 36.76
187.00 263.00 229.00 252.00 42.34
203.00 242.00 270.00 253.00 37.61
213.00 241.00 280.00 255.00 41.28
202.00 250.00 278.00 261.00 42.55
201.00 243.00 191.00 256.00 36.18
213.00 233.00 247.00 250.00 42.45
200.00 256.00 249.00 259.00 36.71
192.00 238.00 257.00 253.00 40.64
219.00 243.00 210.00 248.00 37.14
230.00 253.00 275.00 245.00 42.13
208.00 270.00 270.00 248.00 42.77
223.00 276.00 267.00 271.00 41.28
202.00 269.00 201.00 255.00 36.02
205.00 263.00 236.00 247.00 40.80
203.00 285.00 264.00 269.00 36.39
243.00 260.00 273.00 248.00 42.71
220.00 251.00 296.00 253.00 39.63
205.00 255.00 277.00 271.00 40.64
196.00 254.00 275.00 263.00 38.99
185.00 260.00 263.00 250.00 38.89
194.00 246.00 225.00 256.00 41.81
192.00 251.00 236.00 248.00 42.82
193.00 242.00 255.00 246.00 38.20
206.00 221.00 258.00 254.00 37.14
202.00 212.00 256.00 267.00 40.16
207.00 213.00 261.00 256.00 39.37
225.00 215.00 270.00 265.00 41.28
213.00 213.00 254.00 272.00 42.82
225.00 219.00 286.00 263.00 36.39
233.00 222.00 247.00 271.00 42.82
222.00 232.00 269.00 276.00 37.99
222.00 227.00 285.00 272.00 35.97
212.00 219.00 285.00 267.00 38.25
214.00 236.00 277.00 252.00 36.02
210.00 227.00 273.00 240.00 42.66
196.00 237.00 290.00 261.00 36.44
192.00 228.00 289.00 269.00 37.14
205.00 229.00 284.00 273.00 38.25
207.00 233.00 292.00 257.00 41.39
204.00 223.00 299.00 261.00 37.14
186.00 212.00 294.00 251.00 42.50
190.00 197.00 295.00 265.00 42.55
190.00 218.00 287.00 268.00 36.34
199.00 215.00 290.00 272.00 41.07
206.00 209.00 276.00 273.00 37.51
204.00 220.00 278.00 260.00 40.91
217.00 225.00 283.00 275.00 40.32
232.00 235.00 274.00 269.00 42.55
226.00 231.00 281.00 271.00 41.60
225.00 236.00 281.00 255.00 39.26
222.00 241.00 282.00 271.00 35.86
209.00 239.00 286.00 274.00 38.09
208.00 234.00 284.00 264.00 36.98
212.00 225.00 274.00 270.00 37.03
201.00 219.00 268.00 274.00 37.35
201.00 215.00 268.00 263.00 40.64
182.00 214.00 271.00 254.00 38.14
181.00 227.00 268.00 262.00 40.48
177.00 219.00 265.00 274.00 38.62
176.00 232.00 266.00 265.00 41.97
179.00 231.00 269.00 269.00 38.46
184.00 227.00 259.00 251.00 41.17
164.00 219.00 230.00 249.00 40.11
162.00 221.00 264.00 257.00 42.39
152.00 228.00 260.00 261.00 40.91
159.00 222.00 274.00 259.00 42.61
172.00 220.00 264.00 244.00 39.10
155.00 207.00 258.00 258.00 36.92
156.00 198.00 249.00 250.00 36.39
160.00 203.00 250.00 268.00 37.40
166.00 206.00 254.00 250.00 35.70
163.00 206.00 255.00 248.00 41.60
151.00 205.00 255.00 240.00 36.82
147.00 216.00 253.00 265.00 41.49
152.00 218.00 253.00 250.00 41.54
168.00 221.00 256.00 267.00 42.02
164.00 220.00 256.00 262.00 42.55
163.00 219.00 257.00 270.00 41.39
162.00 221.00 269.00 258.00 41.86
158.00 223.00 280.00 255.00 42.39
162.00 224.00 269.00 251.00 35.12
175.00 221.00 259.00 257.00 41.81
175.00 225.00 257.00 252.00 35.06
163.00 219.00 257.00 259.00 36.60
151.00 225.00 251.00 262.00 38.36
167.00 220.00 257.00 263.00 41.60
159.00 222.00 252.00 253.00 36.60
156.00 222.00 255.00 262.00 38.36
154.00 220.00 252.00 259.00 36.02
168.00 212.00 246.00 264.00 42.45
190.00 210.00 250.00 260.00 36.23
191.00 210.00 234.00 261.00 41.65
194.00 209.00 239.00 258.00 35.01
194.00 212.00 225.00 255.00 39.21
187.00 206.00 222.00 233.00 35.97
187.00 203.00 225.00 252.00 41.81
191.00 198.00 223.00 236.00 42.29
188.00 194.00 218.00 253.00 38.99
183.00 191.00 216.00 256.00 40.43
190.00 189.00 216.00 265.00 36.29
173.00 185.00 221.00 248.00 34.85
174.00 180.00 218.00 260.00 34.85
169.00 175.00 215.00 244.00 40.75
163.00 172.00 215.00 241.00 38.36
154.00 171.00 213.00 240.00 34.48
150.00 173.00 213.00 237.00 42.18
149.00 173.00 210.00 234.00 39.05
150.00 176.00 208.00 231.00 42.08
152.00 176.00 206.00 213.00 36.07
149.00 179.00 207.00 206.00 39.53
149.00 179.00 206.00 203.00 38.20
151.00 180.00 207.00 201.00 40.00
151.00 178.00 205.00 201.00 41.39
151.00 181.00 203.00 199.00 35.65
150.00 181.00 198.00 194.00 40.11
149.00 188.00 196.00 194.00 34.64
151.00 188.00 196.00 193.00 36.87
149.00 189.00 193.00 192.00 39.79
152.00 189.00 193.00 190.00 32.25
154.00 188.00 192.00 189.00 38.30
155.00 188.00 192.00 188.00 40.27
156.00 188.00 189.00 186.00 31.08
158.00 187.00 186.00 184.00 33.73
157.00 187.00 186.00 185.00 35.70
159.00 185.00 185.00 184.00 37.61
161.00 183.00 179.00 179.00 29.96
150.00 177.00 158.00 122.00 36.82
129.00 124.00 118.00 114.00 30.02
113.00 50.00 15.00 7.00 29.59

