12.00 9.00 39.00 65.00 21.36
47.00 41.00 48.00 180.00 19.02
53.00 62.00 57.00 252.00 29.17
41.00 48.00 56.00 258.00 25.13
50.00 45.00 47.00 253.00 28.48
25.00 20.00 30.00 253.00 21.62
26.00 21.00 32.00 255.00 32.57
27.00 23.00 38.00 252.00 32.46
30.00 23.00 37.00 252.00 21.68
25.00 20.00 113.00 238.00 30.76
15.00 24.00 62.00 240.00 23.64
14.00 19.00 36.00 243.00 24.23
14.00 15.00 22.00 244.00 29.01
12.00 14.00 19.00 248.00 32.19
14.00 15.00 19.00 246.00 29.86
14.00 17.00 19.00 243.00 26.35
16.00 17.00 18.00 240.00 21.46
19.00 16.00 18.00 239.00 30.76
23.00 17.00 19.00 241.00 29.33
30.00 18.00 19.00 244.00 21.30
43.00 19.00 21.00 241.00 24.07
55.00 19.00 22.00 246.00 19.71
66.00 20.00 23.00 242.00 22.84
74.00 22.00 25.00 244.00 22.42
87.00 29.00 38.00 307.00 17.64
100.00 43.00 51.00 335.00 28.79
120.00 54.00 74.00 341.00 30.07
129.00 38.00 68.00 339.00 23.22
135.00 60.00 69.00 352.00 24.12
136.00 57.00 73.00 350.00 29.86
129.00 53.00 55.00 364.00 22.26
133.00 50.00 77.00 356.00 29.06
126.00 65.00 65.00 369.00 31.98
131.00 62.00 73.00 361.00 35.65
135.00 68.00 82.00 359.00 28.63
134.00 67.00 74.00 388.00 36.39
135.00 72.00 94.00 367.00 36.60
139.00 73.00 76.00 310.00 29.64
140.00 67.00 66.00 303.00 32.51
137.00 28.00 46.00 284.00 26.35
172.00 35.00 51.00 212.00 24.28
166.00 34.00 55.00 34.00 29.64
168.00 36.00 31.00 22.00 28.26
173.00 40.00 25.00 10.00 31.40
96.00 47.00 46.00 32.00 29.54
23.00 20.00 32.00 17.00 24.60
17.00 17.00 32.00 17.00 22.15
27.00 20.00 32.00 18.00 25.55
23.00 15.00 31.00 13.00 19.71
23.00 14.00 33.00 12.00 23.43
24.00 11.00 34.00 16.00 27.25
23.00 19.00 10.00 9.00 19.28
17.00 22.00 8.00 9.00 30.60
9.00 22.00 7.00 10.00 21.83
28.00 22.00 6.00 8.00 22.10
8.00 20.00 5.00 9.00 27.04
22.00 36.00 22.00 25.00 21.20
23.00 34.00 22.00 23.00 28.63
10.00 28.00 18.00 23.00 25.23
13.00 23.00 4.00 7.00 29.64
5.00 22.00 4.00 8.00 19.13
5.00 24.00 4.00 8.00 30.87
4.00 25.00 3.00 8.00 30.76
4.00 25.00 3.00 8.00 27.84
4.00 26.00 3.00 7.00 24.38
3.00 26.00 3.00 7.00 25.50
3.00 26.00 3.00 7.00 18.97
2.00 31.00 2.00 5.00 19.50
2.00 31.00 2.00 5.00 28.69
2.00 31.00 2.00 5.00 28.26
2.00 32.00 2.00 5.00 19.18
2.00 32.00 2.00 5.00 21.52
1.00 32.00 2.00 5.00 30.33
1.00 33.00 2.00 5.00 24.07
1.00 33.00 2.00 5.00 25.08
1.00 34.00 2.00 4.00 29.22
1.00 34.00 2.00 5.00 27.57
1.00 34.00 8.00 6.00 25.98
12.00 42.00 24.00 15.00 25.34
13.00 33.00 24.00 17.00 28.74
17.00 17.00 26.00 14.00 30.87
17.00 21.00 37.00 21.00 21.25
27.00 22.00 36.00 17.00 27.09
17.00 19.00 42.00 19.00 18.28
25.00 23.00 38.00 30.00 27.63
29.00 27.00 46.00 132.00 24.81
52.00 51.00 70.00 139.00 23.75
37.00 39.00 55.00 131.00 21.94
69.00 51.00 87.00 196.00 23.00
83.00 65.00 108.00 254.00 32.41
96.00 63.00 234.00 212.00 30.49
66.00 30.00 254.00 205.00 21.62
62.00 37.00 240.00 203.00 33.63
62.00 37.00 240.00 201.00 27.04
63.00 38.00 238.00 199.00 31.77
62.00 36.00 242.00 198.00 24.86
62.00 41.00 246.00 200.00 27.63
63.00 37.00 241.00 198.00 37.19
65.00 45.00 238.00 198.00 35.22
64.00 43.00 249.00 200.00 28.90
65.00 42.00 232.00 199.00 28.85
65.00 42.00 254.00 200.00 28.63
63.00 43.00 241.00 199.00 30.07
64.00 42.00 234.00 198.00 31.13
62.00 39.00 225.00 198.00 37.51
63.00 39.00 225.00 200.00 32.78
63.00 38.00 226.00 197.00 26.88
63.00 40.00 225.00 199.00 33.79
65.00 41.00 226.00 202.00 30.02
69.00 51.00 230.00 208.00 29.86
73.00 80.00 233.00 223.00 27.89
77.00 110.00 230.00 222.00 30.55
102.00 109.00 233.00 220.00 37.29
120.00 107.00 226.00 219.00 28.85
137.00 107.00 219.00 219.00 28.32
150.00 105.00 220.00 219.00 29.17
163.00 107.00 217.00 224.00 35.22
202.00 118.00 233.00 258.00 24.38
186.00 207.00 246.00 277.00 35.33
274.00 262.00 262.00 273.00 34.96
270.00 263.00 255.00 283.00 26.51
292.00 260.00 245.00 287.00 28.48
287.00 260.00 262.00 286.00 39.74
289.00 283.00 252.00 281.00 30.44
284.00 270.00 254.00 284.00 31.08
279.00 281.00 252.00 293.00 32.14
288.00 280.00 253.00 278.00 39.74
291.00 268.00 246.00 284.00 34.16
281.00 275.00 245.00 296.00 31.50
282.00 264.00 242.00 263.00 36.76
269.00 246.00 244.00 270.00 37.93
279.00 237.00 240.00 260.00 39.05
275.00 241.00 242.00 264.00 37.93
275.00 243.00 237.00 258.00 41.39
270.00 231.00 243.00 264.00 33.73
258.00 230.00 248.00 268.00 33.52
274.00 237.00 243.00 269.00 33.20
267.00 238.00 249.00 278.00 38.36
252.00 232.00 245.00 275.00 38.84
255.00 231.00 244.00 265.00 41.54
257.00 237.00 253.00 268.00 41.49
278.00 231.00 245.00 268.00 34.58
271.00 228.00 251.00 276.00 39.31
274.00 222.00 248.00 274.00 36.60
283.00 226.00 256.00 270.00 39.53
293.00 229.00 259.00 273.00 35.97
267.00 233.00 258.00 289.00 41.17
290.00 231.00 258.00 270.00 37.29
269.00 227.00 253.00 272.00 36.87
268.00 224.00 242.00 270.00 40.69
269.00 215.00 233.00 269.00 40.32
260.00 207.00 232.00 270.00 39.53
250.00 204.00 223.00 268.00 41.86
237.00 202.00 219.00 252.00 35.01
227.00 195.00 216.00 269.00 41.12
221.00 194.00 214.00 270.00 39.74
210.00 194.00 218.00 271.00 39.42
205.00 192.00 219.00 267.00 33.47
199.00 192.00 216.00 254.00 35.75
195.00 189.00 213.00 258.00 30.71
190.00 188.00 211.00 257.00 31.45
188.00 188.00 210.00 256.00 35.43
190.00 186.00 214.00 257.00 39.63
188.00 189.00 212.00 259.00 29.48
185.00 189.00 214.00 254.00 30.18
185.00 189.00 213.00 253.00 39.63
183.00 191.00 209.00 255.00 32.57
184.00 190.00 211.00 255.00 33.84
184.00 191.00 215.00 255.00 38.78
181.00 189.00 214.00 255.00 29.80
181.00 188.00 212.00 252.00 27.47
179.00 190.00 212.00 253.00 35.01
179.00 184.00 211.00 257.00 36.71
181.00 188.00 208.00 254.00 38.36
189.00 186.00 206.00 251.00 28.16
173.00 184.00 202.00 248.00 26.51
175.00 184.00 203.00 245.00 28.26
174.00 183.00 203.00 244.00 26.35
171.00 181.00 203.00 242.00 36.55
172.00 181.00 203.00 244.00 24.86
172.00 180.00 202.00 241.00 25.08
168.00 180.00 203.00 241.00 37.45
165.00 176.00 198.00 246.00 37.03
164.00 173.00 196.00 239.00 24.44
162.00 165.00 111.00 109.00 30.65
112.00 128.00 86.00 76.00 33.47
