26.00 10.00 13.00 33.00 54.35
41.00 11.00 12.00 39.00 54.35
57.00 18.00 32.00 47.00 54.35
72.00 28.00 55.00 48.00 54.35
74.00 35.00 74.00 64.00 54.35
95.00 41.00 85.00 80.00 54.35
99.00 46.00 133.00 88.00 54.35
137.00 48.00 136.00 102.00 54.35
144.00 48.00 152.00 110.00 54.35
150.00 57.00 159.00 114.00 54.35
159.00 57.00 166.00 118.00 54.35
165.00 61.00 155.00 122.00 54.35
172.00 62.00 164.00 127.00 54.35
182.00 67.00 160.00 128.00 54.35
189.00 69.00 158.00 133.00 54.35
192.00 72.00 159.00 137.00 54.35
192.00 77.00 161.00 138.00 54.35
193.00 78.00 160.00 143.00 54.35
195.00 77.00 156.00 144.00 54.35
195.00 77.00 159.00 145.00 54.35
196.00 79.00 157.00 151.00 54.35
197.00 84.00 160.00 150.00 54.35
193.00 83.00 154.00 152.00 54.35
193.00 83.00 151.00 151.00 54.35
194.00 82.00 150.00 159.00 54.35
195.00 86.00 151.00 161.00 54.35
199.00 86.00 155.00 171.00 54.35
209.00 88.00 152.00 181.00 54.35
219.00 89.00 150.00 189.00 54.35
226.00 90.00 153.00 194.00 54.35
225.00 92.00 152.00 197.00 54.35
231.00 93.00 150.00 203.00 54.35
229.00 96.00 158.00 211.00 54.35
231.00 102.00 165.00 218.00 54.35
239.00 106.00 167.00 224.00 54.35
234.00 106.00 164.00 227.00 54.35
240.00 106.00 164.00 224.00 54.35
246.00 108.00 169.00 220.00 54.35
229.00 108.00 172.00 216.00 54.35
233.00 112.00 165.00 214.00 54.35
217.00 110.00 167.00 203.00 54.35
202.00 111.00 169.00 207.00 54.35
193.00 110.00 170.00 201.00 54.35
193.00 113.00 163.00 203.00 54.35
192.00 111.00 162.00 200.00 54.35
195.00 111.00 161.00 199.00 54.35
194.00 113.00 162.00 196.00 54.35
202.00 113.00 170.00 203.00 54.35
207.00 114.00 163.00 196.00 54.35
196.00 116.00 166.00 199.00 54.35
189.00 118.00 162.00 195.00 54.35
182.00 118.00 165.00 203.00 54.35
185.00 127.00 168.00 209.00 54.35
189.00 126.00 177.00 209.00 54.35
182.00 129.00 200.00 212.00 54.35
189.00 128.00 195.00 208.00 54.35
177.00 131.00 203.00 213.00 54.35
170.00 132.00 191.00 210.00 54.35
164.00 132.00 179.00 203.00 54.35
161.00 132.00 173.00 198.00 54.35
153.00 131.00 176.00 198.00 54.35
157.00 136.00 175.00 190.00 54.35
163.00 131.00 170.00 188.00 54.35
159.00 134.00 168.00 180.00 54.35
158.00 133.00 161.00 180.00 54.35
163.00 129.00 172.00 171.00 54.35
167.00 132.00 162.00 168.00 54.35
161.00 135.00 157.00 158.00 54.35
162.00 130.00 157.00 158.00 54.35
167.00 130.00 158.00 157.00 54.35
159.00 137.00 167.00 156.00 54.35
148.00 137.00 155.00 157.00 54.35
147.00 140.00 158.00 149.00 54.35
137.00 142.00 156.00 159.00 54.35
137.00 146.00 161.00 148.00 54.35
134.00 140.00 156.00 148.00 54.35
133.00 144.00 162.00 158.00 54.35
143.00 155.00 162.00 151.00 54.35
152.00 156.00 166.00 151.00 54.35
168.00 158.00 168.00 158.00 54.35
147.00 156.00 167.00 156.00 54.35
162.00 159.00 168.00 155.00 54.35
174.00 158.00 154.00 155.00 54.35
159.00 153.00 148.00 151.00 54.35
146.00 150.00 157.00 146.00 54.35
137.00 153.00 149.00 154.00 54.35
139.00 155.00 152.00 151.00 54.35
137.00 152.00 149.00 147.00 54.35
140.00 154.00 151.00 156.00 54.35
141.00 155.00 153.00 149.00 54.35
149.00 155.00 154.00 151.00 54.35
146.00 151.00 145.00 144.00 54.35
142.00 151.00 140.00 143.00 54.35
142.00 150.00 144.00 151.00 54.35
137.00 155.00 144.00 152.00 54.35
139.00 155.00 143.00 149.00 54.35
137.00 154.00 147.00 163.00 54.35
145.00 154.00 145.00 147.00 54.35
150.00 157.00 148.00 156.00 54.35
143.00 150.00 138.00 148.00 54.35
138.00 152.00 144.00 150.00 54.35
137.00 151.00 151.00 165.00 54.35
132.00 157.00 153.00 164.00 54.35
140.00 167.00 149.00 158.00 54.35
143.00 165.00 153.00 155.00 54.35
139.00 169.00 151.00 156.00 54.35
143.00 171.00 158.00 159.00 54.35
142.00 166.00 159.00 151.00 54.35
145.00 171.00 160.00 142.00 54.35
143.00 172.00 164.00 154.00 54.35
144.00 172.00 155.00 149.00 54.35
140.00 171.00 143.00 146.00 54.35
139.00 168.00 145.00 149.00 54.35
139.00 169.00 150.00 148.00 54.35
139.00 168.00 148.00 145.00 54.35
136.00 167.00 151.00 146.00 54.35
137.00 168.00 150.00 148.00 54.35
137.00 169.00 156.00 150.00 54.35
139.00 167.00 145.00 147.00 54.35
139.00 170.00 153.00 147.00 54.35
139.00 169.00 154.00 151.00 54.35
139.00 174.00 157.00 150.00 54.35
134.00 173.00 159.00 152.00 54.35
136.00 171.00 140.00 152.00 54.35
136.00 173.00 144.00 152.00 54.35
139.00 175.00 142.00 152.00 54.35
138.00 172.00 145.00 151.00 54.35
136.00 173.00 144.00 150.00 54.35
139.00 170.00 142.00 152.00 54.35
136.00 172.00 149.00 145.00 54.35
132.00 172.00 140.00 147.00 54.35
142.00 168.00 151.00 154.00 54.35
142.00 163.00 154.00 167.00 54.35
141.00 168.00 156.00 162.00 54.35
149.00 166.00 153.00 159.00 54.35
157.00 166.00 157.00 162.00 54.35
148.00 167.00 155.00 159.00 54.35
143.00 168.00 156.00 155.00 54.35
137.00 164.00 149.00 152.00 54.35
132.00 164.00 139.00 146.00 54.35
132.00 166.00 149.00 144.00 54.35
131.00 163.00 157.00 144.00 54.35
132.00 164.00 153.00 142.00 54.35
129.00 163.00 155.00 143.00 54.35
131.00 164.00 150.00 140.00 54.35
129.00 166.00 150.00 142.00 54.35
129.00 166.00 146.00 143.00 54.35
126.00 163.00 154.00 141.00 54.35
124.00 166.00 155.00 142.00 54.35
125.00 166.00 155.00 144.00 54.35
124.00 165.00 160.00 144.00 54.35
130.00 171.00 159.00 144.00 54.35
129.00 169.00 156.00 141.00 54.35
130.00 167.00 145.00 144.00 54.35
128.00 165.00 148.00 142.00 54.35
127.00 162.00 146.00 139.00 54.35
126.00 158.00 144.00 140.00 54.35
123.00 157.00 138.00 133.00 54.35
122.00 153.00 136.00 133.00 54.35
120.00 153.00 136.00 132.00 54.35
118.00 154.00 134.00 131.00 54.35
117.00 153.00 135.00 130.00 54.35
117.00 149.00 136.00 133.00 54.35
117.00 153.00 133.00 129.00 54.35
118.00 153.00 137.00 130.00 54.35
119.00 151.00 139.00 134.00 54.35
116.00 153.00 141.00 136.00 54.35
122.00 157.00 138.00 136.00 54.35
123.00 153.00 140.00 137.00 54.35
125.00 152.00 141.00 136.00 54.35
125.00 156.00 140.00 137.00 54.35
126.00 154.00 139.00 136.00 54.35
128.00 153.00 140.00 133.00 54.35
124.00 151.00 139.00 131.00 54.35
125.00 146.00 140.00 132.00 54.35
126.00 147.00 135.00 128.00 54.35
121.00 145.00 132.00 129.00 54.35
121.00 144.00 131.00 126.00 54.35
119.00 142.00 130.00 127.00 54.35
120.00 144.00 134.00 129.00 54.35
122.00 147.00 134.00 131.00 54.35
121.00 141.00 139.00 130.00 54.35
125.00 142.00 135.00 132.00 54.35
125.00 143.00 137.00 130.00 54.35
121.00 142.00 133.00 127.00 54.35
119.00 140.00 133.00 127.00 54.35
121.00 138.00 130.00 125.00 54.35
116.00 132.00 126.00 119.00 54.35
111.00 127.00 123.00 120.00 54.35
107.00 99.00 77.00 74.00 54.35
81.00 60.00 58.00 65.00 54.35
8.00 6.00 16.00 7.00 54.35
14.00 11.00 0.00 0.00 54.35
0.00 0.00 0.00 0.00 54.35
0.00 0.00 0.00 0.00 54.35
0.00 0.00 0.00 0.00 54.35
0.00 0.00 0.00 0.00 54.35
0.00 0.00 0.00 0.00 54.35
0.00 0.00 0.00 0.00 54.35
0.00 0.00 0.00 0.00 54.35
