43.00 37.00 42.00 36.00 25.50
43.00 54.00 62.00 38.00 24.70
41.00 22.00 49.00 23.00 27.31
34.00 40.00 61.00 73.00 26.30
45.00 39.00 57.00 72.00 27.09
41.00 36.00 55.00 68.00 35.12
42.00 30.00 52.00 67.00 32.19
40.00 29.00 52.00 67.00 28.16
41.00 29.00 53.00 66.00 30.81
43.00 32.00 50.00 66.00 30.81
44.00 30.00 48.00 66.00 26.67
45.00 40.00 53.00 75.00 24.49
53.00 72.00 56.00 76.00 29.11
55.00 92.00 56.00 77.00 35.91
55.00 139.00 57.00 76.00 23.80
59.00 212.00 58.00 75.00 34.96
60.00 232.00 59.00 76.00 34.85
61.00 234.00 57.00 74.00 31.18
63.00 225.00 57.00 71.00 23.64
64.00 246.00 55.00 76.00 30.97
65.00 253.00 60.00 80.00 25.18
72.00 237.00 61.00 76.00 30.60
68.00 214.00 62.00 78.00 27.31
79.00 205.00 56.00 76.00 36.76
78.00 194.00 51.00 72.00 33.36
71.00 191.00 54.00 79.00 24.97
97.00 196.00 62.00 106.00 29.64
133.00 202.00 69.00 164.00 24.60
242.00 234.00 96.00 277.00 31.24
256.00 256.00 82.00 296.00 36.98
275.00 266.00 83.00 302.00 34.21
255.00 274.00 94.00 325.00 26.56
269.00 289.00 123.00 310.00 36.87
281.00 263.00 143.00 306.00 30.02
280.00 261.00 177.00 309.00 31.88
253.00 267.00 222.00 303.00 32.67
279.00 271.00 253.00 324.00 36.44
311.00 287.00 277.00 329.00 34.11
255.00 292.00 269.00 321.00 36.29
237.00 278.00 263.00 313.00 37.72
240.00 284.00 264.00 321.00 39.53
249.00 273.00 263.00 332.00 39.53
244.00 298.00 271.00 324.00 36.92
253.00 309.00 282.00 325.00 37.08
244.00 302.00 274.00 324.00 40.11
247.00 296.00 265.00 320.00 41.01
289.00 293.00 262.00 319.00 40.48
235.00 288.00 267.00 315.00 40.80
252.00 309.00 284.00 331.00 35.43
313.00 299.00 283.00 330.00 41.39
297.00 297.00 274.00 314.00 37.29
296.00 273.00 261.00 312.00 38.30
266.00 308.00 266.00 288.00 35.12
280.00 291.00 268.00 309.00 36.76
310.00 302.00 271.00 338.00 40.11
324.00 318.00 275.00 336.00 40.38
309.00 319.00 271.00 328.00 41.54
307.00 304.00 266.00 321.00 41.33
298.00 303.00 264.00 324.00 36.29
310.00 320.00 265.00 314.00 41.97
329.00 325.00 281.00 333.00 34.21
300.00 322.00 264.00 328.00 41.97
302.00 316.00 267.00 317.00 38.57
275.00 321.00 266.00 313.00 35.33
276.00 318.00 273.00 336.00 36.92
299.00 323.00 281.00 333.00 37.03
287.00 318.00 273.00 327.00 41.81
286.00 315.00 264.00 319.00 36.50
275.00 320.00 271.00 325.00 35.12
304.00 316.00 291.00 331.00 38.52
317.00 320.00 286.00 335.00 41.70
313.00 315.00 282.00 325.00 38.09
287.00 285.00 277.00 315.00 39.69
262.00 309.00 276.00 317.00 34.96
289.00 300.00 289.00 333.00 41.92
314.00 316.00 281.00 331.00 37.40
305.00 329.00 284.00 323.00 37.19
284.00 320.00 267.00 284.00 39.42
279.00 285.00 271.00 315.00 41.86
281.00 300.00 279.00 328.00 42.08
313.00 303.00 286.00 309.00 42.45
305.00 289.00 277.00 298.00 41.81
293.00 290.00 272.00 290.00 35.81
290.00 283.00 266.00 288.00 40.16
307.00 306.00 275.00 313.00 42.34
271.00 298.00 280.00 308.00 36.44
311.00 303.00 283.00 314.00 41.60
307.00 299.00 280.00 304.00 35.28
251.00 291.00 286.00 278.00 35.70
274.00 292.00 268.00 302.00 37.77
285.00 287.00 263.00 312.00 42.39
272.00 306.00 271.00 300.00 35.70
298.00 325.00 286.00 319.00 42.50
293.00 291.00 285.00 285.00 37.03
288.00 279.00 273.00 286.00 38.78
243.00 277.00 267.00 294.00 41.39
260.00 294.00 254.00 294.00 41.39
256.00 301.00 254.00 305.00 37.24
286.00 306.00 286.00 311.00 35.28
243.00 300.00 285.00 316.00 39.69
274.00 300.00 273.00 257.00 35.75
256.00 287.00 270.00 283.00 37.35
250.00 273.00 269.00 291.00 41.33
261.00 292.00 265.00 293.00 40.16
228.00 289.00 256.00 311.00 41.60
223.00 297.00 276.00 313.00 37.61
275.00 286.00 260.00 311.00 37.29
268.00 286.00 269.00 311.00 36.39
262.00 288.00 251.00 294.00 39.63
256.00 284.00 245.00 287.00 36.76
263.00 292.00 249.00 304.00 42.39
265.00 281.00 272.00 294.00 39.90
283.00 299.00 266.00 314.00 35.49
286.00 295.00 266.00 286.00 35.38
232.00 300.00 274.00 282.00 39.26
245.00 273.00 263.00 294.00 39.79
239.00 278.00 241.00 304.00 40.43
265.00 283.00 256.00 299.00 36.34
214.00 276.00 263.00 306.00 41.70
258.00 304.00 266.00 294.00 42.02
248.00 299.00 234.00 275.00 42.34
240.00 284.00 270.00 293.00 42.39
231.00 288.00 254.00 307.00 39.47
245.00 279.00 247.00 293.00 38.73
248.00 281.00 246.00 302.00 40.32
253.00 292.00 257.00 303.00 35.54
244.00 298.00 262.00 293.00 35.70
247.00 299.00 258.00 303.00 39.74
244.00 266.00 252.00 296.00 35.38
235.00 265.00 252.00 298.00 36.18
238.00 260.00 245.00 297.00 37.03
244.00 300.00 260.00 309.00 41.01
266.00 308.00 257.00 304.00 35.54
244.00 300.00 261.00 305.00 41.33
280.00 284.00 258.00 285.00 41.39
273.00 277.00 254.00 286.00 42.61
236.00 267.00 249.00 285.00 35.43
230.00 283.00 241.00 291.00 41.60
242.00 281.00 248.00 297.00 42.39
269.00 291.00 248.00 312.00 42.18
263.00 289.00 266.00 286.00 42.08
256.00 287.00 261.00 279.00 42.55
249.00 294.00 256.00 268.00 37.08
248.00 283.00 257.00 276.00 35.70
248.00 284.00 260.00 298.00 36.13
264.00 273.00 244.00 302.00 40.85
263.00 291.00 263.00 290.00 38.14
265.00 298.00 264.00 297.00 36.34
280.00 274.00 258.00 297.00 41.60
275.00 285.00 263.00 289.00 41.49
279.00 287.00 242.00 281.00 42.55
261.00 267.00 219.00 280.00 41.86
257.00 288.00 245.00 276.00 42.45
249.00 283.00 253.00 288.00 40.16
266.00 273.00 253.00 287.00 42.02
275.00 273.00 250.00 276.00 41.92
264.00 282.00 239.00 273.00 36.44
241.00 297.00 245.00 269.00 39.74
244.00 270.00 240.00 265.00 36.02
235.00 278.00 246.00 267.00 39.95
236.00 284.00 235.00 273.00 41.07
239.00 277.00 240.00 274.00 41.92
241.00 287.00 242.00 285.00 41.81
259.00 278.00 253.00 304.00 34.64
252.00 302.00 232.00 295.00 39.37
266.00 307.00 248.00 307.00 35.22
265.00 296.00 249.00 287.00 41.12
252.00 278.00 249.00 284.00 38.62
259.00 279.00 241.00 273.00 40.00
243.00 277.00 240.00 271.00 34.43
242.00 294.00 243.00 274.00 36.66
234.00 269.00 240.00 263.00 42.02
228.00 263.00 236.00 256.00 38.62
224.00 266.00 236.00 255.00 37.88
223.00 258.00 234.00 256.00 37.35
220.00 251.00 235.00 255.00 41.70
217.00 253.00 231.00 248.00 39.63
209.00 248.00 229.00 250.00 33.15
206.00 252.00 228.00 246.00 41.07
202.00 248.00 220.00 245.00 41.12
197.00 236.00 220.00 244.00 32.35
192.00 234.00 213.00 244.00 37.45
192.00 245.00 210.00 250.00 39.69
201.00 242.00 214.00 254.00 37.19
197.00 237.00 218.00 253.00 37.77
198.00 227.00 209.00 253.00 36.50
203.00 228.00 209.00 249.00 36.39
200.00 238.00 204.00 244.00 37.72
202.00 241.00 202.00 240.00 30.97
208.00 235.00 192.00 239.00 34.05
201.00 235.00 182.00 240.00 35.43
190.00 240.00 183.00 233.00 34.00
198.00 229.00 177.00 237.00 30.07
191.00 226.00 175.00 231.00 32.62
187.00 230.00 170.00 233.00 34.53
185.00 239.00 170.00 228.00 29.27
184.00 228.00 166.00 224.00 29.17
179.00 225.00 164.00 222.00 35.75
175.00 241.00 173.00 231.00 34.00
182.00 228.00 183.00 232.00 30.97
178.00 231.00 180.00 215.00 38.09
179.00 229.00 183.00 209.00 37.61
183.00 222.00 175.00 199.00 29.43
176.00 221.00 172.00 196.00 29.96
173.00 222.00 171.00 194.00 28.90
170.00 221.00 172.00 188.00 33.52
166.00 219.00 180.00 184.00 36.23
159.00 217.00 190.00 186.00 32.73
159.00 223.00 191.00 184.00 35.81
156.00 220.00 191.00 186.00 38.78
155.00 225.00 202.00 193.00 32.14
163.00 230.00 198.00 196.00 32.14
161.00 227.00 193.00 185.00 30.92
155.00 227.00 191.00 181.00 39.31
154.00 218.00 187.00 180.00 34.16
153.00 219.00 186.00 179.00 28.42
149.00 220.00 197.00 177.00 38.73
149.00 219.00 203.00 175.00 39.05
144.00 227.00 201.00 181.00 27.25
152.00 235.00 213.00 186.00 32.51
154.00 231.00 207.00 187.00 28.85
147.00 234.00 199.00 179.00 38.99
146.00 219.00 194.00 176.00 35.75
146.00 214.00 190.00 173.00 36.55
142.00 215.00 191.00 170.00 27.52
141.00 222.00 196.00 182.00 28.42
149.00 227.00 208.00 181.00 36.71
150.00 227.00 203.00 178.00 26.99
149.00 212.00 198.00 171.00 36.76
141.00 216.00 194.00 170.00 32.83
139.00 212.00 195.00 170.00 31.77
137.00 214.00 195.00 170.00 37.56
134.00 214.00 205.00 182.00 38.46
147.00 216.00 203.00 180.00 32.35
146.00 212.00 196.00 171.00 38.46
136.00 214.00 192.00 162.00 38.52
129.00 208.00 191.00 158.00 37.24
126.00 198.00 188.00 157.00 27.47
125.00 194.00 184.00 158.00 36.76
123.00 191.00 185.00 160.00 36.18
130.00 199.00 192.00 160.00 38.04
130.00 193.00 191.00 161.00 28.00
128.00 189.00 190.00 157.00 30.44
126.00 185.00 185.00 156.00 30.33
124.00 184.00 182.00 155.00 27.68
122.00 183.00 180.00 154.00 30.12
121.00 183.00 179.00 153.00 25.45
121.00 184.00 178.00 159.00 26.46
128.00 191.00 176.00 158.00 25.61
127.00 189.00 171.00 154.00 28.05
131.00 191.00 168.00 153.00 37.19
122.00 184.00 164.00 151.00 36.02
120.00 182.00 162.00 153.00 34.11
120.00 184.00 157.00 156.00 28.90
124.00 183.00 154.00 155.00 36.87
121.00 177.00 147.00 149.00 27.57
123.00 180.00 101.00 71.00 36.02
74.00 63.00 67.00 77.00 33.04
55.00 59.00 21.00 53.00 28.95

