13.00 16.00 40.00 12.00 29.06
14.00 18.00 56.00 12.00 30.92
15.00 27.00 57.00 13.00 27.73
15.00 21.00 57.00 13.00 25.61
16.00 19.00 59.00 14.00 32.03
18.00 22.00 68.00 17.00 28.53
21.00 34.00 68.00 32.00 32.25
27.00 32.00 87.00 99.00 23.06
39.00 43.00 117.00 192.00 23.16
67.00 41.00 134.00 239.00 21.25
124.00 57.00 148.00 236.00 28.05
182.00 72.00 177.00 246.00 24.44
207.00 84.00 223.00 272.00 33.15
216.00 84.00 231.00 261.00 25.13
220.00 94.00 241.00 271.00 25.93
228.00 120.00 252.00 283.00 33.95
234.00 134.00 252.00 282.00 26.62
221.00 149.00 248.00 282.00 29.01
220.00 180.00 246.00 275.00 27.84
225.00 207.00 243.00 271.00 28.79
240.00 235.00 245.00 271.00 30.44
238.00 244.00 256.00 289.00 35.54
255.00 262.00 254.00 278.00 40.27
246.00 246.00 256.00 271.00 39.79
251.00 245.00 250.00 268.00 30.33
245.00 229.00 246.00 253.00 34.58
237.00 235.00 244.00 262.00 38.94
236.00 241.00 248.00 291.00 40.06
243.00 244.00 242.00 283.00 40.27
249.00 253.00 238.00 291.00 38.14
255.00 250.00 224.00 291.00 40.80
238.00 250.00 219.00 279.00 39.37
251.00 250.00 223.00 275.00 37.72
247.00 240.00 222.00 276.00 32.51
243.00 244.00 221.00 279.00 34.69
233.00 224.00 211.00 271.00 32.88
241.00 239.00 203.00 273.00 41.23
242.00 231.00 206.00 281.00 38.78
237.00 246.00 206.00 273.00 35.97
242.00 249.00 208.00 265.00 35.70
231.00 239.00 201.00 255.00 40.32
247.00 252.00 199.00 244.00 31.29
246.00 251.00 191.00 240.00 40.00
243.00 237.00 185.00 241.00 37.19
222.00 231.00 182.00 236.00 32.83
228.00 244.00 196.00 241.00 32.46
223.00 258.00 214.00 248.00 34.21
213.00 262.00 216.00 243.00 31.93
213.00 260.00 223.00 247.00 39.10
219.00 270.00 223.00 238.00 35.70
216.00 269.00 224.00 245.00 28.79
213.00 261.00 224.00 248.00 39.10
208.00 261.00 224.00 247.00 39.47
213.00 248.00 233.00 256.00 28.32
221.00 245.00 235.00 257.00 33.63
235.00 273.00 231.00 254.00 39.10
243.00 248.00 228.00 262.00 38.99
245.00 240.00 237.00 258.00 35.59
246.00 239.00 225.00 262.00 35.59
237.00 248.00 231.00 271.00 38.52
254.00 262.00 229.00 271.00 30.92
249.00 257.00 228.00 256.00 32.30
237.00 266.00 222.00 256.00 36.50
241.00 252.00 219.00 258.00 36.66
236.00 252.00 216.00 254.00 36.29
235.00 246.00 218.00 265.00 37.99
235.00 248.00 224.00 266.00 36.55
256.00 248.00 233.00 267.00 39.42
255.00 245.00 226.00 257.00 41.70
247.00 257.00 222.00 258.00 41.23
242.00 246.00 223.00 251.00 40.32
231.00 251.00 222.00 256.00 40.69
239.00 265.00 227.00 279.00 34.85
259.00 261.00 237.00 256.00 37.83
249.00 244.00 228.00 266.00 35.17
233.00 243.00 222.00 250.00 42.02
223.00 250.00 221.00 254.00 41.39
235.00 245.00 219.00 257.00 41.54
238.00 233.00 223.00 243.00 41.39
234.00 260.00 234.00 262.00 35.91
244.00 254.00 236.00 250.00 35.91
240.00 238.00 233.00 260.00 42.02
244.00 236.00 229.00 248.00 40.06
231.00 259.00 226.00 253.00 41.65
231.00 238.00 221.00 252.00 40.38
239.00 251.00 219.00 252.00 37.67
215.00 257.00 225.00 274.00 38.78
230.00 258.00 230.00 277.00 37.88
237.00 266.00 230.00 253.00 36.13
237.00 266.00 224.00 261.00 38.36
237.00 242.00 223.00 259.00 35.70
230.00 252.00 221.00 258.00 36.98
221.00 230.00 222.00 256.00 36.92
237.00 252.00 219.00 248.00 34.90
241.00 256.00 221.00 253.00 38.78
240.00 267.00 230.00 266.00 42.29
240.00 266.00 234.00 269.00 41.81
229.00 235.00 239.00 256.00 40.32
236.00 238.00 229.00 255.00 37.99
227.00 246.00 232.00 249.00 42.24
216.00 240.00 233.00 255.00 40.27
217.00 234.00 227.00 252.00 39.42
227.00 242.00 227.00 232.00 35.33
211.00 238.00 225.00 247.00 40.00
221.00 241.00 227.00 256.00 35.54
234.00 271.00 240.00 260.00 34.85
246.00 254.00 236.00 258.00 37.83
232.00 263.00 232.00 263.00 38.99
247.00 251.00 232.00 260.00 35.70
226.00 255.00 227.00 266.00 40.48
228.00 238.00 224.00 263.00 40.85
234.00 256.00 225.00 256.00 41.92
241.00 247.00 219.00 255.00 34.85
235.00 242.00 220.00 257.00 38.99
232.00 250.00 218.00 248.00 40.27
224.00 248.00 215.00 221.00 39.58
213.00 236.00 220.00 244.00 36.66
212.00 242.00 213.00 235.00 42.39
210.00 223.00 211.00 242.00 40.22
223.00 222.00 212.00 232.00 42.13
224.00 226.00 213.00 249.00 37.99
215.00 221.00 215.00 231.00 38.25
219.00 236.00 216.00 251.00 41.01
225.00 236.00 213.00 226.00 38.89
231.00 245.00 210.00 254.00 40.00
236.00 235.00 215.00 253.00 34.85
239.00 236.00 222.00 241.00 41.01
238.00 256.00 217.00 261.00 42.29
237.00 260.00 237.00 271.00 35.12
244.00 256.00 233.00 260.00 42.34
244.00 250.00 239.00 255.00 42.18
237.00 242.00 224.00 259.00 36.92
233.00 250.00 239.00 259.00 42.24
222.00 247.00 226.00 264.00 37.19
231.00 239.00 224.00 240.00 36.34
226.00 253.00 225.00 210.00 36.18
211.00 266.00 221.00 221.00 42.29
225.00 246.00 226.00 220.00 42.34
232.00 242.00 222.00 227.00 35.91
210.00 241.00 222.00 220.00 39.42
229.00 223.00 218.00 241.00 38.36
226.00 228.00 220.00 246.00 42.45
214.00 220.00 214.00 216.00 39.95
205.00 220.00 215.00 206.00 41.60
221.00 222.00 218.00 235.00 40.80
219.00 253.00 214.00 229.00 38.20
216.00 263.00 218.00 201.00 38.62
210.00 230.00 213.00 221.00 37.14
224.00 231.00 223.00 188.00 35.22
234.00 253.00 222.00 209.00 35.28
227.00 240.00 227.00 211.00 36.55
239.00 243.00 229.00 233.00 39.58
235.00 254.00 231.00 240.00 42.02
231.00 261.00 227.00 218.00 42.29
236.00 251.00 226.00 211.00 41.76
234.00 257.00 227.00 183.00 38.41
226.00 245.00 217.00 228.00 35.59
217.00 236.00 216.00 190.00 38.25
231.00 235.00 220.00 166.00 41.70
228.00 235.00 215.00 177.00 42.18
211.00 239.00 218.00 191.00 38.14
213.00 227.00 210.00 169.00 36.13
214.00 222.00 208.00 180.00 37.72
206.00 222.00 209.00 236.00 38.84
202.00 203.00 197.00 236.00 39.58
194.00 200.00 194.00 234.00 42.24
194.00 189.00 199.00 233.00 37.03
192.00 190.00 196.00 231.00 40.11
187.00 186.00 193.00 224.00 36.02
183.00 184.00 193.00 234.00 38.84
192.00 184.00 199.00 236.00 38.04
193.00 181.00 198.00 236.00 39.84
197.00 187.00 198.00 235.00 37.35
195.00 182.00 202.00 234.00 35.65
195.00 184.00 208.00 234.00 41.60
193.00 188.00 207.00 233.00 33.04
185.00 188.00 201.00 222.00 32.30
184.00 186.00 196.00 219.00 39.79
184.00 181.00 198.00 220.00 32.73
189.00 180.00 195.00 228.00 39.79
193.00 180.00 192.00 231.00 39.47
198.00 179.00 189.00 230.00 38.20
194.00 176.00 194.00 228.00 35.01
192.00 178.00 200.00 224.00 31.03
185.00 174.00 190.00 217.00 32.03
184.00 197.00 193.00 221.00 39.95
189.00 175.00 197.00 226.00 40.75
186.00 176.00 201.00 226.00 32.09
188.00 175.00 199.00 226.00 30.39
186.00 175.00 193.00 227.00 36.71
183.00 173.00 191.00 226.00 32.51
181.00 172.00 192.00 228.00 35.65
182.00 170.00 192.00 231.00 39.21
181.00 171.00 188.00 228.00 29.91
179.00 169.00 188.00 227.00 38.73
176.00 167.00 185.00 227.00 38.20
176.00 163.00 183.00 222.00 37.93
176.00 164.00 183.00 221.00 32.25
173.00 162.00 180.00 215.00 40.22
171.00 167.00 184.00 224.00 38.41
174.00 158.00 199.00 186.00 38.14
153.00 86.00 174.00 140.00 40.16
132.00 109.00 138.00 131.00 40.00
132.00 81.00 146.00 155.00 37.29
127.00 46.00 141.00 148.00 36.29
123.00 29.00 134.00 157.00 38.52
124.00 23.00 130.00 151.00 28.85
121.00 25.00 125.00 143.00 38.14
121.00 26.00 121.00 137.00 26.67
123.00 38.00 120.00 133.00 31.03
122.00 36.00 117.00 122.00 33.68
113.00 32.00 73.00 79.00 36.98
77.00 23.00 71.00 73.00 27.68
63.00 21.00 61.00 70.00 36.55
66.00 15.00 35.00 29.00 35.12

