14.00 15.00 39.00 18.00 25.87
28.00 22.00 55.00 21.00 24.23
35.00 24.00 66.00 24.00 34.00
36.00 28.00 81.00 33.00 26.40
44.00 32.00 97.00 33.00 25.23
44.00 49.00 111.00 34.00 23.00
44.00 66.00 128.00 37.00 30.02
46.00 89.00 143.00 35.00 36.50
47.00 106.00 153.00 37.00 25.61
49.00 110.00 168.00 38.00 30.23
53.00 146.00 179.00 39.00 37.19
54.00 184.00 205.00 41.00 33.68
56.00 203.00 210.00 42.00 37.45
56.00 247.00 221.00 42.00 37.61
61.00 265.00 224.00 42.00 38.09
65.00 267.00 233.00 45.00 31.18
72.00 266.00 262.00 50.00 35.33
81.00 271.00 271.00 57.00 38.78
86.00 285.00 284.00 59.00 29.22
94.00 295.00 286.00 72.00 28.74
101.00 281.00 283.00 73.00 33.36
104.00 283.00 273.00 76.00 31.50
105.00 282.00 269.00 82.00 39.10
116.00 283.00 274.00 90.00 30.02
124.00 294.00 276.00 99.00 33.31
134.00 296.00 289.00 99.00 38.99
142.00 304.00 295.00 112.00 36.71
150.00 303.00 284.00 119.00 34.27
146.00 287.00 279.00 127.00 28.85
155.00 287.00 279.00 131.00 34.58
161.00 289.00 274.00 150.00 37.61
171.00 289.00 279.00 160.00 37.61
181.00 292.00 281.00 173.00 36.07
188.00 295.00 296.00 180.00 29.54
194.00 306.00 294.00 199.00 38.68
204.00 302.00 289.00 200.00 35.75
203.00 295.00 282.00 209.00 29.59
207.00 293.00 282.00 232.00 35.59
219.00 292.00 289.00 246.00 35.17
230.00 300.00 290.00 249.00 40.16
238.00 298.00 296.00 257.00 31.61
256.00 303.00 301.00 256.00 38.68
278.00 313.00 314.00 273.00 40.59
273.00 320.00 296.00 269.00 35.59
269.00 305.00 291.00 248.00 40.11
279.00 300.00 288.00 249.00 40.54
288.00 305.00 291.00 259.00 35.12
271.00 302.00 284.00 263.00 34.32
288.00 305.00 305.00 261.00 35.59
296.00 294.00 257.00 233.00 39.84
264.00 290.00 292.00 260.00 40.96
291.00 317.00 293.00 265.00 34.37
288.00 297.00 283.00 257.00 33.84
280.00 294.00 287.00 253.00 39.31
276.00 287.00 285.00 253.00 41.23
272.00 284.00 275.00 247.00 37.56
266.00 283.00 277.00 256.00 38.57
275.00 281.00 274.00 264.00 41.07
275.00 284.00 275.00 265.00 38.57
287.00 279.00 279.00 273.00 39.95
278.00 274.00 275.00 262.00 41.33
280.00 270.00 263.00 254.00 40.27
267.00 260.00 256.00 251.00 39.79
258.00 267.00 250.00 247.00 40.64
257.00 260.00 246.00 254.00 40.75
262.00 262.00 262.00 263.00 32.99
265.00 265.00 249.00 257.00 40.96
266.00 278.00 262.00 266.00 34.43
272.00 260.00 270.00 259.00 32.25
270.00 256.00 245.00 248.00 32.19
254.00 251.00 251.00 252.00 37.83
254.00 255.00 237.00 248.00 38.52
257.00 247.00 246.00 248.00 36.50
262.00 255.00 254.00 253.00 41.23
272.00 258.00 248.00 265.00 38.84
266.00 268.00 261.00 261.00 38.30
267.00 257.00 248.00 252.00 41.12
268.00 255.00 244.00 251.00 41.23
256.00 253.00 241.00 245.00 34.16
255.00 250.00 242.00 250.00 40.75
272.00 252.00 251.00 248.00 33.04
249.00 256.00 251.00 268.00 33.68
280.00 270.00 266.00 277.00 38.57
268.00 255.00 271.00 271.00 41.65
260.00 251.00 251.00 258.00 41.23
261.00 254.00 251.00 261.00 40.91
260.00 258.00 250.00 257.00 36.02
261.00 253.00 250.00 258.00 37.03
267.00 261.00 262.00 267.00 33.42
268.00 262.00 274.00 267.00 35.38
266.00 258.00 264.00 261.00 38.62
263.00 249.00 248.00 257.00 38.73
256.00 249.00 251.00 250.00 40.69
248.00 259.00 246.00 250.00 36.39
256.00 260.00 247.00 253.00 33.52
262.00 265.00 256.00 257.00 41.92
262.00 265.00 256.00 273.00 40.64
264.00 265.00 246.00 264.00 41.81
252.00 258.00 244.00 250.00 35.49
247.00 249.00 229.00 245.00 41.28
245.00 252.00 240.00 261.00 41.92
244.00 253.00 226.00 249.00 40.00
251.00 260.00 224.00 262.00 36.71
254.00 267.00 252.00 266.00 41.97
268.00 266.00 252.00 270.00 34.37
268.00 255.00 228.00 259.00 37.88
250.00 254.00 235.00 256.00 38.52
256.00 253.00 231.00 254.00 40.96
251.00 259.00 247.00 261.00 38.84
256.00 257.00 238.00 276.00 36.76
268.00 271.00 251.00 272.00 37.40
272.00 269.00 249.00 274.00 41.23
257.00 264.00 230.00 262.00 34.37
250.00 246.00 239.00 259.00 39.79
259.00 259.00 239.00 260.00 37.72
263.00 261.00 242.00 264.00 41.70
266.00 260.00 242.00 272.00 34.37
268.00 266.00 233.00 276.00 41.86
257.00 276.00 234.00 282.00 39.74
275.00 277.00 236.00 288.00 40.38
268.00 266.00 223.00 253.00 40.64
264.00 265.00 219.00 261.00 35.01
262.00 260.00 214.00 259.00 40.00
270.00 273.00 255.00 266.00 35.81
279.00 263.00 247.00 262.00 42.08
284.00 263.00 256.00 267.00 39.74
277.00 265.00 242.00 268.00 40.22
281.00 265.00 244.00 271.00 41.70
278.00 268.00 255.00 266.00 35.97
278.00 276.00 257.00 270.00 38.04
279.00 280.00 249.00 274.00 39.37
282.00 273.00 255.00 270.00 40.96
284.00 274.00 248.00 270.00 35.06
271.00 264.00 253.00 265.00 37.19
272.00 255.00 230.00 265.00 39.84
276.00 252.00 228.00 262.00 36.66
275.00 252.00 236.00 263.00 41.86
270.00 254.00 238.00 263.00 34.90
274.00 263.00 232.00 273.00 38.09
275.00 261.00 244.00 256.00 35.22
281.00 260.00 237.00 265.00 40.85
273.00 257.00 240.00 262.00 41.01
287.00 258.00 248.00 263.00 35.22
280.00 260.00 240.00 263.00 39.79
286.00 264.00 242.00 269.00 40.69
262.00 268.00 249.00 275.00 38.62
263.00 272.00 256.00 262.00 41.92
271.00 261.00 259.00 261.00 37.88
279.00 265.00 251.00 256.00 36.82
261.00 274.00 248.00 266.00 38.09
267.00 268.00 245.00 262.00 39.47
257.00 266.00 240.00 244.00 42.02
244.00 258.00 238.00 268.00 34.69
264.00 269.00 250.00 259.00 39.74
278.00 267.00 242.00 263.00 42.24
284.00 254.00 257.00 272.00 42.13
273.00 274.00 253.00 272.00 39.79
275.00 181.00 240.00 248.00 40.16
272.00 260.00 241.00 249.00 34.80
258.00 263.00 230.00 249.00 42.18
252.00 256.00 251.00 261.00 42.24
263.00 262.00 244.00 249.00 37.77
255.00 266.00 244.00 254.00 41.86
271.00 275.00 256.00 274.00 40.06
281.00 282.00 252.00 265.00 39.21
264.00 281.00 253.00 277.00 42.29
274.00 275.00 249.00 252.00 36.29
251.00 270.00 239.00 255.00 36.13
239.00 257.00 244.00 235.00 39.58
264.00 262.00 245.00 258.00 38.04
247.00 260.00 251.00 258.00 35.97
262.00 271.00 252.00 268.00 41.65
261.00 272.00 248.00 266.00 37.29
279.00 283.00 241.00 262.00 41.12
279.00 274.00 259.00 260.00 38.25
299.00 278.00 262.00 250.00 41.23
290.00 270.00 256.00 262.00 35.54
285.00 255.00 254.00 259.00 34.58
271.00 263.00 253.00 248.00 39.21
254.00 277.00 235.00 255.00 41.86
274.00 282.00 224.00 256.00 39.05
288.00 277.00 237.00 263.00 39.69
287.00 280.00 243.00 267.00 40.11
293.00 279.00 245.00 270.00 41.86
282.00 287.00 232.00 257.00 37.29
278.00 274.00 231.00 264.00 36.29
245.00 270.00 232.00 255.00 35.97
250.00 254.00 232.00 263.00 37.56
260.00 264.00 223.00 263.00 35.70
260.00 271.00 220.00 256.00 39.15
268.00 282.00 223.00 266.00 40.64
254.00 284.00 237.00 257.00 42.39
266.00 284.00 238.00 264.00 39.42
269.00 286.00 242.00 265.00 34.80
272.00 288.00 261.00 261.00 42.29
268.00 278.00 250.00 260.00 35.75
254.00 232.00 248.00 256.00 42.34
264.00 270.00 232.00 265.00 39.31
264.00 285.00 248.00 272.00 38.68
275.00 296.00 253.00 262.00 40.54
268.00 289.00 241.00 264.00 42.34
275.00 297.00 263.00 273.00 41.86
286.00 292.00 242.00 269.00 35.06
284.00 279.00 250.00 246.00 38.20
264.00 286.00 238.00 257.00 42.29
265.00 270.00 222.00 263.00 41.70
278.00 282.00 233.00 260.00 35.65
273.00 288.00 233.00 269.00 34.96
263.00 292.00 248.00 275.00 42.45
272.00 299.00 255.00 275.00 41.33
276.00 293.00 243.00 276.00 37.83
275.00 301.00 249.00 278.00 37.19
268.00 292.00 260.00 282.00 42.39
272.00 284.00 249.00 266.00 36.82
286.00 280.00 260.00 267.00 42.24
222.00 279.00 248.00 264.00 41.12
255.00 278.00 237.00 260.00 41.81
248.00 277.00 242.00 269.00 41.28
238.00 263.00 221.00 262.00 37.51
246.00 284.00 227.00 267.00 40.06
237.00 268.00 223.00 260.00 42.50
242.00 283.00 236.00 257.00 35.54
239.00 277.00 243.00 263.00 41.01
247.00 282.00 237.00 262.00 39.84
242.00 294.00 258.00 286.00 37.29
253.00 298.00 251.00 288.00 42.45
249.00 310.00 251.00 286.00 40.54
253.00 308.00 248.00 275.00 37.29
258.00 312.00 258.00 287.00 35.59
257.00 326.00 260.00 282.00 37.93
255.00 325.00 254.00 284.00 35.01
234.00 320.00 233.00 272.00 39.53
243.00 292.00 235.00 260.00 35.49
229.00 288.00 228.00 265.00 38.52
239.00 311.00 233.00 278.00 42.45
244.00 314.00 230.00 267.00 34.90
252.00 314.00 231.00 270.00 41.97
255.00 314.00 249.00 284.00 41.33
270.00 316.00 243.00 270.00 36.50
287.00 315.00 240.00 287.00 36.87
288.00 291.00 236.00 271.00 41.70
267.00 308.00 238.00 274.00 42.13
266.00 311.00 245.00 265.00 37.03
265.00 309.00 236.00 272.00 36.82
261.00 309.00 222.00 272.00 38.04
256.00 306.00 233.00 273.00 37.40
249.00 304.00 251.00 280.00 38.20
262.00 306.00 248.00 271.00 35.12
256.00 298.00 237.00 275.00 39.84
246.00 294.00 234.00 274.00 37.77
238.00 287.00 220.00 262.00 42.45
241.00 279.00 233.00 259.00 42.50
237.00 273.00 226.00 249.00 35.22
233.00 273.00 230.00 243.00 36.44
230.00 262.00 247.00 233.00 36.66
227.00 252.00 247.00 240.00 36.34
239.00 254.00 239.00 245.00 42.13
242.00 251.00 245.00 261.00 42.08
238.00 265.00 249.00 258.00 42.24
256.00 264.00 244.00 251.00 40.43
240.00 266.00 235.00 247.00 39.95
240.00 256.00 233.00 231.00 39.21
249.00 236.00 221.00 247.00 42.18
251.00 261.00 226.00 196.00 37.56
244.00 256.00 230.00 239.00 41.86
239.00 256.00 236.00 248.00 38.52
232.00 266.00 242.00 263.00 42.45
240.00 268.00 246.00 265.00 41.49
255.00 266.00 245.00 256.00 40.75
253.00 272.00 246.00 250.00 35.38
232.00 255.00 245.00 259.00 35.12
243.00 251.00 238.00 246.00 40.43
248.00 248.00 250.00 227.00 37.88
263.00 247.00 243.00 255.00 35.01
246.00 241.00 235.00 254.00 41.17
245.00 238.00 239.00 236.00 39.21
242.00 244.00 238.00 250.00 40.91
270.00 243.00 253.00 238.00 35.86
262.00 252.00 247.00 246.00 35.49
262.00 251.00 256.00 259.00 37.72
272.00 251.00 274.00 257.00 39.58
262.00 251.00 250.00 253.00 35.22
251.00 249.00 246.00 246.00 37.45
249.00 242.00 237.00 245.00 35.65
240.00 240.00 246.00 259.00 41.23
238.00 238.00 244.00 235.00 38.25
226.00 244.00 238.00 242.00 41.92
255.00 235.00 247.00 259.00 41.97
260.00 240.00 250.00 249.00 35.28
240.00 258.00 248.00 249.00 42.39
244.00 258.00 242.00 242.00 35.06
263.00 261.00 245.00 258.00 42.29
254.00 258.00 256.00 257.00 42.39
245.00 265.00 262.00 261.00 35.06
255.00 270.00 249.00 247.00 40.11
251.00 284.00 254.00 247.00 36.71
248.00 282.00 254.00 258.00 42.18
266.00 266.00 248.00 247.00 41.12
246.00 268.00 249.00 254.00 38.09
273.00 243.00 256.00 246.00 41.60
250.00 237.00 252.00 254.00 41.49
262.00 234.00 263.00 250.00 42.45
252.00 234.00 262.00 257.00 42.39
257.00 236.00 245.00 249.00 37.08
237.00 239.00 259.00 245.00 39.47
245.00 233.00 256.00 234.00 39.37
259.00 244.00 274.00 255.00 42.24
255.00 242.00 284.00 265.00 35.01
253.00 242.00 285.00 258.00 42.45
238.00 238.00 279.00 268.00 39.95
254.00 244.00 276.00 273.00 37.83
275.00 241.00 290.00 266.00 42.24
263.00 232.00 275.00 259.00 36.13
252.00 226.00 274.00 243.00 35.54
248.00 224.00 277.00 263.00 36.13
235.00 223.00 285.00 235.00 36.98
249.00 223.00 254.00 245.00 40.91
246.00 254.00 254.00 264.00 41.17
247.00 275.00 277.00 263.00 35.75
251.00 271.00 281.00 263.00 35.28
256.00 274.00 270.00 260.00 38.57
267.00 257.00 276.00 272.00 35.91
262.00 263.00 281.00 275.00 41.86
264.00 262.00 292.00 272.00 40.48
257.00 256.00 284.00 257.00 40.38
248.00 245.00 275.00 251.00 35.54
244.00 245.00 267.00 244.00 40.16
236.00 242.00 272.00 250.00 42.24
241.00 248.00 273.00 245.00 40.32
240.00 249.00 260.00 245.00 40.48
249.00 249.00 278.00 256.00 38.68
251.00 248.00 272.00 248.00 36.13
255.00 255.00 276.00 260.00 35.17
252.00 258.00 291.00 262.00 37.08
255.00 247.00 283.00 256.00 41.07
244.00 243.00 279.00 250.00 34.64
240.00 226.00 268.00 247.00 41.01
222.00 234.00 262.00 226.00 41.65
219.00 235.00 256.00 226.00 37.56
219.00 231.00 255.00 231.00 34.58
219.00 229.00 257.00 228.00 40.59
216.00 235.00 258.00 226.00 40.69
214.00 234.00 257.00 224.00 42.29
217.00 238.00 263.00 225.00 41.07
219.00 238.00 263.00 241.00 41.39
221.00 235.00 261.00 208.00 35.17
220.00 237.00 256.00 228.00 36.07
214.00 229.00 256.00 221.00 36.71
209.00 223.00 250.00 233.00 39.21
206.00 223.00 253.00 230.00 39.05
207.00 222.00 249.00 224.00 34.74
203.00 217.00 244.00 223.00 35.22
201.00 219.00 243.00 220.00 41.01
201.00 218.00 245.00 226.00 35.54
203.00 219.00 246.00 228.00 36.07
203.00 219.00 250.00 226.00 42.02
203.00 217.00 245.00 222.00 42.02
206.00 223.00 247.00 217.00 41.81
205.00 225.00 248.00 232.00 39.79
208.00 228.00 249.00 227.00 33.68
210.00 235.00 256.00 241.00 42.02
207.00 226.00 252.00 221.00 38.20
209.00 219.00 262.00 230.00 41.76
205.00 211.00 240.00 233.00 34.27
202.00 209.00 231.00 235.00 41.44
202.00 207.00 233.00 238.00 39.79
204.00 207.00 238.00 234.00 41.81
202.00 205.00 243.00 239.00 38.46
201.00 207.00 242.00 251.00 34.00
204.00 207.00 232.00 231.00 38.57
202.00 206.00 227.00 220.00 41.86
200.00 206.00 227.00 229.00 40.91
205.00 203.00 227.00 222.00 37.45
206.00 204.00 226.00 230.00 37.35
208.00 204.00 228.00 231.00 38.99
204.00 203.00 225.00 225.00 35.54
209.00 202.00 224.00 230.00 35.86
204.00 201.00 222.00 224.00 34.11
208.00 204.00 223.00 232.00 34.05
204.00 198.00 217.00 233.00 40.00
202.00 195.00 212.00 238.00 33.52
196.00 188.00 213.00 223.00 33.10
193.00 190.00 210.00 220.00 37.40
195.00 189.00 210.00 226.00 33.73
197.00 187.00 209.00 212.00 39.26
204.00 187.00 208.00 229.00 39.42
202.00 188.00 207.00 218.00 41.12
202.00 187.00 209.00 228.00 40.59
211.00 187.00 208.00 220.00 33.63
208.00 186.00 209.00 224.00 41.81
207.00 185.00 212.00 212.00 37.99
213.00 187.00 213.00 225.00 41.76
213.00 190.00 211.00 218.00 33.58
209.00 192.00 213.00 227.00 35.70
212.00 189.00 216.00 224.00 36.07
207.00 190.00 214.00 233.00 33.15
209.00 189.00 213.00 233.00 41.17
204.00 185.00 211.00 219.00 41.65
203.00 181.00 208.00 229.00 41.76
197.00 176.00 205.00 234.00 41.01
197.00 174.00 202.00 238.00 38.25
195.00 174.00 200.00 222.00 39.84
193.00 177.00 201.00 230.00 34.85
196.00 178.00 199.00 227.00 39.53
198.00 178.00 202.00 221.00 41.39
197.00 182.00 206.00 236.00 41.17
200.00 183.00 209.00 236.00 40.59
199.00 183.00 208.00 223.00 40.69
200.00 182.00 207.00 232.00 40.85
198.00 181.00 204.00 220.00 39.15
194.00 179.00 201.00 225.00 34.11
187.00 173.00 197.00 237.00 41.49
184.00 171.00 196.00 224.00 41.60
183.00 169.00 195.00 232.00 38.09
182.00 170.00 195.00 230.00 36.82
182.00 171.00 198.00 217.00 35.28
183.00 174.00 199.00 223.00 41.70
187.00 174.00 200.00 224.00 35.75
187.00 178.00 200.00 232.00 40.69
189.00 179.00 203.00 231.00 32.83
191.00 181.00 205.00 227.00 33.73
200.00 179.00 211.00 235.00 40.32
195.00 178.00 210.00 241.00 39.58
192.00 176.00 211.00 233.00 41.54
181.00 167.00 201.00 226.00 34.48
184.00 164.00 200.00 229.00 36.02
186.00 168.00 201.00 238.00 37.24
188.00 171.00 201.00 238.00 41.65
186.00 171.00 201.00 232.00 33.36
204.00 172.00 206.00 228.00 41.17
192.00 172.00 208.00 241.00 37.14
193.00 174.00 208.00 221.00 35.49
190.00 176.00 213.00 232.00 38.30
192.00 180.00 214.00 231.00 39.37
190.00 180.00 208.00 227.00 36.29
188.00 180.00 213.00 229.00 40.75
189.00 173.00 202.00 234.00 35.38
190.00 175.00 203.00 221.00 41.49
181.00 170.00 202.00 217.00 40.06
180.00 170.00 200.00 214.00 36.02
179.00 171.00 200.00 212.00 32.94
179.00 167.00 202.00 217.00 41.12
177.00 166.00 200.00 219.00 40.22
179.00 166.00 201.00 200.00 38.09
178.00 164.00 197.00 206.00 33.89
179.00 167.00 195.00 200.00 31.34
180.00 164.00 194.00 195.00 32.57
180.00 161.00 194.00 197.00 38.94
180.00 160.00 195.00 196.00 29.48
177.00 160.00 195.00 196.00 40.06
180.00 161.00 193.00 194.00 29.06
179.00 160.00 196.00 196.00 28.69
178.00 161.00 194.00 196.00 28.69
179.00 161.00 193.00 194.00 38.04
180.00 161.00 194.00 199.00 33.26
177.00 160.00 193.00 195.00 37.77
177.00 160.00 193.00 193.00 28.21
177.00 160.00 194.00 195.00 31.77
177.00 159.00 194.00 191.00 28.48
177.00 158.00 194.00 195.00 37.72
177.00 155.00 187.00 195.00 36.02
164.00 150.00 182.00 147.00 27.73
96.00 36.00 62.00 25.00 29.22
81.00 71.00 75.00 60.00 29.75
82.00 54.00 54.00 35.00 28.21

