21.00 21.00 35.00 23.00 24.12
7.00 6.00 99.00 5.00 36.76
9.00 20.00 157.00 5.00 25.13
9.00 16.00 162.00 8.00 27.25
18.00 20.00 157.00 6.00 32.99
14.00 17.00 157.00 5.00 30.81
15.00 16.00 159.00 5.00 33.31
15.00 15.00 158.00 5.00 23.75
11.00 13.00 157.00 5.00 29.91
11.00 13.00 157.00 5.00 27.94
10.00 12.00 159.00 5.00 32.99
10.00 12.00 159.00 5.00 30.55
10.00 12.00 159.00 5.00 28.90
10.00 12.00 161.00 5.00 23.64
12.00 12.00 162.00 5.00 25.23
11.00 12.00 163.00 5.00 26.19
16.00 13.00 165.00 5.00 21.57
10.00 18.00 157.00 5.00 26.51
10.00 17.00 152.00 5.00 32.57
11.00 15.00 153.00 5.00 23.53
10.00 13.00 153.00 5.00 33.58
9.00 13.00 153.00 5.00 21.99
9.00 13.00 152.00 4.00 23.59
10.00 14.00 152.00 5.00 23.85
11.00 16.00 164.00 8.00 28.26
16.00 36.00 180.00 16.00 24.28
18.00 61.00 185.00 32.00 31.40
32.00 71.00 193.00 26.00 29.75
31.00 84.00 188.00 25.00 29.59
31.00 96.00 183.00 32.00 23.00
35.00 106.00 183.00 33.00 33.95
37.00 113.00 193.00 40.00 27.94
39.00 119.00 196.00 63.00 28.85
52.00 145.00 219.00 160.00 38.14
70.00 160.00 208.00 258.00 27.25
131.00 165.00 236.00 268.00 32.83
225.00 176.00 221.00 275.00 30.39
245.00 207.00 238.00 277.00 39.58
262.00 228.00 244.00 281.00 39.58
258.00 220.00 246.00 290.00 39.63
247.00 218.00 231.00 232.00 35.70
240.00 219.00 210.00 246.00 35.49
245.00 207.00 208.00 241.00 40.06
244.00 201.00 204.00 246.00 38.84
244.00 195.00 194.00 259.00 41.12
235.00 185.00 197.00 271.00 39.47
252.00 196.00 199.00 251.00 37.14
250.00 192.00 194.00 230.00 39.37
241.00 196.00 195.00 241.00 32.73
228.00 197.00 200.00 260.00 38.36
228.00 187.00 204.00 244.00 38.89
233.00 199.00 204.00 257.00 35.54
240.00 194.00 218.00 247.00 41.17
226.00 197.00 216.00 261.00 31.56
232.00 206.00 220.00 278.00 36.23
236.00 200.00 216.00 251.00 35.54
241.00 189.00 211.00 248.00 32.03
227.00 191.00 210.00 248.00 31.50
224.00 185.00 201.00 248.00 41.07
220.00 181.00 199.00 233.00 41.17
219.00 174.00 196.00 249.00 39.74
214.00 176.00 192.00 237.00 39.05
210.00 175.00 199.00 217.00 40.11
206.00 175.00 202.00 236.00 34.05
221.00 179.00 206.00 253.00 36.44
219.00 184.00 209.00 244.00 31.50
222.00 192.00 200.00 239.00 31.40
212.00 206.00 199.00 232.00 40.32
229.00 195.00 196.00 236.00 37.35
217.00 188.00 197.00 215.00 40.96
216.00 191.00 205.00 233.00 34.58
221.00 198.00 212.00 239.00 39.47
243.00 213.00 210.00 252.00 35.43
222.00 213.00 213.00 223.00 38.89
201.00 213.00 200.00 235.00 35.81
187.00 210.00 181.00 197.00 41.60
153.00 219.00 196.00 218.00 41.49
193.00 207.00 207.00 220.00 39.58
188.00 205.00 203.00 218.00 38.52
154.00 211.00 205.00 226.00 35.65
187.00 207.00 202.00 217.00 41.81
176.00 215.00 200.00 227.00 40.48
187.00 209.00 195.00 206.00 38.30
197.00 215.00 193.00 221.00 34.74
163.00 223.00 193.00 216.00 35.54
205.00 211.00 208.00 222.00 39.26
165.00 205.00 191.00 219.00 40.91
176.00 197.00 179.00 211.00 34.43
152.00 193.00 180.00 195.00 40.64
165.00 188.00 187.00 215.00 35.28
176.00 194.00 176.00 185.00 40.00
155.00 197.00 193.00 211.00 41.76
160.00 209.00 196.00 204.00 42.18
177.00 198.00 183.00 226.00 34.74
190.00 196.00 184.00 201.00 40.48
209.00 202.00 194.00 201.00 35.28
141.00 199.00 193.00 205.00 37.83
154.00 200.00 195.00 209.00 38.99
179.00 234.00 201.00 207.00 38.20
210.00 212.00 186.00 217.00 36.92
180.00 189.00 181.00 232.00 36.92
175.00 200.00 183.00 227.00 40.16
195.00 213.00 199.00 218.00 38.52
194.00 201.00 202.00 220.00 40.48
168.00 184.00 191.00 210.00 37.72
153.00 191.00 193.00 201.00 41.07
173.00 191.00 189.00 203.00 42.34
200.00 188.00 195.00 216.00 42.29
175.00 210.00 197.00 211.00 36.34
190.00 211.00 199.00 229.00 34.96
168.00 193.00 183.00 206.00 37.14
182.00 214.00 206.00 192.00 35.91
184.00 199.00 190.00 230.00 37.83
185.00 192.00 198.00 210.00 38.94
209.00 204.00 188.00 212.00 35.91
188.00 197.00 189.00 215.00 41.23
210.00 207.00 190.00 204.00 39.21
188.00 193.00 181.00 200.00 37.40
168.00 193.00 192.00 215.00 41.12
179.00 190.00 191.00 207.00 39.47
181.00 195.00 180.00 216.00 37.61
176.00 180.00 177.00 209.00 42.45
182.00 191.00 177.00 228.00 39.26
191.00 202.00 209.00 188.00 41.86
141.00 202.00 197.00 227.00 41.17
197.00 195.00 202.00 203.00 42.45
207.00 212.00 206.00 221.00 39.58
209.00 213.00 206.00 209.00 35.43
156.00 205.00 210.00 230.00 36.02
201.00 182.00 202.00 222.00 39.37
181.00 182.00 191.00 212.00 42.02
175.00 185.00 193.00 204.00 39.26
164.00 174.00 180.00 220.00 35.70
183.00 173.00 164.00 200.00 36.82
196.00 183.00 166.00 203.00 35.43
200.00 182.00 186.00 204.00 41.54
200.00 189.00 178.00 211.00 40.91
205.00 179.00 189.00 202.00 38.46
191.00 187.00 192.00 205.00 37.40
201.00 176.00 178.00 201.00 41.92
184.00 193.00 187.00 206.00 42.02
191.00 182.00 186.00 217.00 38.14
199.00 191.00 193.00 216.00 42.24
181.00 177.00 194.00 217.00 42.39
186.00 183.00 179.00 222.00 37.03
159.00 188.00 194.00 209.00 40.32
182.00 179.00 196.00 217.00 41.33
195.00 180.00 184.00 213.00 41.65
184.00 195.00 196.00 216.00 41.39
176.00 184.00 193.00 205.00 41.54
197.00 201.00 194.00 208.00 37.77
200.00 190.00 195.00 205.00 41.12
188.00 180.00 214.00 224.00 41.39
195.00 198.00 195.00 212.00 40.80
175.00 196.00 188.00 210.00 40.91
161.00 186.00 191.00 211.00 36.50
179.00 202.00 179.00 207.00 35.59
187.00 190.00 193.00 213.00 38.52
211.00 196.00 186.00 222.00 42.29
178.00 199.00 185.00 217.00 35.59
181.00 196.00 189.00 203.00 35.33
181.00 195.00 190.00 206.00 41.60
175.00 181.00 184.00 199.00 42.45
176.00 189.00 181.00 213.00 40.32
185.00 191.00 182.00 203.00 41.17
169.00 179.00 177.00 207.00 40.11
182.00 178.00 175.00 205.00 42.34
174.00 183.00 170.00 200.00 39.05
198.00 163.00 168.00 198.00 39.69
197.00 162.00 175.00 202.00 41.97
193.00 157.00 182.00 203.00 41.39
197.00 169.00 186.00 206.00 35.43
196.00 197.00 168.00 213.00 42.24
193.00 200.00 183.00 207.00 42.45
198.00 188.00 192.00 220.00 37.45
198.00 192.00 189.00 216.00 38.78
202.00 216.00 183.00 215.00 40.85
200.00 213.00 174.00 212.00 38.94
197.00 207.00 182.00 218.00 42.39
201.00 197.00 195.00 209.00 37.72
205.00 210.00 192.00 219.00 36.87
197.00 199.00 185.00 212.00 35.22
191.00 206.00 186.00 211.00 42.18
193.00 201.00 192.00 218.00 39.26
204.00 187.00 190.00 203.00 41.33
185.00 205.00 197.00 202.00 41.54
185.00 202.00 176.00 205.00 37.40
182.00 195.00 176.00 202.00 40.48
183.00 178.00 170.00 207.00 42.29
180.00 180.00 162.00 199.00 42.29
186.00 200.00 178.00 198.00 39.26
188.00 206.00 188.00 196.00 42.34
188.00 191.00 186.00 198.00 42.08
184.00 184.00 185.00 190.00 38.20
177.00 196.00 187.00 203.00 38.25
183.00 192.00 182.00 207.00 42.08
183.00 193.00 173.00 194.00 34.85
176.00 190.00 171.00 179.00 39.69
174.00 187.00 166.00 183.00 39.31
174.00 182.00 160.00 196.00 40.27
174.00 172.00 165.00 204.00 41.12
175.00 170.00 160.00 197.00 41.12
177.00 173.00 161.00 196.00 41.39
174.00 171.00 159.00 197.00 34.05
177.00 180.00 166.00 199.00 39.10
180.00 185.00 169.00 197.00 40.16
183.00 183.00 168.00 206.00 41.39
183.00 182.00 165.00 207.00 37.77
182.00 178.00 164.00 205.00 40.69
182.00 175.00 162.00 190.00 38.14
177.00 176.00 163.00 189.00 33.42
175.00 170.00 154.00 187.00 40.54
173.00 169.00 156.00 198.00 37.40
177.00 170.00 161.00 211.00 37.40
190.00 177.00 170.00 212.00 39.79
187.00 181.00 168.00 199.00 41.70
179.00 180.00 163.00 208.00 40.80
182.00 177.00 159.00 209.00 40.59
177.00 171.00 152.00 215.00 40.11
173.00 163.00 143.00 204.00 34.00
167.00 157.00 142.00 201.00 32.83
161.00 155.00 140.00 202.00 40.64
163.00 168.00 139.00 206.00 41.17
166.00 164.00 140.00 205.00 35.17
166.00 159.00 139.00 204.00 39.37
166.00 162.00 140.00 201.00 36.76
163.00 158.00 138.00 200.00 39.10
161.00 157.00 134.00 206.00 39.58
164.00 148.00 133.00 197.00 39.53
159.00 153.00 138.00 205.00 29.22
167.00 156.00 141.00 198.00 30.71
162.00 153.00 141.00 199.00 38.84
167.00 148.00 140.00 201.00 36.60
167.00 154.00 142.00 207.00 37.77
171.00 157.00 142.00 199.00 31.56
170.00 154.00 145.00 187.00 35.75
173.00 146.00 143.00 180.00 36.50
160.00 148.00 141.00 168.00 35.75
162.00 149.00 141.00 162.00 29.06
163.00 146.00 139.00 163.00 34.64
160.00 144.00 137.00 158.00 30.92
160.00 151.00 141.00 160.00 38.41
163.00 152.00 142.00 169.00 25.82
162.00 148.00 138.00 179.00 38.14
157.00 145.00 135.00 181.00 29.22
157.00 147.00 135.00 165.00 25.13
162.00 142.00 132.00 159.00 29.33
157.00 133.00 133.00 137.00 27.84
78.00 104.00 131.00 75.00 34.21
77.00 92.00 108.00 74.00 25.98
80.00 83.00 110.00 26.00 37.83

