40.00 37.00 49.00 50.00 28.16
44.00 42.00 41.00 51.00 31.82
37.00 27.00 38.00 63.00 32.46
41.00 47.00 44.00 121.00 34.32
71.00 58.00 44.00 101.00 26.35
40.00 37.00 20.00 94.00 27.78
48.00 34.00 20.00 99.00 22.31
34.00 32.00 22.00 94.00 28.42
36.00 33.00 27.00 101.00 34.85
44.00 33.00 31.00 102.00 23.59
43.00 37.00 33.00 97.00 35.17
48.00 40.00 39.00 95.00 35.43
46.00 33.00 60.00 93.00 25.13
52.00 37.00 104.00 94.00 31.61
44.00 37.00 139.00 95.00 31.29
56.00 39.00 164.00 95.00 29.86
50.00 46.00 231.00 99.00 36.34
54.00 56.00 268.00 105.00 35.91
63.00 60.00 289.00 116.00 24.70
70.00 71.00 297.00 123.00 32.62
70.00 174.00 311.00 148.00 37.51
88.00 278.00 322.00 176.00 33.26
79.00 251.00 302.00 186.00 38.62
127.00 297.00 338.00 225.00 28.26
127.00 305.00 325.00 250.00 34.37
166.00 312.00 350.00 291.00 31.13
200.00 341.00 353.00 266.00 38.20
233.00 331.00 364.00 301.00 40.16
255.00 332.00 364.00 282.00 38.73
283.00 326.00 364.00 304.00 38.68
274.00 333.00 352.00 325.00 40.75
283.00 335.00 352.00 339.00 31.40
303.00 327.00 354.00 323.00 38.73
311.00 334.00 351.00 322.00 41.28
315.00 327.00 349.00 323.00 41.49
293.00 338.00 363.00 327.00 37.83
306.00 322.00 333.00 318.00 39.53
302.00 329.00 348.00 317.00 41.49
306.00 333.00 362.00 322.00 33.47
326.00 341.00 353.00 318.00 41.65
318.00 342.00 341.00 323.00 41.92
311.00 325.00 369.00 323.00 38.84
299.00 329.00 358.00 322.00 34.21
317.00 343.00 345.00 312.00 35.17
314.00 331.00 343.00 311.00 34.11
314.00 339.00 349.00 302.00 36.87
297.00 322.00 358.00 317.00 34.21
327.00 313.00 360.00 324.00 36.23
311.00 305.00 354.00 310.00 42.18
289.00 314.00 319.00 298.00 37.35
284.00 301.00 322.00 314.00 40.59
294.00 303.00 323.00 300.00 42.29
308.00 298.00 317.00 305.00 37.88
315.00 297.00 314.00 294.00 34.69
297.00 289.00 317.00 303.00 34.64
297.00 292.00 310.00 300.00 38.89
312.00 272.00 306.00 299.00 41.81
281.00 279.00 306.00 300.00 36.23
313.00 275.00 302.00 302.00 39.74
289.00 282.00 296.00 274.00 35.54
298.00 282.00 296.00 295.00 40.54
292.00 269.00 294.00 266.00 36.92
283.00 272.00 290.00 305.00 40.38
288.00 280.00 282.00 295.00 35.86
267.00 275.00 273.00 289.00 42.34
297.00 283.00 294.00 296.00 42.24
280.00 292.00 279.00 285.00 37.77
290.00 280.00 282.00 269.00 42.55
299.00 265.00 272.00 301.00 40.59
300.00 283.00 288.00 278.00 35.49
309.00 281.00 285.00 289.00 42.55
276.00 273.00 272.00 254.00 42.77
298.00 281.00 274.00 285.00 42.24
278.00 274.00 283.00 286.00 42.55
282.00 282.00 274.00 297.00 35.59
283.00 287.00 267.00 277.00 36.87
293.00 284.00 267.00 299.00 39.90
294.00 279.00 267.00 291.00 35.65
255.00 287.00 274.00 244.00 42.08
296.00 261.00 277.00 298.00 39.69
283.00 270.00 278.00 308.00 42.61
304.00 269.00 269.00 305.00 41.17
302.00 269.00 273.00 285.00 42.45
288.00 280.00 274.00 262.00 38.09
271.00 277.00 265.00 289.00 38.52
284.00 264.00 270.00 273.00 38.09
315.00 287.00 275.00 309.00 40.85
285.00 290.00 273.00 281.00 39.42
303.00 274.00 283.00 283.00 39.69
280.00 284.00 286.00 306.00 36.66
278.00 293.00 283.00 269.00 40.48
274.00 291.00 300.00 293.00 39.37
306.00 279.00 288.00 310.00 42.39
302.00 294.00 277.00 301.00 38.57
295.00 294.00 307.00 282.00 40.38
314.00 301.00 301.00 264.00 40.48
284.00 288.00 306.00 298.00 39.21
309.00 297.00 286.00 285.00 40.06
295.00 275.00 289.00 313.00 40.59
311.00 304.00 286.00 322.00 39.53
322.00 294.00 298.00 325.00 37.83
314.00 284.00 282.00 320.00 36.18
342.00 276.00 287.00 321.00 41.60
329.00 284.00 293.00 312.00 36.29
272.00 287.00 288.00 284.00 42.29
287.00 280.00 295.00 295.00 36.02
290.00 288.00 294.00 299.00 41.01
309.00 288.00 299.00 301.00 41.86
309.00 275.00 239.00 249.00 40.69
303.00 279.00 288.00 325.00 42.61
278.00 283.00 288.00 266.00 40.59
277.00 268.00 280.00 272.00 40.64
301.00 277.00 278.00 284.00 40.22
295.00 297.00 278.00 273.00 41.12
301.00 277.00 297.00 281.00 41.23
290.00 278.00 290.00 300.00 39.26
283.00 274.00 280.00 283.00 36.23
281.00 285.00 274.00 299.00 42.29
292.00 302.00 273.00 262.00 41.86
274.00 273.00 278.00 282.00 38.20
285.00 278.00 275.00 268.00 39.47
297.00 279.00 275.00 280.00 41.07
263.00 268.00 279.00 292.00 41.60
278.00 282.00 289.00 306.00 37.99
293.00 271.00 285.00 305.00 36.02
283.00 284.00 285.00 302.00 41.97
277.00 283.00 288.00 297.00 42.50
267.00 301.00 276.00 294.00 42.66
280.00 270.00 282.00 308.00 36.07
272.00 273.00 278.00 279.00 41.33
282.00 284.00 281.00 291.00 42.08
291.00 284.00 286.00 313.00 38.52
281.00 280.00 298.00 314.00 40.32
288.00 286.00 296.00 296.00 41.60
293.00 290.00 317.00 286.00 40.96
301.00 295.00 310.00 304.00 36.92
306.00 303.00 301.00 307.00 42.93
311.00 297.00 302.00 314.00 36.55
309.00 297.00 296.00 300.00 39.15
295.00 291.00 316.00 289.00 39.37
304.00 306.00 297.00 284.00 39.05
270.00 283.00 278.00 285.00 39.21
291.00 277.00 305.00 265.00 39.84
269.00 289.00 297.00 304.00 36.29
270.00 284.00 302.00 303.00 36.50
291.00 268.00 275.00 292.00 41.92
316.00 279.00 303.00 280.00 38.62
273.00 268.00 319.00 303.00 35.81
272.00 287.00 293.00 313.00 42.71
297.00 298.00 309.00 281.00 39.10
272.00 310.00 294.00 272.00 37.56
273.00 303.00 309.00 294.00 35.91
300.00 301.00 318.00 318.00 36.07
249.00 304.00 336.00 275.00 42.77
288.00 315.00 324.00 299.00 41.97
306.00 316.00 312.00 298.00 42.87
314.00 294.00 319.00 308.00 39.37
260.00 285.00 312.00 300.00 42.50
268.00 296.00 296.00 279.00 39.63
276.00 292.00 287.00 278.00 39.37
259.00 281.00 307.00 278.00 39.95
251.00 282.00 313.00 244.00 41.70
252.00 261.00 313.00 283.00 38.62
254.00 249.00 311.00 268.00 38.30
263.00 245.00 328.00 283.00 42.71
257.00 240.00 312.00 280.00 40.85
258.00 241.00 321.00 269.00 38.25
242.00 246.00 327.00 272.00 36.13
255.00 244.00 327.00 283.00 37.77
251.00 242.00 310.00 273.00 37.40
262.00 251.00 327.00 271.00 37.77
250.00 246.00 331.00 260.00 35.81
252.00 240.00 314.00 286.00 41.81
246.00 230.00 335.00 277.00 38.99
248.00 237.00 331.00 295.00 42.02
254.00 233.00 327.00 289.00 38.78
262.00 234.00 333.00 290.00 42.45
272.00 233.00 344.00 286.00 38.46
252.00 238.00 333.00 282.00 41.92
261.00 250.00 345.00 283.00 36.39
277.00 242.00 341.00 296.00 42.02
259.00 232.00 360.00 265.00 40.69
255.00 245.00 362.00 306.00 38.25
268.00 247.00 355.00 272.00 41.65
261.00 244.00 338.00 269.00 39.05
245.00 232.00 336.00 280.00 38.14
249.00 244.00 324.00 283.00 41.76
253.00 231.00 319.00 274.00 38.30
250.00 228.00 308.00 263.00 35.54
244.00 230.00 306.00 255.00 42.18
243.00 242.00 297.00 257.00 38.73
239.00 239.00 292.00 240.00 42.39
254.00 233.00 287.00 242.00 35.33
251.00 242.00 280.00 262.00 39.58
242.00 237.00 278.00 267.00 40.96
240.00 247.00 275.00 273.00 36.98
240.00 239.00 284.00 256.00 42.13
241.00 234.00 282.00 256.00 41.44
255.00 232.00 282.00 267.00 40.27
250.00 234.00 277.00 261.00 37.93
240.00 233.00 276.00 267.00 41.01
243.00 224.00 255.00 264.00 35.65
251.00 209.00 260.00 251.00 36.98
238.00 224.00 258.00 264.00 42.18
240.00 222.00 247.00 240.00 34.85
235.00 224.00 255.00 248.00 37.35
227.00 220.00 253.00 258.00 39.53
239.00 225.00 256.00 258.00 35.33
244.00 238.00 259.00 255.00 40.85
242.00 237.00 261.00 257.00 37.19
258.00 235.00 264.00 252.00 41.07
255.00 233.00 263.00 261.00 42.24
255.00 231.00 263.00 263.00 39.37
238.00 227.00 270.00 267.00 40.27
262.00 227.00 273.00 261.00 40.32
259.00 231.00 270.00 257.00 37.83
257.00 239.00 268.00 264.00 42.39
250.00 224.00 263.00 288.00 37.35
262.00 219.00 264.00 266.00 41.33
250.00 206.00 258.00 236.00 38.52
240.00 210.00 235.00 257.00 42.13
237.00 216.00 250.00 263.00 39.53
232.00 213.00 255.00 256.00 35.28
238.00 220.00 254.00 259.00 36.23
257.00 222.00 250.00 265.00 41.86
230.00 221.00 259.00 253.00 38.57
243.00 214.00 253.00 264.00 42.24
250.00 223.00 251.00 268.00 42.24
249.00 220.00 254.00 262.00 39.05
256.00 224.00 247.00 261.00 40.64
252.00 219.00 250.00 264.00 40.48
251.00 214.00 237.00 258.00 38.68
241.00 215.00 240.00 245.00 40.96
236.00 222.00 251.00 280.00 40.22
253.00 221.00 251.00 260.00 37.67
245.00 215.00 250.00 255.00 40.75
240.00 211.00 242.00 265.00 41.86
257.00 210.00 244.00 250.00 42.08
246.00 211.00 241.00 258.00 42.24
244.00 215.00 249.00 260.00 42.24
258.00 223.00 248.00 252.00 41.23
256.00 233.00 250.00 253.00 37.93
250.00 246.00 239.00 263.00 42.18
249.00 233.00 245.00 270.00 41.17
254.00 243.00 243.00 265.00 42.13
254.00 243.00 242.00 256.00 34.37
240.00 241.00 245.00 244.00 42.08
253.00 234.00 253.00 247.00 34.48
262.00 258.00 243.00 270.00 42.13
259.00 241.00 240.00 258.00 37.88
269.00 232.00 240.00 254.00 38.41
269.00 250.00 252.00 267.00 40.96
263.00 244.00 245.00 269.00 34.53
262.00 238.00 245.00 261.00 35.70
257.00 232.00 242.00 258.00 41.76
257.00 224.00 240.00 246.00 34.64
238.00 219.00 233.00 248.00 42.18
252.00 212.00 237.00 258.00 41.81
232.00 219.00 232.00 252.00 39.42
243.00 216.00 220.00 245.00 40.54
242.00 211.00 216.00 237.00 37.35
236.00 215.00 218.00 248.00 39.05
227.00 224.00 212.00 259.00 34.11
237.00 225.00 222.00 248.00 38.57
235.00 228.00 238.00 260.00 41.92
247.00 223.00 240.00 259.00 42.13
259.00 229.00 240.00 263.00 42.18
262.00 227.00 229.00 262.00 40.91
267.00 226.00 221.00 266.00 36.13
270.00 237.00 220.00 257.00 34.48
263.00 236.00 221.00 259.00 40.16
268.00 239.00 230.00 269.00 37.40
262.00 229.00 223.00 273.00 34.58
264.00 229.00 230.00 262.00 34.90
268.00 231.00 218.00 255.00 38.36
265.00 227.00 211.00 265.00 37.61
267.00 209.00 209.00 249.00 36.07
276.00 205.00 207.00 250.00 34.32
244.00 207.00 209.00 257.00 34.69
248.00 211.00 206.00 254.00 42.18
247.00 210.00 203.00 255.00 42.24
243.00 205.00 201.00 253.00 34.64
262.00 206.00 202.00 250.00 35.22
255.00 212.00 209.00 252.00 39.21
251.00 220.00 215.00 257.00 39.15
244.00 229.00 218.00 258.00 41.33
253.00 230.00 228.00 259.00 39.79
257.00 225.00 234.00 260.00 38.68
260.00 228.00 226.00 260.00 41.12
265.00 234.00 232.00 269.00 35.01
263.00 238.00 234.00 253.00 37.40
253.00 230.00 224.00 259.00 42.13
249.00 226.00 224.00 260.00 34.27
248.00 214.00 208.00 250.00 39.79
240.00 206.00 209.00 246.00 42.08
221.00 205.00 206.00 247.00 33.89
229.00 206.00 204.00 247.00 40.27
221.00 205.00 200.00 245.00 33.10
227.00 205.00 198.00 243.00 37.61
236.00 202.00 197.00 244.00 35.17
236.00 202.00 197.00 244.00 38.57
236.00 204.00 198.00 243.00 39.79
227.00 203.00 197.00 243.00 35.06
235.00 198.00 198.00 222.00 40.75
230.00 196.00 196.00 224.00 40.59
227.00 195.00 200.00 222.00 40.43
229.00 192.00 199.00 218.00 37.72
223.00 191.00 202.00 217.00 38.94
225.00 192.00 201.00 213.00 33.36
217.00 189.00 199.00 214.00 30.60
216.00 193.00 200.00 210.00 35.01
204.00 189.00 200.00 204.00 38.94
198.00 186.00 196.00 204.00 37.45
195.00 184.00 193.00 201.00 38.57
188.00 186.00 192.00 200.00 36.55
188.00 187.00 192.00 199.00 29.43
185.00 184.00 191.00 195.00 37.83
185.00 187.00 191.00 198.00 27.94
183.00 188.00 193.00 198.00 36.82
182.00 182.00 191.00 197.00 34.85
180.00 182.00 192.00 197.00 34.53
180.00 182.00 191.00 195.00 37.61
180.00 196.00 192.00 196.00 28.85
179.00 183.00 192.00 196.00 28.10
180.00 182.00 185.00 189.00 27.47
175.00 174.00 182.00 162.00 35.54