232.00 255.00 240.00 125.00 35.91
257.00 252.00 245.00 200.00 31.72
273.00 253.00 248.00 257.00 30.44
267.00 261.00 262.00 259.00 39.63
276.00 261.00 264.00 261.00 38.84
281.00 276.00 268.00 269.00 37.77
284.00 279.00 271.00 271.00 39.63
293.00 270.00 272.00 269.00 32.57
264.00 291.00 263.00 281.00 36.34
295.00 288.00 264.00 277.00 41.44
290.00 288.00 260.00 271.00 38.41
289.00 281.00 269.00 275.00 34.32
288.00 282.00 272.00 276.00 38.14
281.00 272.00 265.00 264.00 42.24
276.00 268.00 260.00 267.00 41.17
293.00 277.00 260.00 272.00 35.59
283.00 269.00 253.00 271.00 40.27
282.00 276.00 268.00 277.00 41.12
286.00 272.00 265.00 274.00 35.28
288.00 271.00 269.00 280.00 42.50
288.00 273.00 262.00 283.00 35.81
294.00 287.00 267.00 290.00 35.86
263.00 284.00 274.00 281.00 37.83
286.00 279.00 275.00 280.00 38.41
277.00 283.00 275.00 282.00 38.94
286.00 279.00 284.00 286.00 41.23
263.00 288.00 283.00 276.00 37.83
268.00 275.00 253.00 274.00 41.49
244.00 268.00 260.00 282.00 36.39
245.00 260.00 266.00 269.00 41.23
257.00 251.00 255.00 270.00 36.76
264.00 241.00 228.00 265.00 36.29
243.00 233.00 245.00 259.00 39.69
253.00 243.00 243.00 257.00 36.29
232.00 240.00 245.00 271.00 36.34
243.00 236.00 241.00 259.00 36.29
250.00 237.00 246.00 273.00 36.23
247.00 241.00 246.00 268.00 39.10
261.00 240.00 249.00 269.00 36.34
252.00 241.00 255.00 271.00 42.29
244.00 240.00 265.00 271.00 36.29
255.00 241.00 262.00 275.00 41.54
258.00 240.00 253.00 282.00 42.98
246.00 248.00 258.00 282.00 41.28
255.00 242.00 255.00 276.00 42.98
240.00 242.00 250.00 273.00 39.37
231.00 242.00 261.00 274.00 39.53
278.00 237.00 257.00 269.00 41.01
271.00 225.00 249.00 256.00 42.98
247.00 231.00 234.00 268.00 38.04
219.00 234.00 230.00 265.00 42.87
232.00 248.00 230.00 242.00 42.87
256.00 231.00 225.00 247.00 38.84
262.00 234.00 234.00 259.00 42.77
227.00 239.00 255.00 256.00 42.98
235.00 231.00 241.00 256.00 43.03
254.00 231.00 236.00 264.00 36.82
232.00 244.00 240.00 257.00 37.19
243.00 244.00 243.00 271.00 38.78
239.00 253.00 246.00 257.00 41.44
248.00 251.00 236.00 266.00 43.19
250.00 244.00 242.00 266.00 42.77
256.00 237.00 246.00 268.00 40.75
254.00 250.00 255.00 267.00 43.09
256.00 254.00 245.00 264.00 42.71
256.00 253.00 259.00 281.00 36.98
254.00 248.00 244.00 279.00 41.92
259.00 255.00 257.00 282.00 42.13
258.00 259.00 247.00 278.00 42.93
289.00 250.00 248.00 278.00 42.45
291.00 236.00 246.00 256.00 38.89
218.00 234.00 235.00 264.00 41.81
216.00 235.00 238.00 252.00 42.55
235.00 224.00 239.00 258.00 40.59
235.00 227.00 239.00 250.00 43.03
249.00 233.00 237.00 256.00 43.09
228.00 238.00 236.00 248.00 41.76
247.00 233.00 240.00 251.00 42.98
246.00 243.00 244.00 247.00 37.08
232.00 233.00 256.00 265.00 36.92
250.00 243.00 246.00 250.00 39.84
241.00 233.00 241.00 242.00 38.68
241.00 242.00 254.00 243.00 40.48
238.00 236.00 248.00 250.00 40.54
237.00 234.00 242.00 242.00 42.50
256.00 224.00 263.00 265.00 40.38
251.00 231.00 243.00 278.00 36.82
255.00 242.00 255.00 270.00 41.92
248.00 242.00 247.00 265.00 43.24
253.00 246.00 247.00 259.00 39.47
244.00 246.00 262.00 284.00 42.87
232.00 247.00 249.00 253.00 42.13
244.00 236.00 250.00 262.00 39.21
229.00 232.00 242.00 253.00 39.42
249.00 227.00 239.00 253.00 40.43
266.00 233.00 240.00 243.00 40.38
237.00 227.00 239.00 259.00 42.29
251.00 240.00 241.00 251.00 42.61
244.00 229.00 242.00 237.00 43.40
242.00 232.00 243.00 258.00 37.08
256.00 228.00 243.00 259.00 38.04
249.00 251.00 256.00 257.00 43.14
257.00 254.00 242.00 253.00 43.14
256.00 241.00 237.00 262.00 40.59
260.00 255.00 249.00 252.00 39.37
254.00 244.00 251.00 246.00 40.38
263.00 260.00 244.00 269.00 41.44
253.00 244.00 246.00 253.00 42.13
265.00 243.00 263.00 253.00 38.57
265.00 253.00 248.00 251.00 39.37
272.00 256.00 246.00 249.00 37.83
261.00 266.00 239.00 240.00 42.55
244.00 244.00 229.00 247.00 43.14
245.00 230.00 227.00 234.00 37.29
252.00 221.00 232.00 243.00 39.21
264.00 235.00 227.00 244.00 39.90
260.00 236.00 223.00 244.00 42.87
263.00 230.00 233.00 245.00 42.66
242.00 237.00 235.00 243.00 43.09
254.00 227.00 236.00 246.00 43.14
256.00 227.00 234.00 253.00 40.64
263.00 221.00 238.00 259.00 42.34
266.00 241.00 241.00 265.00 42.39
262.00 241.00 246.00 260.00 43.24
257.00 226.00 239.00 240.00 41.33
275.00 241.00 231.00 258.00 42.55
264.00 240.00 239.00 264.00 42.98
261.00 244.00 245.00 247.00 37.24
255.00 247.00 251.00 258.00 42.93
237.00 241.00 224.00 247.00 43.03
235.00 241.00 233.00 246.00 41.23
249.00 231.00 219.00 247.00 41.70
240.00 222.00 220.00 239.00 42.34
249.00 219.00 217.00 234.00 43.24
243.00 217.00 217.00 239.00 42.34
220.00 218.00 225.00 235.00 41.70
225.00 223.00 235.00 235.00 41.70
215.00 224.00 225.00 230.00 42.29
216.00 221.00 229.00 229.00 36.98
219.00 227.00 237.00 234.00 42.93
235.00 226.00 232.00 241.00 36.98
240.00 222.00 241.00 245.00 42.55
240.00 230.00 230.00 244.00 41.76
250.00 231.00 223.00 244.00 39.58
234.00 231.00 236.00 240.00 37.72
225.00 226.00 220.00 254.00 37.67
222.00 226.00 241.00 252.00 41.23
227.00 216.00 218.00 230.00 40.38
218.00 212.00 231.00 228.00 40.22
206.00 210.00 217.00 241.00 42.39
206.00 214.00 215.00 235.00 37.03
203.00 210.00 212.00 234.00 41.07
218.00 208.00 214.00 246.00 43.24
227.00 211.00 222.00 235.00 39.15
223.00 214.00 219.00 207.00 41.17
215.00 214.00 215.00 234.00 37.72
218.00 211.00 235.00 251.00 41.07
216.00 214.00 224.00 251.00 39.58
212.00 214.00 231.00 252.00 43.09
221.00 221.00 236.00 264.00 37.29
233.00 216.00 221.00 245.00 42.34
217.00 225.00 232.00 255.00 40.64
228.00 221.00 230.00 252.00 42.87
232.00 225.00 235.00 250.00 39.53
243.00 219.00 228.00 258.00 41.33
245.00 225.00 243.00 248.00 43.03
219.00 228.00 236.00 254.00 40.43
213.00 228.00 232.00 256.00 43.19
223.00 213.00 218.00 248.00 40.06
194.00 204.00 218.00 241.00 41.01
219.00 202.00 232.00 238.00 42.13
221.00 203.00 229.00 247.00 40.91
226.00 210.00 229.00 254.00 39.47
215.00 211.00 229.00 248.00 37.19
214.00 214.00 234.00 249.00 37.51
208.00 217.00 230.00 245.00 42.50
212.00 221.00 231.00 250.00 42.39
211.00 218.00 230.00 264.00 39.42
235.00 221.00 236.00 254.00 43.09
208.00 221.00 240.00 253.00 39.74
228.00 221.00 241.00 262.00 43.19
222.00 223.00 233.00 259.00 41.49
231.00 229.00 234.00 265.00 37.88
224.00 226.00 239.00 265.00 41.01
221.00 226.00 248.00 271.00 42.13
229.00 230.00 236.00 267.00 36.87
226.00 222.00 236.00 254.00 42.34
222.00 219.00 239.00 247.00 38.78
206.00 214.00 221.00 238.00 42.02
203.00 217.00 222.00 238.00 36.82
208.00 213.00 229.00 230.00 38.57
211.00 219.00 235.00 242.00 42.77
212.00 215.00 232.00 240.00 40.16
210.00 216.00 227.00 240.00 37.51
216.00 218.00 225.00 234.00 43.14
216.00 216.00 234.00 235.00 42.34
204.00 219.00 238.00 233.00 40.59
202.00 210.00 233.00 238.00 38.52
200.00 216.00 226.00 237.00 37.51
202.00 219.00 220.00 238.00 37.14
210.00 216.00 235.00 235.00 38.99
221.00 217.00 237.00 245.00 41.01
216.00 227.00 233.00 239.00 37.03
209.00 240.00 234.00 235.00 42.93
207.00 237.00 231.00 239.00 40.16
204.00 236.00 239.00 235.00 42.02
200.00 241.00 235.00 227.00 41.12
201.00 243.00 236.00 233.00 41.28
200.00 244.00 244.00 228.00 41.44
202.00 241.00 244.00 223.00 42.45
199.00 242.00 230.00 223.00 40.96
200.00 244.00 237.00 224.00 39.31
200.00 246.00 230.00 212.00 42.24
192.00 232.00 231.00 212.00 39.69
185.00 225.00 232.00 213.00 37.03
188.00 218.00 224.00 210.00 40.64
188.00 217.00 229.00 210.00 42.93
186.00 208.00 222.00 212.00 41.70
184.00 215.00 228.00 209.00 42.77
187.00 214.00 229.00 211.00 40.80
183.00 215.00 227.00 209.00 37.35
185.00 203.00 236.00 209.00 42.77
181.00 193.00 215.00 201.00 39.26
182.00 189.00 217.00 200.00 42.29
181.00 182.00 214.00 198.00 39.21
179.00 181.00 195.00 195.00 38.25
177.00 178.00 188.00 196.00 41.76
175.00 173.00 173.00 186.00 35.01
182.00 173.00 178.00 187.00 42.08
180.00 172.00 176.00 185.00 37.08
180.00 171.00 175.00 186.00 35.54
179.00 170.00 174.00 185.00 37.88
177.00 169.00 169.00 185.00 35.91
178.00 167.00 166.00 184.00 37.83
176.00 166.00 166.00 184.00 40.64
173.00 165.00 164.00 183.00 31.93
171.00 165.00 161.00 183.00 37.77
170.00 161.00 163.00 182.00 34.58
169.00 159.00 159.00 184.00 32.99
164.00 157.00 158.00 183.00 35.65
163.00 156.00 154.00 182.00 35.86
159.00 155.00 144.00 180.00 37.29