49.00 7.00 6.00 12.00 54.35
58.00 8.00 6.00 11.00 54.35
76.00 7.00 8.00 12.00 54.35
87.00 8.00 9.00 13.00 54.35
99.00 8.00 10.00 17.00 54.35
130.00 11.00 11.00 18.00 54.35
152.00 12.00 12.00 20.00 54.35
167.00 13.00 14.00 21.00 54.35
194.00 15.00 17.00 22.00 54.35
209.00 14.00 17.00 23.00 54.35
228.00 16.00 14.00 22.00 54.35
215.00 16.00 16.00 23.00 54.35
223.00 16.00 15.00 26.00 54.35
226.00 18.00 18.00 25.00 54.35
225.00 17.00 18.00 24.00 54.35
228.00 17.00 20.00 29.00 54.35
234.00 26.00 22.00 29.00 54.35
229.00 44.00 24.00 31.00 54.35
225.00 56.00 22.00 30.00 54.35
231.00 69.00 22.00 34.00 54.35
224.00 97.00 26.00 32.00 54.35
229.00 129.00 27.00 37.00 54.35
221.00 152.00 28.00 42.00 54.35
221.00 186.00 32.00 61.00 54.35
241.00 213.00 33.00 68.00 54.35
236.00 225.00 34.00 95.00 54.35
238.00 225.00 35.00 122.00 54.35
237.00 228.00 33.00 136.00 54.35
239.00 228.00 38.00 148.00 54.35
236.00 225.00 41.00 187.00 54.35
234.00 225.00 38.00 202.00 54.35
241.00 227.00 39.00 201.00 54.35
238.00 226.00 37.00 207.00 54.35
242.00 225.00 39.00 208.00 54.35
236.00 226.00 37.00 203.00 54.35
237.00 229.00 41.00 208.00 54.35
241.00 226.00 41.00 205.00 54.35
234.00 225.00 40.00 214.00 54.35
240.00 227.00 41.00 207.00 54.35
243.00 231.00 39.00 212.00 54.35
238.00 229.00 41.00 213.00 54.35
247.00 231.00 41.00 215.00 54.35
240.00 231.00 39.00 215.00 54.35
248.00 229.00 39.00 223.00 54.35
245.00 233.00 40.00 220.00 54.35
247.00 229.00 38.00 219.00 54.35
239.00 230.00 40.00 220.00 54.35
243.00 239.00 41.00 221.00 54.35
251.00 233.00 39.00 215.00 54.35
252.00 233.00 43.00 228.00 54.35
253.00 235.00 44.00 227.00 54.35
256.00 237.00 44.00 230.00 54.35
256.00 238.00 46.00 222.00 54.35
253.00 241.00 42.00 225.00 54.35
255.00 243.00 41.00 224.00 54.35
256.00 237.00 40.00 225.00 54.35
256.00 238.00 46.00 221.00 54.35
251.00 243.00 42.00 221.00 54.35
258.00 243.00 42.00 224.00 54.35
255.00 244.00 42.00 221.00 54.35
258.00 240.00 41.00 226.00 54.35
253.00 240.00 42.00 227.00 54.35
260.00 241.00 42.00 232.00 54.35
256.00 242.00 40.00 236.00 54.35
264.00 238.00 40.00 244.00 54.35
256.00 240.00 42.00 231.00 54.35
259.00 236.00 39.00 226.00 54.35
254.00 237.00 39.00 227.00 54.35
257.00 233.00 41.00 223.00 54.35
255.00 235.00 39.00 216.00 54.35
254.00 240.00 39.00 226.00 54.35
243.00 229.00 39.00 241.00 54.35
258.00 225.00 37.00 246.00 54.35
258.00 223.00 35.00 246.00 54.35
259.00 226.00 40.00 247.00 54.35
259.00 226.00 42.00 250.00 54.35
244.00 220.00 39.00 254.00 54.35
254.00 222.00 39.00 250.00 54.35
260.00 222.00 37.00 252.00 54.35
257.00 220.00 37.00 259.00 54.35
251.00 224.00 37.00 254.00 54.35
252.00 224.00 39.00 255.00 54.35
262.00 225.00 38.00 251.00 54.35
258.00 226.00 38.00 259.00 54.35
254.00 226.00 39.00 256.00 54.35
254.00 225.00 38.00 254.00 54.35
256.00 233.00 37.00 252.00 54.35
261.00 233.00 37.00 256.00 54.35
268.00 240.00 38.00 256.00 54.35
269.00 239.00 40.00 266.00 54.35
264.00 243.00 39.00 264.00 54.35
266.00 246.00 44.00 268.00 54.35
266.00 240.00 40.00 256.00 54.35
267.00 244.00 39.00 267.00 54.35
268.00 243.00 40.00 256.00 54.35
241.00 240.00 41.00 257.00 54.35
242.00 236.00 38.00 255.00 54.35
256.00 240.00 39.00 258.00 54.35
244.00 237.00 39.00 254.00 54.35
257.00 239.00 37.00 251.00 54.35
249.00 234.00 37.00 253.00 54.35
246.00 236.00 37.00 247.00 54.35
254.00 233.00 40.00 249.00 54.35
254.00 232.00 37.00 256.00 54.35
256.00 232.00 37.00 250.00 54.35
248.00 231.00 35.00 249.00 54.35
252.00 237.00 36.00 251.00 54.35
258.00 234.00 35.00 264.00 54.35
267.00 246.00 38.00 266.00 54.35
263.00 248.00 40.00 270.00 54.35
260.00 246.00 40.00 262.00 54.35
261.00 244.00 40.00 257.00 54.35
259.00 241.00 40.00 260.00 54.35
254.00 240.00 38.00 256.00 54.35
262.00 237.00 38.00 259.00 54.35
242.00 234.00 38.00 247.00 54.35
247.00 237.00 36.00 249.00 54.35
256.00 238.00 38.00 255.00 54.35
264.00 235.00 39.00 249.00 54.35
247.00 249.00 34.00 250.00 54.35
259.00 238.00 37.00 250.00 54.35
255.00 248.00 38.00 235.00 54.35
260.00 251.00 40.00 235.00 54.35
263.00 248.00 39.00 238.00 54.35
257.00 247.00 40.00 237.00 54.35
257.00 246.00 38.00 241.00 54.35
259.00 241.00 39.00 239.00 54.35
260.00 242.00 38.00 229.00 54.35
239.00 241.00 38.00 237.00 54.35
238.00 241.00 39.00 235.00 54.35
243.00 242.00 38.00 239.00 54.35
254.00 240.00 39.00 239.00 54.35
254.00 242.00 41.00 237.00 54.35
251.00 242.00 38.00 235.00 54.35
248.00 241.00 37.00 235.00 54.35
245.00 239.00 37.00 240.00 54.35
254.00 243.00 37.00 248.00 54.35
250.00 253.00 38.00 248.00 54.35
255.00 252.00 41.00 252.00 54.35
255.00 253.00 41.00 251.00 54.35
259.00 254.00 42.00 249.00 54.35
246.00 252.00 40.00 253.00 54.35
254.00 249.00 39.00 245.00 54.35
249.00 248.00 39.00 232.00 54.35
244.00 243.00 38.00 240.00 54.35
245.00 240.00 39.00 238.00 54.35
241.00 240.00 39.00 243.00 54.35
257.00 238.00 38.00 243.00 54.35
255.00 241.00 38.00 238.00 54.35
258.00 240.00 36.00 232.00 54.35
243.00 241.00 35.00 229.00 54.35
249.00 240.00 37.00 224.00 54.35
241.00 241.00 38.00 223.00 54.35
242.00 244.00 37.00 221.00 54.35
237.00 240.00 36.00 225.00 54.35
237.00 242.00 36.00 222.00 54.35
257.00 240.00 37.00 222.00 54.35
249.00 241.00 40.00 221.00 54.35
249.00 245.00 39.00 221.00 54.35
248.00 244.00 39.00 220.00 54.35
263.00 244.00 40.00 224.00 54.35
256.00 249.00 40.00 223.00 54.35
256.00 250.00 43.00 241.00 54.35
262.00 254.00 44.00 240.00 54.35
251.00 255.00 44.00 235.00 54.35
265.00 252.00 45.00 239.00 54.35
276.00 248.00 45.00 250.00 54.35
261.00 249.00 45.00 250.00 54.35
251.00 244.00 44.00 241.00 54.35
254.00 245.00 43.00 233.00 54.35
248.00 243.00 42.00 230.00 54.35
249.00 241.00 42.00 227.00 54.35
250.00 242.00 42.00 226.00 54.35
242.00 247.00 41.00 220.00 54.35
263.00 252.00 39.00 224.00 54.35
259.00 254.00 43.00 232.00 54.35
263.00 256.00 45.00 233.00 54.35
263.00 255.00 45.00 229.00 54.35
259.00 251.00 44.00 229.00 54.35
251.00 256.00 44.00 219.00 54.35
247.00 247.00 43.00 221.00 54.35
237.00 242.00 44.00 213.00 54.35
248.00 250.00 44.00 218.00 54.35
251.00 247.00 43.00 221.00 54.35
257.00 252.00 45.00 230.00 54.35
261.00 259.00 49.00 231.00 54.35
265.00 257.00 48.00 226.00 54.35
260.00 256.00 48.00 225.00 54.35
252.00 245.00 48.00 220.00 54.35
252.00 242.00 45.00 219.00 54.35
252.00 242.00 45.00 220.00 54.35
250.00 245.00 43.00 218.00 54.35
252.00 247.00 46.00 232.00 54.35
249.00 254.00 47.00 228.00 54.35
260.00 252.00 47.00 225.00 54.35
249.00 251.00 46.00 223.00 54.35
247.00 245.00 46.00 218.00 54.35
248.00 245.00 47.00 213.00 54.35
247.00 245.00 45.00 222.00 54.35
242.00 247.00 47.00 215.00 54.35
248.00 247.00 48.00 222.00 54.35
253.00 258.00 48.00 227.00 54.35
252.00 257.00 49.00 228.00 54.35
251.00 255.00 49.00 222.00 54.35
257.00 253.00 49.00 222.00 54.35
253.00 250.00 49.00 216.00 54.35
254.00 252.00 49.00 218.00 54.35
253.00 252.00 50.00 220.00 54.35
250.00 251.00 49.00 219.00 54.35
243.00 247.00 48.00 217.00 54.35
247.00 249.00 48.00 222.00 54.35
253.00 249.00 49.00 216.00 54.35
258.00 252.00 51.00 222.00 54.35
258.00 253.00 50.00 225.00 54.35
266.00 256.00 53.00 223.00 54.35
280.00 262.00 53.00 221.00 54.35
269.00 255.00 52.00 218.00 54.35
259.00 256.00 53.00 214.00 54.35
258.00 257.00 50.00 223.00 54.35
261.00 266.00 55.00 220.00 54.35
263.00 261.00 56.00 217.00 54.35
265.00 260.00 56.00 218.00 54.35
265.00 258.00 58.00 230.00 54.35
262.00 256.00 55.00 225.00 54.35
264.00 256.00 51.00 215.00 54.35
259.00 254.00 52.00 213.00 54.35
261.00 251.00 52.00 211.00 54.35
256.00 250.00 50.00 210.00 54.35
255.00 251.00 50.00 215.00 54.35
257.00 247.00 49.00 208.00 54.35
242.00 248.00 51.00 205.00 54.35
257.00 243.00 51.00 211.00 54.35
244.00 244.00 50.00 207.00 54.35
260.00 245.00 49.00 204.00 54.35
251.00 243.00 49.00 200.00 54.35
247.00 244.00 49.00 202.00 54.35
255.00 243.00 49.00 197.00 54.35
242.00 239.00 48.00 200.00 54.35
243.00 240.00 48.00 201.00 54.35
249.00 241.00 46.00 198.00 54.35
250.00 243.00 46.00 198.00 54.35
252.00 246.00 47.00 202.00 54.35
253.00 247.00 51.00 205.00 54.35
257.00 252.00 53.00 205.00 54.35
257.00 249.00 52.00 202.00 54.35
254.00 249.00 51.00 203.00 54.35
255.00 245.00 51.00 203.00 54.35
254.00 244.00 52.00 201.00 54.35
258.00 242.00 50.00 199.00 54.35
246.00 240.00 50.00 200.00 54.35
259.00 241.00 50.00 195.00 54.35
251.00 241.00 50.00 201.00 54.35
248.00 239.00 49.00 202.00 54.35
229.00 240.00 49.00 195.00 54.35
233.00 238.00 48.00 193.00 54.35
235.00 236.00 49.00 191.00 54.35
236.00 237.00 48.00 191.00 54.35
242.00 234.00 48.00 191.00 54.35
244.00 237.00 49.00 190.00 54.35
254.00 239.00 47.00 190.00 54.35
242.00 237.00 47.00 190.00 54.35
236.00 235.00 47.00 191.00 54.35
242.00 233.00 47.00 191.00 54.35
241.00 233.00 47.00 196.00 54.35
241.00 236.00 49.00 201.00 54.35
243.00 238.00 50.00 195.00 54.35
250.00 237.00 49.00 198.00 54.35
255.00 234.00 50.00 200.00 54.35
240.00 239.00 51.00 199.00 54.35
235.00 238.00 51.00 196.00 54.35
234.00 234.00 52.00 197.00 54.35
249.00 233.00 48.00 196.00 54.35
238.00 233.00 50.00 197.00 54.35
236.00 236.00 48.00 195.00 54.35
235.00 237.00 49.00 194.00 54.35
227.00 234.00 48.00 194.00 54.35
220.00 229.00 48.00 191.00 54.35
219.00 224.00 48.00 189.00 54.35
208.00 224.00 48.00 188.00 54.35
210.00 222.00 48.00 188.00 54.35
201.00 217.00 47.00 188.00 54.35
200.00 210.00 47.00 188.00 54.35
199.00 205.00 46.00 186.00 54.35
199.00 203.00 47.00 188.00 54.35
197.00 200.00 44.00 182.00 54.35
191.00 190.00 39.00 180.00 54.35
184.00 188.00 38.00 168.00 54.35
109.00 19.00 12.00 39.00 54.35
42.00 3.00 3.00 4.00 54.35
10.00 0.00 0.00 0.00 54.35
7.00 0.00 0.00 0.00 54.35
4.00 0.00 0.00 0.00 54.35
2.00 0.00 0.00 0.00 54.35
2.00 0.00 0.00 0.00 54.35
1.00 0.00 0.00 0.00 54.35
1.00 0.00 0.00 0.00 54.35
1.00 0.00 0.00 0.00 54.35
0.00 0.00 0.00 0.00 54.35
