21.00 54.00 45.00 34.00 29.96
24.00 100.00 75.00 41.00 24.07
27.00 120.00 94.00 42.00 22.26
35.00 200.00 121.00 47.00 27.73
42.00 202.00 176.00 51.00 30.02
44.00 197.00 197.00 83.00 25.98
60.00 211.00 204.00 132.00 36.34
88.00 222.00 208.00 224.00 32.35
137.00 210.00 223.00 234.00 38.36
218.00 231.00 204.00 232.00 36.71
202.00 226.00 213.00 236.00 37.67
214.00 218.00 214.00 231.00 32.88
214.00 233.00 211.00 257.00 37.35
219.00 214.00 213.00 249.00 30.12
208.00 224.00 213.00 248.00 31.61
197.00 201.00 211.00 245.00 36.18
210.00 204.00 212.00 218.00 36.98
203.00 178.00 181.00 257.00 35.49
218.00 185.00 194.00 237.00 37.56
232.00 216.00 203.00 233.00 38.62
210.00 199.00 207.00 233.00 34.05
220.00 201.00 199.00 217.00 36.71
220.00 205.00 204.00 235.00 34.53
203.00 204.00 200.00 241.00 38.89
202.00 185.00 194.00 254.00 39.58
211.00 211.00 204.00 250.00 34.96
213.00 219.00 213.00 252.00 34.48
239.00 230.00 223.00 247.00 35.70
213.00 226.00 224.00 248.00 41.60
227.00 223.00 228.00 244.00 39.21
242.00 228.00 216.00 251.00 41.60
214.00 223.00 227.00 244.00 42.02
213.00 220.00 222.00 244.00 35.70
213.00 216.00 211.00 239.00 40.64
205.00 219.00 214.00 245.00 41.33
212.00 208.00 206.00 241.00 41.33
205.00 192.00 210.00 224.00 40.91
222.00 201.00 208.00 232.00 38.62
210.00 213.00 209.00 232.00 42.24
220.00 207.00 204.00 234.00 40.54
199.00 219.00 209.00 241.00 42.50
201.00 221.00 217.00 246.00 42.18
218.00 213.00 220.00 208.00 37.99
149.00 216.00 219.00 208.00 40.80
187.00 226.00 204.00 241.00 42.45
229.00 227.00 216.00 232.00 38.62
210.00 215.00 209.00 243.00 36.44
223.00 219.00 211.00 245.00 41.33
197.00 211.00 218.00 229.00 41.76
226.00 213.00 213.00 236.00 35.65
226.00 210.00 207.00 235.00 40.59
205.00 205.00 209.00 232.00 35.49
204.00 211.00 200.00 245.00 36.55
221.00 196.00 204.00 218.00 38.09
210.00 208.00 203.00 229.00 42.61
206.00 197.00 205.00 231.00 39.84
211.00 204.00 205.00 222.00 36.39
219.00 208.00 207.00 226.00 42.34
224.00 209.00 197.00 205.00 39.05
173.00 185.00 187.00 234.00 40.16
204.00 182.00 184.00 211.00 40.69
199.00 189.00 186.00 214.00 38.09
205.00 190.00 196.00 227.00 42.18
212.00 187.00 172.00 210.00 37.08
215.00 212.00 203.00 237.00 40.06
220.00 207.00 206.00 239.00 42.61
222.00 215.00 210.00 239.00 42.82
208.00 219.00 211.00 250.00 39.79
210.00 212.00 223.00 270.00 35.75
222.00 200.00 207.00 264.00 39.79
238.00 228.00 209.00 256.00 35.91
224.00 205.00 195.00 249.00 35.59
192.00 210.00 195.00 238.00 40.80
187.00 186.00 183.00 221.00 41.49
196.00 175.00 192.00 224.00 37.29
205.00 189.00 198.00 215.00 42.13
210.00 190.00 198.00 232.00 35.43
204.00 183.00 197.00 235.00 40.00
226.00 192.00 198.00 230.00 42.50
228.00 210.00 203.00 243.00 41.33
217.00 202.00 203.00 240.00 38.73
229.00 208.00 208.00 241.00 41.39
234.00 210.00 208.00 246.00 41.65
239.00 208.00 205.00 244.00 39.95
223.00 231.00 209.00 244.00 40.32
229.00 210.00 214.00 234.00 38.89
213.00 214.00 207.00 230.00 39.79
204.00 207.00 203.00 229.00 40.85
206.00 210.00 199.00 227.00 40.22
217.00 206.00 205.00 224.00 40.43
210.00 200.00 203.00 232.00 40.00
228.00 217.00 203.00 226.00 38.78
225.00 206.00 201.00 223.00 41.33
223.00 202.00 202.00 228.00 37.19
203.00 205.00 197.00 226.00 40.22
215.00 204.00 193.00 228.00 35.33
212.00 206.00 192.00 220.00 40.48
213.00 188.00 200.00 224.00 41.33
213.00 192.00 196.00 232.00 41.54
206.00 202.00 204.00 224.00 42.39
214.00 197.00 196.00 240.00 37.99
213.00 211.00 199.00 232.00 41.44
207.00 216.00 203.00 237.00 40.32
218.00 204.00 194.00 230.00 40.69
204.00 199.00 202.00 225.00 41.60
216.00 195.00 196.00 224.00 35.49
223.00 191.00 198.00 219.00 38.04
216.00 196.00 202.00 225.00 38.04
220.00 188.00 190.00 223.00 39.84
222.00 193.00 193.00 227.00 37.51
236.00 195.00 201.00 226.00 42.55
217.00 216.00 204.00 215.00 37.61
211.00 213.00 209.00 208.00 35.33
225.00 217.00 219.00 209.00 40.06
225.00 219.00 197.00 216.00 42.50
233.00 221.00 210.00 215.00 36.98
206.00 211.00 193.00 214.00 35.65
216.00 226.00 199.00 218.00 42.34
210.00 204.00 196.00 209.00 41.33
207.00 197.00 198.00 207.00 41.01
200.00 197.00 199.00 212.00 39.69
208.00 208.00 193.00 210.00 42.61
209.00 182.00 202.00 210.00 42.45
207.00 213.00 197.00 214.00 40.00
193.00 189.00 203.00 218.00 38.84
213.00 197.00 198.00 216.00 35.38
208.00 188.00 197.00 208.00 42.02
214.00 190.00 189.00 208.00 41.60
210.00 192.00 184.00 196.00 36.98
212.00 196.00 188.00 203.00 41.49
206.00 184.00 185.00 208.00 36.34
208.00 179.00 185.00 212.00 40.91
217.00 188.00 192.00 216.00 41.81
221.00 195.00 194.00 212.00 39.58
206.00 191.00 188.00 205.00 41.33
185.00 186.00 186.00 197.00 40.48
179.00 175.00 182.00 187.00 33.47
170.00 180.00 180.00 191.00 39.53
178.00 187.00 178.00 184.00 39.74
171.00 178.00 174.00 183.00 35.65
164.00 181.00 172.00 180.00 31.82
163.00 188.00 174.00 183.00 40.91
165.00 186.00 170.00 183.00 36.23
157.00 172.00 172.00 183.00 32.25
153.00 171.00 170.00 184.00 31.61
151.00 166.00 167.00 180.00 32.03
152.00 165.00 167.00 176.00 30.55
150.00 163.00 165.00 175.00 37.40
145.00 164.00 162.00 173.00 40.48
141.00 160.00 160.00 172.00 40.27
140.00 156.00 159.00 169.00 34.53
137.00 155.00 156.00 163.00 39.95
134.00 149.00 150.00 165.00 30.76
130.00 146.00 146.00 163.00 37.99
115.00 56.00 34.00 32.00 37.14

