19.00 13.00 38.00 22.00 29.70
30.00 26.00 98.00 27.00 27.04
34.00 38.00 184.00 67.00 20.51
44.00 55.00 240.00 111.00 21.73
59.00 88.00 243.00 163.00 32.41
61.00 120.00 239.00 208.00 22.95
64.00 152.00 229.00 231.00 33.95
70.00 196.00 231.00 232.00 35.70
78.00 233.00 232.00 231.00 36.50
86.00 239.00 227.00 233.00 37.24
103.00 237.00 231.00 236.00 36.39
101.00 235.00 232.00 234.00 35.54
112.00 241.00 240.00 232.00 37.03
131.00 236.00 254.00 243.00 30.60
157.00 254.00 243.00 246.00 28.95
160.00 247.00 242.00 244.00 30.49
158.00 237.00 239.00 244.00 29.54
167.00 238.00 243.00 245.00 39.37
176.00 236.00 250.00 241.00 29.17
195.00 227.00 234.00 241.00 37.14
201.00 230.00 231.00 240.00 36.13
192.00 219.00 236.00 235.00 38.14
219.00 230.00 236.00 230.00 39.69
197.00 230.00 229.00 238.00 33.58
245.00 228.00 239.00 224.00 39.05
221.00 227.00 225.00 231.00 41.23
227.00 226.00 231.00 232.00 38.09
232.00 230.00 235.00 227.00 41.23
242.00 228.00 254.00 235.00 38.99
233.00 215.00 248.00 236.00 36.98
199.00 225.00 260.00 244.00 33.04
205.00 237.00 259.00 250.00 41.65
206.00 227.00 260.00 250.00 41.39
214.00 222.00 258.00 244.00 40.64
212.00 227.00 252.00 242.00 36.39
213.00 234.00 238.00 238.00 37.35
194.00 233.00 242.00 233.00 40.38
208.00 217.00 253.00 238.00 38.52
200.00 222.00 244.00 241.00 39.47
207.00 218.00 263.00 244.00 41.86
230.00 233.00 258.00 250.00 40.48
243.00 247.00 245.00 251.00 39.10
209.00 227.00 248.00 245.00 37.99
210.00 227.00 244.00 232.00 41.70
211.00 216.00 249.00 234.00 42.08
204.00 230.00 247.00 237.00 41.60
216.00 221.00 237.00 237.00 41.54
206.00 229.00 246.00 246.00 42.18
222.00 233.00 262.00 253.00 35.70
250.00 238.00 269.00 260.00 41.39
246.00 233.00 257.00 253.00 38.84
195.00 243.00 253.00 250.00 40.80
224.00 245.00 249.00 244.00 38.89
222.00 229.00 244.00 247.00 41.81
211.00 211.00 248.00 235.00 39.37
188.00 226.00 243.00 239.00 42.34
207.00 222.00 244.00 246.00 35.12
196.00 221.00 247.00 259.00 39.26
200.00 224.00 251.00 257.00 38.25
196.00 224.00 255.00 256.00 38.41
219.00 227.00 252.00 255.00 42.24
220.00 224.00 253.00 255.00 39.26
224.00 230.00 254.00 250.00 35.12
212.00 230.00 253.00 259.00 42.39
200.00 238.00 261.00 251.00 35.75
208.00 236.00 260.00 263.00 42.34
200.00 238.00 251.00 254.00 41.17
207.00 235.00 238.00 252.00 36.02
230.00 239.00 245.00 254.00 39.69
231.00 228.00 252.00 261.00 41.76
244.00 239.00 260.00 265.00 37.19
235.00 243.00 258.00 264.00 40.75
236.00 221.00 262.00 170.00 37.08
245.00 128.00 155.00 225.00 40.16
203.00 218.00 234.00 180.00 38.68
203.00 137.00 170.00 225.00 40.91
182.00 202.00 243.00 243.00 42.39
174.00 231.00 240.00 237.00 41.60
183.00 236.00 255.00 247.00 36.23
184.00 224.00 269.00 247.00 42.45
193.00 246.00 277.00 255.00 40.11
183.00 239.00 273.00 260.00 37.88
191.00 244.00 272.00 241.00 41.01
195.00 242.00 269.00 254.00 40.80
212.00 233.00 263.00 249.00 40.85
222.00 235.00 256.00 251.00 37.56
224.00 233.00 271.00 253.00 36.44
209.00 222.00 259.00 252.00 35.59
217.00 225.00 252.00 256.00 39.15
224.00 228.00 252.00 253.00 39.42
205.00 230.00 253.00 253.00 35.86
186.00 228.00 254.00 242.00 41.28
185.00 227.00 270.00 240.00 40.64
187.00 219.00 245.00 239.00 41.92
191.00 208.00 268.00 240.00 40.16
190.00 236.00 253.00 252.00 38.68
209.00 218.00 262.00 257.00 35.70
211.00 216.00 259.00 263.00 38.04
199.00 228.00 254.00 246.00 42.45
193.00 238.00 248.00 251.00 42.08
195.00 221.00 261.00 251.00 38.62
196.00 215.00 252.00 254.00 39.69
206.00 219.00 263.00 252.00 41.33
224.00 218.00 260.00 251.00 41.54
211.00 232.00 253.00 258.00 40.22
214.00 231.00 258.00 253.00 42.66
210.00 218.00 253.00 251.00 39.31
197.00 207.00 266.00 245.00 36.66
184.00 212.00 262.00 246.00 36.44
215.00 215.00 263.00 244.00 35.97
195.00 222.00 246.00 238.00 42.61
199.00 237.00 250.00 237.00 40.85
195.00 214.00 240.00 235.00 42.18
194.00 220.00 242.00 239.00 42.71
190.00 220.00 248.00 251.00 42.61
182.00 225.00 245.00 228.00 37.03
191.00 230.00 250.00 226.00 35.81
198.00 241.00 256.00 234.00 41.49
198.00 248.00 258.00 248.00 41.39
207.00 241.00 251.00 244.00 41.39
200.00 235.00 247.00 248.00 41.54
203.00 235.00 247.00 257.00 36.71
212.00 218.00 266.00 266.00 39.26
217.00 229.00 259.00 237.00 37.61
221.00 232.00 255.00 241.00 39.79
219.00 222.00 247.00 265.00 38.09
210.00 220.00 250.00 243.00 41.60
208.00 222.00 247.00 251.00 38.57
208.00 223.00 257.00 251.00 36.34
204.00 233.00 260.00 258.00 39.79
208.00 224.00 270.00 261.00 36.34
206.00 237.00 263.00 254.00 39.74
212.00 228.00 256.00 250.00 40.75
211.00 221.00 248.00 253.00 42.61
205.00 216.00 249.00 251.00 40.59
193.00 222.00 250.00 251.00 38.14
196.00 214.00 270.00 246.00 36.50
198.00 222.00 259.00 262.00 42.13
207.00 239.00 260.00 262.00 38.41
200.00 223.00 251.00 260.00 42.02
212.00 234.00 249.00 271.00 41.01
212.00 224.00 259.00 268.00 39.90
200.00 238.00 260.00 248.00 42.50
197.00 237.00 251.00 252.00 40.69
212.00 223.00 246.00 259.00 40.54
203.00 228.00 249.00 257.00 40.43
197.00 252.00 256.00 263.00 42.34
211.00 234.00 252.00 261.00 41.65
211.00 231.00 245.00 250.00 42.66
212.00 231.00 246.00 242.00 38.46
210.00 229.00 258.00 248.00 42.66
207.00 235.00 246.00 254.00 40.43
201.00 221.00 241.00 258.00 39.58
197.00 226.00 240.00 245.00 41.33
189.00 221.00 240.00 242.00 42.71
193.00 209.00 246.00 240.00 42.34
192.00 206.00 256.00 249.00 38.20
185.00 215.00 257.00 246.00 39.31
204.00 237.00 261.00 270.00 39.84
220.00 262.00 275.00 263.00 42.13
218.00 240.00 271.00 257.00 42.61
217.00 225.00 264.00 264.00 42.24
206.00 226.00 261.00 267.00 37.45
217.00 237.00 265.00 257.00 41.86
222.00 243.00 262.00 268.00 40.32
248.00 232.00 263.00 248.00 37.35
248.00 238.00 251.00 230.00 38.30
216.00 229.00 247.00 237.00 41.70
199.00 214.00 243.00 234.00 42.50
211.00 215.00 252.00 255.00 40.69
215.00 218.00 262.00 239.00 42.61
219.00 219.00 253.00 266.00 35.81
222.00 229.00 255.00 260.00 40.64
202.00 226.00 258.00 271.00 35.70
235.00 236.00 250.00 252.00 40.64
214.00 220.00 246.00 255.00 42.02
206.00 241.00 250.00 248.00 38.73
215.00 232.00 241.00 261.00 37.51
199.00 208.00 242.00 252.00 38.84
198.00 211.00 234.00 236.00 36.29
185.00 210.00 251.00 237.00 41.86
202.00 227.00 248.00 242.00 35.91
203.00 239.00 255.00 259.00 39.53
199.00 237.00 258.00 252.00 39.05
194.00 229.00 259.00 248.00 41.65
184.00 241.00 252.00 253.00 40.27
200.00 221.00 244.00 239.00 40.00
239.00 223.00 237.00 247.00 41.54
222.00 213.00 266.00 245.00 42.34
210.00 245.00 256.00 248.00 42.29
244.00 247.00 260.00 245.00 39.47
207.00 229.00 262.00 243.00 41.54
202.00 248.00 245.00 254.00 36.82
189.00 189.00 264.00 250.00 39.37
193.00 220.00 254.00 261.00 42.50
197.00 243.00 256.00 262.00 40.38
228.00 240.00 263.00 259.00 42.18
241.00 225.00 268.00 259.00 40.27
251.00 235.00 264.00 259.00 42.55
202.00 227.00 260.00 233.00 42.50
210.00 224.00 248.00 243.00 39.58
193.00 217.00 252.00 226.00 38.99
196.00 225.00 262.00 239.00 35.97
191.00 213.00 263.00 244.00 40.00
196.00 231.00 262.00 241.00 41.70
214.00 220.00 257.00 249.00 39.05
247.00 248.00 272.00 256.00 37.93
213.00 232.00 291.00 261.00 35.91
201.00 226.00 286.00 270.00 39.95
200.00 236.00 270.00 249.00 36.13
191.00 230.00 261.00 241.00 41.49
190.00 230.00 266.00 248.00 39.74
186.00 219.00 281.00 251.00 39.15
190.00 230.00 255.00 255.00 39.84
200.00 229.00 259.00 257.00 42.55
197.00 242.00 270.00 270.00 39.53
199.00 249.00 269.00 256.00 39.95
200.00 245.00 262.00 242.00 41.49
198.00 236.00 260.00 238.00 38.36
195.00 236.00 262.00 227.00 39.26
188.00 247.00 254.00 232.00 41.17
178.00 221.00 262.00 224.00 39.47
172.00 232.00 250.00 246.00 38.89
180.00 238.00 269.00 259.00 39.26
188.00 245.00 269.00 243.00 42.45
181.00 246.00 259.00 237.00 40.54
184.00 231.00 258.00 235.00 40.91
181.00 231.00 255.00 236.00 42.55
191.00 232.00 251.00 249.00 40.11
168.00 234.00 243.00 242.00 35.86
158.00 222.00 249.00 244.00 41.23
197.00 232.00 248.00 250.00 41.23
207.00 227.00 256.00 251.00 41.65
218.00 230.00 263.00 278.00 40.11
227.00 234.00 261.00 278.00 38.52
214.00 232.00 259.00 265.00 42.34
230.00 230.00 256.00 262.00 39.84
206.00 225.00 251.00 260.00 42.02
211.00 226.00 244.00 256.00 39.53
208.00 221.00 238.00 242.00 42.29
202.00 224.00 240.00 234.00 41.54
202.00 218.00 234.00 235.00 42.39
201.00 217.00 226.00 241.00 37.14
190.00 208.00 218.00 240.00 36.07
170.00 209.00 206.00 243.00 37.72
168.00 207.00 201.00 243.00 37.51
174.00 208.00 199.00 242.00 35.65
177.00 208.00 194.00 247.00 40.59
181.00 213.00 210.00 246.00 41.07
179.00 209.00 209.00 227.00 38.89
170.00 205.00 206.00 235.00 37.77
170.00 202.00 204.00 231.00 38.99
161.00 189.00 190.00 193.00 36.23
147.00 187.00 193.00 210.00 38.57
147.00 178.00 198.00 218.00 40.43
143.00 169.00 200.00 208.00 40.96
141.00 164.00 201.00 218.00 36.18
137.00 160.00 201.00 216.00 38.04
134.00 155.00 199.00 218.00 40.96
137.00 153.00 198.00 208.00 33.04
135.00 158.00 196.00 219.00 39.53
134.00 163.00 190.00 216.00 30.71
133.00 168.00 179.00 211.00 31.56
138.00 186.00 180.00 217.00 38.04
143.00 191.00 177.00 217.00 37.51
145.00 193.00 177.00 221.00 37.77
144.00 197.00 174.00 219.00 36.29
141.00 199.00 172.00 210.00 29.75
138.00 199.00 169.00 211.00 29.91
135.00 204.00 170.00 210.00 31.24
139.00 199.00 170.00 208.00 33.10
141.00 198.00 168.00 211.00 35.33
147.00 197.00 168.00 209.00 30.18
146.00 200.00 171.00 216.00 30.12
156.00 199.00 172.00 214.00 31.08
149.00 196.00 168.00 214.00 30.07
145.00 196.00 166.00 210.00 35.65
141.00 192.00 166.00 209.00 39.37
139.00 190.00 164.00 208.00 39.69
136.00 189.00 163.00 207.00 28.63
137.00 187.00 163.00 205.00 39.15
138.00 190.00 163.00 208.00 30.23
145.00 196.00 169.00 205.00 31.24
140.00 200.00 164.00 203.00 31.40
141.00 198.00 161.00 203.00 30.07
140.00 193.00 157.00 197.00 34.37
131.00 182.00 154.00 194.00 34.32
133.00 128.00 102.00 113.00 39.21
89.00 109.00 85.00 101.00 37.35
51.00 92.00 10.00 12.00 38.36

