23.00 15.00 13.00 31.00 29.86
24.00 17.00 14.00 33.00 23.43
26.00 19.00 34.00 36.00 23.53
34.00 34.00 63.00 41.00 24.07
43.00 60.00 78.00 50.00 33.84
46.00 105.00 97.00 50.00 23.59
46.00 131.00 128.00 51.00 30.55
47.00 149.00 158.00 52.00 33.42
50.00 201.00 187.00 53.00 32.09
51.00 226.00 209.00 80.00 26.78
61.00 243.00 208.00 121.00 25.18
70.00 253.00 210.00 190.00 33.20
84.00 265.00 226.00 248.00 36.29
101.00 274.00 236.00 274.00 35.28
114.00 266.00 234.00 268.00 25.66
147.00 265.00 247.00 273.00 34.43
181.00 266.00 229.00 271.00 38.25
233.00 260.00 223.00 264.00 37.51
249.00 261.00 223.00 259.00 35.12
249.00 258.00 233.00 257.00 36.07
249.00 250.00 229.00 253.00 33.79
248.00 244.00 218.00 267.00 37.03
262.00 257.00 239.00 284.00 37.67
268.00 270.00 246.00 281.00 35.65
269.00 269.00 244.00 278.00 39.21
256.00 260.00 240.00 271.00 33.95
256.00 255.00 230.00 263.00 41.07
257.00 256.00 229.00 266.00 37.40
240.00 252.00 215.00 270.00 35.91
242.00 260.00 224.00 272.00 39.10
247.00 256.00 231.00 271.00 40.00
244.00 259.00 242.00 278.00 39.58
266.00 271.00 225.00 232.00 33.15
262.00 265.00 238.00 262.00 38.57
262.00 261.00 224.00 257.00 35.01
268.00 251.00 224.00 259.00 41.60
249.00 256.00 219.00 260.00 41.81
255.00 248.00 215.00 223.00 36.50
254.00 253.00 225.00 273.00 35.75
256.00 254.00 232.00 273.00 34.64
268.00 274.00 233.00 271.00 36.98
275.00 278.00 227.00 279.00 37.93
267.00 271.00 224.00 275.00 33.95
269.00 261.00 237.00 277.00 36.76
266.00 261.00 229.00 272.00 34.37
263.00 268.00 217.00 240.00 41.39
254.00 265.00 224.00 272.00 34.32
261.00 259.00 232.00 272.00 34.32
248.00 257.00 218.00 271.00 38.14
255.00 256.00 209.00 261.00 41.86
244.00 261.00 223.00 258.00 42.18
238.00 254.00 211.00 230.00 34.53
239.00 246.00 216.00 257.00 34.00
237.00 262.00 218.00 262.00 40.48
243.00 265.00 228.00 270.00 37.35
232.00 265.00 216.00 257.00 34.64
264.00 271.00 241.00 280.00 41.97
244.00 271.00 243.00 282.00 41.54
283.00 279.00 235.00 279.00 34.64
246.00 263.00 238.00 262.00 42.08
263.00 278.00 239.00 282.00 39.74
257.00 272.00 223.00 267.00 41.60
243.00 248.00 211.00 257.00 39.31
236.00 251.00 204.00 273.00 41.28
232.00 258.00 218.00 274.00 35.75
239.00 241.00 220.00 263.00 41.70
236.00 233.00 215.00 271.00 37.14
248.00 239.00 215.00 258.00 42.39
244.00 247.00 233.00 282.00 37.24
256.00 245.00 238.00 279.00 37.14
248.00 271.00 241.00 292.00 42.18
250.00 260.00 225.00 277.00 42.13
253.00 263.00 231.00 264.00 39.74
251.00 255.00 216.00 272.00 37.83
255.00 256.00 231.00 270.00 35.38
255.00 259.00 222.00 218.00 41.92
239.00 268.00 228.00 266.00 38.46
253.00 256.00 211.00 251.00 41.97
252.00 247.00 217.00 261.00 41.49
233.00 241.00 222.00 262.00 36.07
261.00 258.00 226.00 269.00 35.06
259.00 276.00 226.00 276.00 35.12
263.00 259.00 227.00 271.00 42.02
257.00 270.00 234.00 288.00 37.67
248.00 274.00 230.00 277.00 40.48
244.00 276.00 233.00 270.00 41.39
260.00 271.00 232.00 273.00 41.54
228.00 264.00 233.00 261.00 41.23
255.00 257.00 229.00 263.00 40.69
244.00 251.00 219.00 260.00 35.12
258.00 256.00 224.00 259.00 37.03
248.00 265.00 243.00 266.00 35.59
261.00 279.00 234.00 278.00 37.45
253.00 266.00 232.00 268.00 39.10
256.00 256.00 218.00 218.00 41.49
244.00 251.00 212.00 267.00 42.45
237.00 266.00 227.00 225.00 38.73
242.00 266.00 227.00 265.00 39.74
244.00 260.00 227.00 256.00 36.76
238.00 256.00 221.00 265.00 36.50
236.00 240.00 228.00 261.00 38.94
242.00 242.00 222.00 259.00 36.34
243.00 257.00 226.00 282.00 40.64
250.00 267.00 231.00 271.00 39.15
250.00 254.00 232.00 270.00 36.60
235.00 254.00 214.00 266.00 42.29
223.00 253.00 230.00 246.00 38.73
228.00 251.00 228.00 260.00 42.39
223.00 246.00 219.00 263.00 36.29
238.00 255.00 226.00 265.00 38.36
241.00 253.00 229.00 269.00 40.64
250.00 253.00 226.00 223.00 39.63
251.00 257.00 231.00 265.00 35.22
244.00 246.00 220.00 266.00 39.84
248.00 242.00 214.00 262.00 42.55
228.00 235.00 213.00 260.00 41.92
233.00 242.00 204.00 255.00 40.22
248.00 251.00 231.00 268.00 39.15
256.00 242.00 216.00 267.00 38.73
239.00 240.00 228.00 266.00 36.29
233.00 249.00 222.00 266.00 35.28
247.00 239.00 208.00 257.00 35.75
232.00 229.00 194.00 256.00 40.22
249.00 233.00 211.00 258.00 35.91
226.00 236.00 224.00 284.00 42.34
240.00 242.00 222.00 266.00 40.85
240.00 233.00 226.00 251.00 41.54
237.00 245.00 209.00 257.00 41.70
240.00 221.00 207.00 267.00 41.86
235.00 247.00 219.00 272.00 42.29
257.00 236.00 223.00 262.00 42.29
260.00 238.00 210.00 266.00 40.80
253.00 231.00 224.00 251.00 38.20
224.00 231.00 215.00 262.00 35.59
256.00 247.00 236.00 270.00 39.95
253.00 232.00 223.00 264.00 42.02
246.00 231.00 218.00 210.00 40.80
238.00 225.00 220.00 253.00 42.29
226.00 218.00 214.00 257.00 40.00
236.00 236.00 215.00 272.00 36.71
267.00 230.00 214.00 271.00 35.12
263.00 241.00 231.00 262.00 38.94
232.00 232.00 219.00 259.00 39.31
241.00 229.00 214.00 250.00 38.84
224.00 229.00 192.00 248.00 42.45
236.00 233.00 220.00 251.00 36.98
243.00 254.00 230.00 258.00 38.46
272.00 272.00 227.00 264.00 35.54
245.00 252.00 227.00 254.00 35.91
243.00 231.00 228.00 255.00 40.54
239.00 226.00 212.00 242.00 37.99
232.00 235.00 210.00 257.00 41.49
242.00 236.00 223.00 262.00 35.22
231.00 247.00 225.00 259.00 42.45
242.00 239.00 214.00 250.00 36.29
255.00 238.00 218.00 253.00 41.07
246.00 237.00 213.00 246.00 41.33
249.00 235.00 212.00 250.00 41.86
241.00 234.00 221.00 257.00 35.01
254.00 239.00 218.00 263.00 38.41
238.00 238.00 221.00 255.00 41.49
240.00 260.00 217.00 245.00 39.37
230.00 247.00 219.00 250.00 37.08
243.00 218.00 224.00 254.00 41.23
238.00 223.00 209.00 246.00 37.35
239.00 226.00 209.00 251.00 39.47
243.00 230.00 211.00 264.00 39.42
247.00 233.00 232.00 267.00 42.02
244.00 241.00 232.00 261.00 36.02
251.00 238.00 223.00 253.00 38.78
248.00 234.00 209.00 251.00 42.02
246.00 232.00 214.00 248.00 41.49
222.00 238.00 206.00 241.00 35.75
228.00 225.00 206.00 237.00 35.86
217.00 230.00 204.00 247.00 39.26
236.00 229.00 202.00 237.00 37.77
213.00 227.00 198.00 241.00 40.43
210.00 221.00 199.00 241.00 37.35
226.00 222.00 184.00 239.00 42.29
218.00 223.00 193.00 244.00 42.50
218.00 224.00 202.00 236.00 37.83
231.00 226.00 205.00 258.00 35.33
235.00 241.00 198.00 253.00 35.06
222.00 240.00 209.00 241.00 37.88
230.00 233.00 208.00 249.00 34.96
229.00 221.00 204.00 238.00 36.13
224.00 226.00 198.00 243.00 36.29
217.00 226.00 204.00 242.00 37.88
217.00 233.00 189.00 236.00 37.67
214.00 224.00 187.00 239.00 35.97
219.00 243.00 201.00 247.00 42.02
217.00 233.00 190.00 255.00 35.81
220.00 224.00 193.00 247.00 40.96
224.00 234.00 197.00 251.00 42.24
239.00 225.00 190.00 254.00 40.91
232.00 221.00 189.00 239.00 39.74
223.00 225.00 173.00 236.00 41.70
221.00 221.00 179.00 223.00 40.16
216.00 226.00 175.00 229.00 42.02
214.00 216.00 178.00 230.00 39.47
219.00 219.00 186.00 237.00 35.70
228.00 247.00 198.00 252.00 41.49
229.00 228.00 184.00 246.00 34.90
222.00 234.00 190.00 235.00 36.50
229.00 246.00 195.00 243.00 41.92
231.00 228.00 190.00 233.00 35.97
221.00 233.00 182.00 230.00 38.36
214.00 215.00 184.00 226.00 42.18
209.00 229.00 179.00 227.00 40.16
215.00 225.00 186.00 234.00 36.18
225.00 229.00 185.00 236.00 41.86
217.00 223.00 182.00 239.00 36.76
220.00 224.00 166.00 241.00 40.96
214.00 206.00 171.00 237.00 34.96
214.00 208.00 177.00 237.00 38.99
212.00 222.00 180.00 242.00 34.69
227.00 244.00 187.00 251.00 42.08
231.00 246.00 184.00 263.00 36.60
221.00 232.00 194.00 262.00 35.28
227.00 213.00 191.00 259.00 41.76
219.00 235.00 189.00 252.00 36.82
235.00 245.00 184.00 248.00 35.43
213.00 242.00 188.00 243.00 38.78
202.00 229.00 195.00 242.00 35.65
202.00 234.00 203.00 235.00 36.87
207.00 227.00 203.00 228.00 39.74
220.00 229.00 190.00 225.00 37.19
206.00 207.00 190.00 222.00 39.84
191.00 208.00 192.00 219.00 33.15
188.00 219.00 209.00 225.00 34.90
199.00 206.00 204.00 218.00 39.95
206.00 205.00 208.00 221.00 40.06
212.00 193.00 203.00 216.00 40.91
209.00 200.00 202.00 212.00 38.99
211.00 202.00 199.00 224.00 40.22
194.00 211.00 198.00 225.00 33.58
203.00 209.00 198.00 225.00 37.08
215.00 214.00 205.00 225.00 41.33
214.00 217.00 205.00 231.00 34.85
206.00 223.00 209.00 220.00 38.20
210.00 200.00 206.00 218.00 41.01
214.00 207.00 204.00 220.00 38.68
208.00 204.00 202.00 205.00 36.02
193.00 201.00 195.00 201.00 38.62
196.00 200.00 203.00 217.00 41.07
220.00 214.00 210.00 225.00 41.86
203.00 201.00 201.00 227.00 39.15
213.00 215.00 205.00 224.00 34.43
210.00 203.00 204.00 209.00 39.63
218.00 201.00 204.00 208.00 39.37
215.00 191.00 205.00 206.00 39.31
210.00 200.00 209.00 207.00 39.84
213.00 203.00 198.00 202.00 33.95
198.00 190.00 209.00 205.00 36.92
206.00 219.00 190.00 208.00 38.84
208.00 216.00 206.00 205.00 36.34
206.00 204.00 214.00 205.00 42.08
209.00 210.00 193.00 206.00 36.23
214.00 187.00 190.00 205.00 41.81
202.00 188.00 194.00 202.00 38.57
196.00 202.00 192.00 194.00 40.06
196.00 204.00 191.00 191.00 42.18
192.00 195.00 218.00 183.00 42.02
206.00 208.00 219.00 204.00 37.19
223.00 199.00 225.00 215.00 40.64
225.00 209.00 217.00 214.00 38.68
220.00 229.00 222.00 210.00 36.66
223.00 197.00 210.00 196.00 40.69
215.00 206.00 210.00 195.00 35.43
211.00 210.00 206.00 200.00 42.24
207.00 205.00 192.00 202.00 42.13
201.00 207.00 222.00 202.00 40.69
200.00 196.00 218.00 204.00 35.91
186.00 202.00 216.00 200.00 41.65
182.00 196.00 207.00 208.00 41.12
180.00 204.00 221.00 208.00 37.35
183.00 211.00 216.00 206.00 41.60
182.00 202.00 214.00 202.00 35.91
171.00 192.00 218.00 193.00 42.02
156.00 196.00 201.00 186.00 35.97
151.00 192.00 196.00 191.00 41.23
151.00 187.00 192.00 203.00 38.25
153.00 187.00 201.00 207.00 36.29
149.00 184.00 200.00 206.00 37.72
158.00 194.00 207.00 212.00 38.09
159.00 193.00 205.00 211.00 35.28
153.00 201.00 200.00 205.00 35.49
154.00 192.00 195.00 200.00 37.88
151.00 187.00 191.00 196.00 32.67
148.00 184.00 193.00 200.00 32.41
146.00 188.00 194.00 204.00 41.44
154.00 191.00 199.00 203.00 41.23
155.00 192.00 197.00 203.00 39.31
156.00 182.00 190.00 200.00 32.03
153.00 179.00 188.00 199.00 41.07
154.00 177.00 186.00 200.00 38.20
152.00 178.00 186.00 196.00 40.16
154.00 179.00 189.00 200.00 40.80
160.00 183.00 192.00 202.00 40.75
159.00 186.00 189.00 201.00 30.23
157.00 183.00 186.00 196.00 38.62
155.00 177.00 171.00 194.00 38.62
159.00 173.00 172.00 192.00 37.72
163.00 176.00 179.00 201.00 40.00
157.00 174.00 162.00 201.00 29.70
159.00 167.00 158.00 210.00 40.27
164.00 172.00 167.00 154.00 31.18
118.00 83.00 83.00 54.00 39.42
77.00 77.00 86.00 16.00 33.20

