19.00 12.00 32.00 24.00 27.68
19.00 12.00 33.00 17.00 22.31
18.00 12.00 33.00 18.00 22.58
18.00 12.00 32.00 17.00 26.08
19.00 12.00 57.00 18.00 25.55
27.00 16.00 81.00 25.00 33.10
41.00 29.00 124.00 45.00 28.69
44.00 55.00 148.00 43.00 28.95
47.00 113.00 200.00 48.00 24.97
56.00 199.00 236.00 56.00 25.50
62.00 261.00 253.00 58.00 34.85
62.00 272.00 243.00 66.00 28.63
108.00 278.00 267.00 97.00 36.66
180.00 271.00 264.00 137.00 34.11
290.00 278.00 280.00 215.00 33.10
308.00 270.00 281.00 287.00 33.79
301.00 272.00 269.00 293.00 36.87
308.00 279.00 281.00 303.00 36.39
331.00 292.00 289.00 303.00 40.59
329.00 291.00 267.00 300.00 31.03
319.00 280.00 276.00 313.00 40.85
327.00 287.00 268.00 307.00 39.90
343.00 290.00 280.00 330.00 37.24
330.00 291.00 269.00 324.00 38.89
342.00 292.00 279.00 325.00 36.02
328.00 293.00 283.00 312.00 39.21
328.00 284.00 272.00 305.00 34.58
308.00 273.00 271.00 297.00 41.70
307.00 274.00 268.00 303.00 35.54
306.00 281.00 261.00 296.00 41.39
316.00 277.00 262.00 294.00 37.77
304.00 263.00 295.00 317.00 36.71
335.00 285.00 274.00 290.00 35.17
325.00 300.00 259.00 308.00 36.92
340.00 286.00 282.00 315.00 39.90
338.00 302.00 295.00 326.00 35.86
337.00 305.00 288.00 315.00 40.27
356.00 303.00 279.00 313.00 42.45
343.00 289.00 284.00 300.00 41.12
323.00 291.00 282.00 310.00 41.70
329.00 284.00 271.00 301.00 38.89
325.00 298.00 264.00 306.00 38.20
319.00 280.00 261.00 294.00 36.50
338.00 277.00 268.00 309.00 35.97
319.00 272.00 257.00 300.00 42.61
322.00 283.00 265.00 291.00 39.31
319.00 290.00 264.00 295.00 36.02
330.00 280.00 244.00 300.00 40.54
335.00 284.00 262.00 299.00 36.23
343.00 282.00 279.00 314.00 37.83
354.00 293.00 283.00 297.00 39.79
313.00 277.00 259.00 299.00 41.70
322.00 297.00 264.00 296.00 42.71
313.00 307.00 281.00 297.00 36.82
304.00 316.00 267.00 302.00 36.34
317.00 310.00 288.00 313.00 40.75
336.00 309.00 257.00 309.00 42.24
323.00 292.00 275.00 324.00 41.23
334.00 285.00 259.00 298.00 41.07
319.00 275.00 270.00 294.00 42.87
315.00 292.00 262.00 312.00 39.74
315.00 290.00 254.00 300.00 36.71
327.00 303.00 260.00 291.00 42.87
302.00 285.00 278.00 282.00 36.87
306.00 284.00 257.00 286.00 42.24
297.00 296.00 251.00 308.00 40.64
333.00 317.00 283.00 332.00 42.61
329.00 301.00 258.00 299.00 36.82
320.00 279.00 258.00 314.00 42.98
323.00 273.00 274.00 328.00 41.92
312.00 297.00 275.00 328.00 42.18
343.00 286.00 263.00 319.00 43.09
306.00 299.00 246.00 302.00 42.50
313.00 280.00 252.00 309.00 36.60
288.00 285.00 256.00 284.00 40.43
302.00 268.00 264.00 310.00 40.85
318.00 302.00 270.00 326.00 36.71
337.00 293.00 287.00 337.00 37.56
317.00 280.00 267.00 306.00 36.76
316.00 287.00 269.00 310.00 41.12
314.00 271.00 244.00 309.00 37.61
305.00 296.00 243.00 291.00 43.09
293.00 270.00 270.00 317.00 41.76
337.00 286.00 283.00 322.00 42.98
331.00 291.00 281.00 318.00 39.74
333.00 288.00 269.00 321.00 39.10
319.00 267.00 277.00 315.00 43.03
321.00 272.00 235.00 306.00 41.12
322.00 290.00 261.00 337.00 40.43
324.00 274.00 265.00 324.00 37.14
326.00 290.00 257.00 327.00 41.86
323.00 284.00 247.00 312.00 42.29
310.00 269.00 246.00 327.00 38.89
320.00 288.00 282.00 308.00 36.71
316.00 295.00 260.00 311.00 40.85
323.00 279.00 251.00 304.00 43.14
300.00 270.00 258.00 302.00 42.55
307.00 285.00 258.00 315.00 38.68
306.00 272.00 251.00 311.00 41.92
306.00 284.00 259.00 332.00 40.27
318.00 300.00 286.00 339.00 42.98
326.00 298.00 266.00 318.00 36.82
322.00 281.00 261.00 329.00 37.29
314.00 281.00 257.00 311.00 42.24
299.00 269.00 261.00 322.00 41.92
308.00 274.00 242.00 308.00 37.56
314.00 259.00 253.00 314.00 41.97
305.00 269.00 281.00 304.00 40.69
321.00 289.00 283.00 322.00 40.43
321.00 298.00 260.00 297.00 36.98
327.00 291.00 272.00 332.00 43.14
296.00 293.00 274.00 317.00 37.03
298.00 266.00 262.00 308.00 38.36
293.00 278.00 262.00 309.00 38.20
298.00 265.00 257.00 317.00 38.25
283.00 267.00 241.00 314.00 39.05
285.00 262.00 262.00 330.00 41.54
313.00 279.00 262.00 314.00 42.98
309.00 278.00 259.00 341.00 38.89
316.00 282.00 271.00 324.00 39.63
320.00 280.00 260.00 335.00 38.46
288.00 283.00 261.00 330.00 40.59
290.00 294.00 281.00 327.00 39.10
241.00 281.00 282.00 335.00 43.09
286.00 289.00 263.00 333.00 39.95
303.00 288.00 261.00 348.00 39.63
304.00 273.00 257.00 338.00 39.47
289.00 272.00 249.00 315.00 40.48
305.00 274.00 236.00 308.00 40.16
291.00 274.00 265.00 324.00 38.14
322.00 280.00 245.00 335.00 41.33
299.00 275.00 249.00 340.00 42.71
305.00 299.00 267.00 354.00 40.27
324.00 282.00 276.00 354.00 43.24
308.00 301.00 281.00 350.00 41.70
305.00 283.00 263.00 342.00 37.29
292.00 283.00 255.00 311.00 41.28
294.00 288.00 240.00 318.00 42.77
281.00 268.00 236.00 322.00 43.14
275.00 270.00 246.00 330.00 37.08
280.00 266.00 246.00 331.00 40.80
275.00 256.00 240.00 345.00 41.01
271.00 256.00 253.00 327.00 43.09
289.00 282.00 262.00 369.00 42.45
292.00 280.00 253.00 358.00 41.97
297.00 260.00 247.00 328.00 42.45
270.00 258.00 259.00 337.00 42.39
277.00 254.00 228.00 328.00 40.16
271.00 247.00 238.00 275.00 37.83
267.00 261.00 255.00 346.00 43.19
289.00 270.00 257.00 348.00 43.09
288.00 273.00 261.00 352.00 42.13
300.00 274.00 248.00 349.00 36.92
288.00 257.00 257.00 326.00 43.03
287.00 258.00 249.00 321.00 39.10
262.00 255.00 242.00 354.00 43.14
288.00 266.00 262.00 368.00 42.71
251.00 284.00 266.00 353.00 42.34
264.00 271.00 249.00 360.00 43.19
288.00 261.00 253.00 325.00 40.22
283.00 259.00 248.00 300.00 38.36
250.00 265.00 240.00 295.00 37.61
249.00 248.00 253.00 311.00 42.45
259.00 263.00 264.00 307.00 42.24
236.00 265.00 263.00 300.00 42.45
233.00 249.00 252.00 306.00 42.98
245.00 251.00 237.00 300.00 40.59
238.00 263.00 260.00 298.00 38.57
245.00 246.00 245.00 293.00 43.14
242.00 255.00 248.00 291.00 43.03
256.00 242.00 254.00 279.00 43.14
276.00 244.00 247.00 279.00 39.84
267.00 262.00 247.00 273.00 37.72
248.00 268.00 237.00 274.00 40.38
262.00 282.00 252.00 251.00 37.51
258.00 256.00 258.00 251.00 39.15
264.00 252.00 247.00 258.00 41.39
270.00 253.00 238.00 246.00 38.94
254.00 254.00 246.00 247.00 41.49
265.00 245.00 246.00 243.00 36.82
266.00 236.00 231.00 235.00 36.71
227.00 246.00 239.00 235.00 41.28
223.00 254.00 227.00 227.00 38.94
219.00 251.00 250.00 254.00 39.10
254.00 234.00 242.00 235.00 39.05
252.00 239.00 242.00 253.00 43.14
242.00 239.00 244.00 253.00 37.72
253.00 233.00 235.00 261.00 40.38
249.00 235.00 247.00 251.00 36.98
239.00 231.00 236.00 244.00 42.39
242.00 240.00 240.00 242.00 36.71
214.00 241.00 239.00 248.00 41.76
220.00 248.00 241.00 254.00 42.66
245.00 258.00 264.00 273.00 38.84
247.00 251.00 267.00 269.00 37.67
270.00 265.00 261.00 271.00 41.60
252.00 267.00 259.00 269.00 41.23
265.00 255.00 257.00 255.00 37.29
258.00 252.00 255.00 247.00 38.68
268.00 256.00 254.00 251.00 36.71
243.00 242.00 249.00 245.00 42.66
244.00 252.00 238.00 244.00 43.03
266.00 242.00 251.00 258.00 40.38
220.00 239.00 237.00 240.00 36.87
224.00 230.00 224.00 240.00 38.57
225.00 227.00 231.00 239.00 41.92
211.00 224.00 240.00 235.00 41.33
203.00 223.00 228.00 238.00 42.87
197.00 217.00 229.00 233.00 41.12
194.00 216.00 235.00 236.00 36.98
191.00 212.00 242.00 239.00 41.86
190.00 211.00 233.00 227.00 40.48
184.00 215.00 231.00 230.00 37.29
175.00 210.00 218.00 230.00 40.80
170.00 211.00 217.00 226.00 41.01
168.00 210.00 214.00 231.00 39.69
163.00 213.00 216.00 234.00 42.13
169.00 212.00 215.00 232.00 36.82
167.00 212.00 213.00 230.00 34.58
166.00 207.00 212.00 230.00 42.29
163.00 203.00 207.00 228.00 37.83
161.00 207.00 194.00 218.00 39.84
162.00 208.00 183.00 207.00 38.62
163.00 199.00 179.00 202.00 41.86
155.00 191.00 175.00 198.00 34.74
153.00 191.00 174.00 198.00 41.39
151.00 195.00 173.00 197.00 40.59
152.00 200.00 173.00 198.00 41.33
155.00 199.00 181.00 205.00 35.70
159.00 204.00 183.00 204.00 40.11
159.00 206.00 178.00 201.00 38.04
155.00 204.00 172.00 191.00 31.88
149.00 212.00 164.00 189.00 34.11
130.00 48.00 60.00 49.00 40.59
42.00 12.00 50.00 27.00 40.96

