28.00 27.00 59.00 40.00 54.35
53.00 39.00 87.00 75.00 54.35
65.00 42.00 102.00 93.00 54.35
89.00 41.00 136.00 110.00 54.35
107.00 42.00 139.00 134.00 54.35
135.00 45.00 162.00 157.00 54.35
161.00 48.00 177.00 175.00 54.35
187.00 54.00 199.00 216.00 54.35
225.00 76.00 242.00 228.00 54.35
235.00 117.00 238.00 244.00 54.35
233.00 158.00 246.00 234.00 54.35
237.00 194.00 238.00 242.00 54.35
244.00 221.00 244.00 254.00 54.35
249.00 233.00 257.00 234.00 54.35
251.00 219.00 248.00 223.00 54.35
239.00 228.00 216.00 222.00 54.35
224.00 229.00 207.00 218.00 54.35
232.00 228.00 200.00 216.00 54.35
210.00 225.00 182.00 209.00 54.35
194.00 207.00 128.00 207.00 54.35
182.00 214.00 124.00 207.00 54.35
178.00 205.00 85.00 214.00 54.35
172.00 205.00 68.00 212.00 54.35
171.00 193.00 56.00 221.00 54.35
170.00 199.00 61.00 225.00 54.35
174.00 203.00 62.00 230.00 54.35
180.00 206.00 47.00 222.00 54.35
172.00 203.00 44.00 208.00 54.35
160.00 195.00 51.00 205.00 54.35
164.00 194.00 82.00 209.00 54.35
166.00 197.00 77.00 216.00 54.35
179.00 207.00 74.00 214.00 54.35
193.00 210.00 106.00 214.00 54.35
225.00 215.00 155.00 215.00 54.35
238.00 222.00 181.00 217.00 54.35
243.00 224.00 209.00 218.00 54.35
244.00 224.00 205.00 222.00 54.35
241.00 224.00 214.00 214.00 54.35
236.00 218.00 210.00 211.00 54.35
238.00 214.00 204.00 214.00 54.35
234.00 215.00 201.00 209.00 54.35
235.00 210.00 197.00 212.00 54.35
236.00 213.00 200.00 210.00 54.35
234.00 208.00 194.00 210.00 54.35
239.00 208.00 192.00 208.00 54.35
239.00 211.00 192.00 213.00 54.35
235.00 210.00 195.00 208.00 54.35
237.00 213.00 198.00 212.00 54.35
241.00 214.00 203.00 210.00 54.35
238.00 214.00 193.00 215.00 54.35
237.00 211.00 194.00 217.00 54.35
242.00 220.00 202.00 213.00 54.35
236.00 218.00 192.00 220.00 54.35
235.00 224.00 197.00 225.00 54.35
241.00 213.00 196.00 218.00 54.35
243.00 212.00 198.00 225.00 54.35
243.00 221.00 204.00 219.00 54.35
248.00 213.00 193.00 221.00 54.35
245.00 214.00 192.00 217.00 54.35
244.00 212.00 193.00 214.00 54.35
239.00 203.00 186.00 206.00 54.35
236.00 206.00 184.00 209.00 54.35
230.00 200.00 177.00 207.00 54.35
227.00 198.00 180.00 204.00 54.35
233.00 199.00 177.00 205.00 54.35
236.00 213.00 185.00 206.00 54.35
235.00 183.00 198.00 225.00 54.35
220.00 205.00 196.00 220.00 54.35
220.00 197.00 195.00 214.00 54.35
238.00 203.00 191.00 217.00 54.35
221.00 197.00 191.00 217.00 54.35
226.00 194.00 190.00 216.00 54.35
233.00 190.00 189.00 210.00 54.35
233.00 192.00 189.00 216.00 54.35
221.00 189.00 193.00 207.00 54.35
216.00 196.00 193.00 216.00 54.35
208.00 188.00 182.00 202.00 54.35
207.00 194.00 197.00 206.00 54.35
218.00 199.00 192.00 210.00 54.35
220.00 195.00 186.00 212.00 54.35
203.00 193.00 184.00 210.00 54.35
228.00 189.00 183.00 211.00 54.35
224.00 188.00 182.00 209.00 54.35
225.00 181.00 191.00 212.00 54.35
221.00 196.00 178.00 207.00 54.35
223.00 191.00 191.00 204.00 54.35
218.00 190.00 193.00 214.00 54.35
212.00 191.00 188.00 215.00 54.35
229.00 210.00 196.00 223.00 54.35
240.00 209.00 199.00 228.00 54.35
222.00 212.00 204.00 220.00 54.35
238.00 219.00 204.00 230.00 54.35
231.00 214.00 200.00 226.00 54.35
236.00 219.00 208.00 225.00 54.35
238.00 219.00 204.00 223.00 54.35
239.00 211.00 203.00 228.00 54.35
239.00 214.00 211.00 231.00 54.35
233.00 208.00 198.00 219.00 54.35
229.00 201.00 196.00 219.00 54.35
224.00 195.00 194.00 212.00 54.35
225.00 197.00 177.00 218.00 54.35
205.00 193.00 202.00 227.00 54.35
221.00 192.00 187.00 217.00 54.35
234.00 199.00 192.00 215.00 54.35
214.00 209.00 198.00 219.00 54.35
211.00 207.00 193.00 223.00 54.35
221.00 209.00 192.00 221.00 54.35
224.00 204.00 189.00 224.00 54.35
212.00 211.00 190.00 222.00 54.35
233.00 216.00 188.00 234.00 54.35
233.00 209.00 205.00 230.00 54.35
225.00 231.00 195.00 227.00 54.35
223.00 227.00 196.00 235.00 54.35
228.00 225.00 202.00 228.00 54.35
215.00 217.00 203.00 231.00 54.35
231.00 215.00 195.00 230.00 54.35
233.00 209.00 194.00 225.00 54.35
228.00 211.00 195.00 219.00 54.35
225.00 216.00 179.00 231.00 54.35
218.00 213.00 185.00 234.00 54.35
220.00 216.00 206.00 229.00 54.35
224.00 213.00 198.00 215.00 54.35
227.00 211.00 187.00 209.00 54.35
218.00 215.00 194.00 221.00 54.35
221.00 211.00 201.00 218.00 54.35
232.00 199.00 195.00 218.00 54.35
234.00 211.00 200.00 216.00 54.35
225.00 210.00 209.00 215.00 54.35
222.00 213.00 202.00 223.00 54.35
232.00 207.00 209.00 224.00 54.35
229.00 224.00 183.00 224.00 54.35
238.00 204.00 195.00 228.00 54.35
219.00 205.00 203.00 224.00 54.35
222.00 216.00 204.00 222.00 54.35
215.00 218.00 210.00 230.00 54.35
226.00 215.00 198.00 222.00 54.35
225.00 226.00 206.00 224.00 54.35
218.00 219.00 202.00 223.00 54.35
233.00 216.00 200.00 223.00 54.35
233.00 222.00 192.00 217.00 54.35
229.00 211.00 191.00 222.00 54.35
225.00 209.00 195.00 223.00 54.35
227.00 202.00 197.00 222.00 54.35
228.00 202.00 193.00 216.00 54.35
223.00 200.00 199.00 226.00 54.35
220.00 192.00 195.00 214.00 54.35
221.00 195.00 193.00 214.00 54.35
221.00 193.00 187.00 213.00 54.35
216.00 189.00 195.00 209.00 54.35
212.00 192.00 185.00 208.00 54.35
220.00 194.00 191.00 209.00 54.35
208.00 192.00 189.00 208.00 54.35
211.00 194.00 192.00 201.00 54.35
213.00 204.00 185.00 217.00 54.35
205.00 198.00 201.00 222.00 54.35
220.00 194.00 199.00 227.00 54.35
219.00 206.00 199.00 220.00 54.35
233.00 222.00 212.00 225.00 54.35
234.00 203.00 179.00 228.00 54.35
222.00 211.00 181.00 224.00 54.35
226.00 193.00 186.00 220.00 54.35
219.00 204.00 184.00 212.00 54.35
213.00 191.00 190.00 210.00 54.35
230.00 197.00 191.00 211.00 54.35
214.00 180.00 177.00 210.00 54.35
213.00 178.00 191.00 217.00 54.35
218.00 188.00 194.00 214.00 54.35
218.00 191.00 192.00 215.00 54.35
208.00 183.00 188.00 201.00 54.35
210.00 201.00 180.00 210.00 54.35
217.00 208.00 192.00 217.00 54.35
231.00 203.00 197.00 216.00 54.35
225.00 215.00 197.00 208.00 54.35
216.00 214.00 201.00 213.00 54.35
231.00 213.00 209.00 211.00 54.35
223.00 210.00 209.00 221.00 54.35
225.00 199.00 198.00 221.00 54.35
222.00 209.00 198.00 218.00 54.35
216.00 194.00 200.00 219.00 54.35
225.00 223.00 203.00 217.00 54.35
232.00 208.00 204.00 215.00 54.35
227.00 223.00 210.00 212.00 54.35
230.00 221.00 201.00 211.00 54.35
222.00 189.00 201.00 211.00 54.35
218.00 207.00 193.00 213.00 54.35
218.00 205.00 201.00 207.00 54.35
223.00 185.00 189.00 209.00 54.35
230.00 210.00 209.00 211.00 54.35
230.00 206.00 207.00 208.00 54.35
216.00 187.00 212.00 214.00 54.35
221.00 192.00 203.00 207.00 54.35
225.00 202.00 194.00 207.00 54.35
233.00 198.00 185.00 209.00 54.35
226.00 205.00 196.00 204.00 54.35
232.00 199.00 199.00 195.00 54.35
207.00 205.00 195.00 203.00 54.35
218.00 187.00 196.00 204.00 54.35
203.00 188.00 192.00 201.00 54.35
221.00 185.00 192.00 203.00 54.35
229.00 186.00 183.00 198.00 54.35
207.00 184.00 186.00 209.00 54.35
210.00 180.00 193.00 198.00 54.35
211.00 185.00 198.00 201.00 54.35
228.00 194.00 189.00 202.00 54.35
217.00 186.00 192.00 204.00 54.35
220.00 191.00 197.00 200.00 54.35
222.00 191.00 208.00 200.00 54.35
217.00 196.00 199.00 206.00 54.35
217.00 207.00 199.00 208.00 54.35
223.00 190.00 198.00 208.00 54.35
225.00 197.00 210.00 207.00 54.35
235.00 212.00 199.00 205.00 54.35
219.00 212.00 196.00 203.00 54.35
233.00 212.00 201.00 202.00 54.35
222.00 211.00 194.00 201.00 54.35
229.00 200.00 201.00 204.00 54.35
228.00 190.00 206.00 207.00 54.35
224.00 203.00 205.00 225.00 54.35
212.00 192.00 192.00 208.00 54.35
209.00 195.00 195.00 213.00 54.35
206.00 196.00 193.00 214.00 54.35
208.00 173.00 191.00 212.00 54.35
176.00 188.00 184.00 210.00 54.35
188.00 181.00 201.00 204.00 54.35
187.00 191.00 194.00 206.00 54.35
192.00 185.00 187.00 209.00 54.35
204.00 185.00 191.00 191.00 54.35
187.00 179.00 187.00 204.00 54.35
193.00 193.00 199.00 203.00 54.35
204.00 210.00 195.00 200.00 54.35
223.00 188.00 188.00 202.00 54.35
223.00 202.00 200.00 207.00 54.35
215.00 196.00 203.00 208.00 54.35
220.00 185.00 211.00 212.00 54.35
232.00 199.00 208.00 208.00 54.35
220.00 205.00 208.00 206.00 54.35
212.00 200.00 199.00 211.00 54.35
206.00 190.00 206.00 202.00 54.35
216.00 194.00 202.00 200.00 54.35
225.00 160.00 181.00 197.00 54.35
212.00 169.00 159.00 197.00 54.35
202.00 173.00 150.00 206.00 54.35
203.00 193.00 159.00 203.00 54.35
203.00 187.00 183.00 212.00 54.35
201.00 199.00 201.00 219.00 54.35
203.00 199.00 195.00 230.00 54.35
202.00 211.00 200.00 229.00 54.35
214.00 205.00 190.00 216.00 54.35
202.00 205.00 194.00 220.00 54.35
204.00 208.00 193.00 210.00 54.35
202.00 218.00 190.00 213.00 54.35
209.00 193.00 181.00 205.00 54.35
211.00 190.00 184.00 204.00 54.35
216.00 189.00 192.00 210.00 54.35
183.00 210.00 193.00 208.00 54.35
197.00 197.00 186.00 206.00 54.35
195.00 196.00 179.00 210.00 54.35
192.00 185.00 186.00 201.00 54.35
201.00 176.00 178.00 211.00 54.35
202.00 173.00 177.00 206.00 54.35
218.00 203.00 169.00 205.00 54.35
212.00 189.00 171.00 213.00 54.35
203.00 188.00 175.00 215.00 54.35
209.00 185.00 172.00 217.00 54.35
212.00 195.00 176.00 216.00 54.35
207.00 208.00 183.00 225.00 54.35
221.00 201.00 175.00 222.00 54.35
219.00 205.00 182.00 222.00 54.35
220.00 204.00 187.00 228.00 54.35
215.00 196.00 179.00 224.00 54.35
204.00 209.00 191.00 219.00 54.35
211.00 209.00 191.00 222.00 54.35
225.00 208.00 186.00 218.00 54.35
219.00 203.00 184.00 216.00 54.35
224.00 206.00 192.00 214.00 54.35
228.00 196.00 180.00 216.00 54.35
223.00 199.00 191.00 217.00 54.35
221.00 210.00 181.00 215.00 54.35
212.00 208.00 178.00 209.00 54.35
207.00 189.00 186.00 221.00 54.35
208.00 205.00 188.00 216.00 54.35
205.00 202.00 189.00 216.00 54.35
215.00 202.00 187.00 215.00 54.35
219.00 204.00 201.00 221.00 54.35
223.00 211.00 205.00 216.00 54.35
209.00 210.00 194.00 214.00 54.35
205.00 196.00 186.00 219.00 54.35
228.00 195.00 186.00 218.00 54.35
221.00 211.00 188.00 226.00 54.35
225.00 196.00 183.00 217.00 54.35
225.00 195.00 182.00 213.00 54.35
215.00 218.00 184.00 218.00 54.35
210.00 188.00 184.00 213.00 54.35
215.00 198.00 175.00 207.00 54.35
215.00 182.00 185.00 215.00 54.35
222.00 215.00 187.00 214.00 54.35
201.00 227.00 188.00 216.00 54.35
223.00 198.00 177.00 207.00 54.35
204.00 205.00 191.00 217.00 54.35
210.00 198.00 183.00 210.00 54.35
219.00 200.00 189.00 220.00 54.35
222.00 205.00 182.00 220.00 54.35
220.00 230.00 189.00 216.00 54.35
226.00 212.00 195.00 221.00 54.35
233.00 207.00 185.00 227.00 54.35
219.00 203.00 183.00 230.00 54.35
234.00 201.00 181.00 221.00 54.35
226.00 195.00 181.00 228.00 54.35
228.00 176.00 165.00 83.00 54.35
140.00 31.00 45.00 16.00 54.35
6.00 24.00 12.00 6.00 54.35
11.00 17.00 9.00 8.00 54.35
7.00 0.00 0.00 0.00 54.35
0.00 0.00 0.00 0.00 54.35
0.00 0.00 0.00 0.00 54.35
0.00 0.00 0.00 0.00 54.35
0.00 0.00 0.00 0.00 54.35
0.00 0.00 0.00 0.00 54.35
0.00 0.00 0.00 0.00 54.35
