28.00 46.00 41.00 26.00 54.35
29.00 70.00 70.00 55.00 54.35
31.00 98.00 102.00 86.00 54.35
36.00 126.00 134.00 92.00 54.35
39.00 162.00 172.00 118.00 54.35
43.00 195.00 179.00 137.00 54.35
47.00 191.00 175.00 175.00 54.35
53.00 194.00 178.00 201.00 54.35
53.00 193.00 180.00 199.00 54.35
57.00 201.00 190.00 206.00 54.35
70.00 217.00 191.00 209.00 54.35
75.00 206.00 184.00 212.00 54.35
81.00 204.00 190.00 212.00 54.35
84.00 206.00 188.00 214.00 54.35
88.00 204.00 185.00 212.00 54.35
92.00 210.00 189.00 213.00 54.35
96.00 212.00 190.00 212.00 54.35
101.00 206.00 188.00 211.00 54.35
105.00 205.00 192.00 209.00 54.35
111.00 203.00 182.00 209.00 54.35
115.00 201.00 188.00 209.00 54.35
120.00 200.00 189.00 209.00 54.35
124.00 196.00 183.00 208.00 54.35
125.00 200.00 183.00 207.00 54.35
125.00 195.00 182.00 207.00 54.35
128.00 195.00 183.00 206.00 54.35
128.00 196.00 181.00 206.00 54.35
129.00 194.00 186.00 207.00 54.35
131.00 200.00 191.00 216.00 54.35
140.00 218.00 196.00 217.00 54.35
150.00 219.00 198.00 216.00 54.35
153.00 223.00 189.00 214.00 54.35
159.00 210.00 182.00 207.00 54.35
165.00 215.00 181.00 203.00 54.35
167.00 206.00 181.00 201.00 54.35
172.00 209.00 178.00 201.00 54.35
185.00 210.00 185.00 206.00 54.35
192.00 205.00 182.00 210.00 54.35
200.00 204.00 186.00 208.00 54.35
200.00 208.00 181.00 207.00 54.35
195.00 199.00 185.00 197.00 54.35
182.00 198.00 184.00 193.00 54.35
194.00 189.00 189.00 177.00 54.35
164.00 182.00 145.00 178.00 54.35
176.00 176.00 172.00 180.00 54.35
195.00 191.00 184.00 202.00 54.35
203.00 199.00 180.00 199.00 54.35
222.00 201.00 183.00 192.00 54.35
212.00 201.00 187.00 194.00 54.35
203.00 187.00 189.00 190.00 54.35
195.00 186.00 181.00 194.00 54.35
199.00 173.00 184.00 193.00 54.35
196.00 178.00 182.00 194.00 54.35
188.00 187.00 179.00 190.00 54.35
192.00 187.00 186.00 194.00 54.35
200.00 193.00 189.00 196.00 54.35
192.00 194.00 188.00 196.00 54.35
193.00 192.00 188.00 197.00 54.35
185.00 189.00 185.00 196.00 54.35
176.00 187.00 180.00 192.00 54.35
185.00 187.00 182.00 194.00 54.35
184.00 182.00 179.00 189.00 54.35
185.00 181.00 175.00 187.00 54.35
185.00 179.00 174.00 187.00 54.35
178.00 174.00 170.00 187.00 54.35
180.00 189.00 174.00 189.00 54.35
178.00 183.00 181.00 189.00 54.35
171.00 187.00 184.00 199.00 54.35
192.00 189.00 183.00 198.00 54.35
182.00 182.00 178.00 197.00 54.35
175.00 177.00 180.00 190.00 54.35
171.00 178.00 174.00 189.00 54.35
174.00 172.00 173.00 187.00 54.35
173.00 174.00 170.00 190.00 54.35
159.00 173.00 171.00 189.00 54.35
177.00 178.00 186.00 200.00 54.35
188.00 181.00 188.00 195.00 54.35
181.00 178.00 190.00 198.00 54.35
191.00 191.00 190.00 198.00 54.35
184.00 190.00 194.00 198.00 54.35
187.00 172.00 189.00 191.00 54.35
186.00 174.00 185.00 188.00 54.35
174.00 171.00 183.00 186.00 54.35
180.00 170.00 175.00 183.00 54.35
176.00 166.00 185.00 187.00 54.35
188.00 186.00 192.00 193.00 54.35
178.00 180.00 184.00 194.00 54.35
189.00 181.00 180.00 186.00 54.35
180.00 180.00 178.00 184.00 54.35
183.00 173.00 172.00 182.00 54.35
185.00 179.00 180.00 190.00 54.35
187.00 189.00 186.00 188.00 54.35
184.00 187.00 181.00 184.00 54.35
179.00 190.00 178.00 179.00 54.35
168.00 173.00 180.00 173.00 54.35
170.00 180.00 191.00 185.00 54.35
174.00 181.00 184.00 181.00 54.35
173.00 187.00 177.00 180.00 54.35
170.00 180.00 174.00 175.00 54.35
176.00 182.00 173.00 173.00 54.35
176.00 176.00 178.00 182.00 54.35
178.00 179.00 187.00 192.00 54.35
181.00 186.00 190.00 198.00 54.35
195.00 190.00 182.00 193.00 54.35
187.00 183.00 193.00 195.00 54.35
178.00 174.00 191.00 192.00 54.35
181.00 171.00 182.00 185.00 54.35
186.00 174.00 175.00 183.00 54.35
188.00 175.00 175.00 182.00 54.35
190.00 173.00 175.00 178.00 54.35
181.00 172.00 175.00 184.00 54.35
175.00 175.00 175.00 184.00 54.35
163.00 177.00 170.00 181.00 54.35
160.00 173.00 175.00 184.00 54.35
168.00 169.00 173.00 190.00 54.35
181.00 182.00 176.00 190.00 54.35
193.00 191.00 188.00 195.00 54.35
184.00 183.00 183.00 180.00 54.35
183.00 174.00 184.00 183.00 54.35
178.00 180.00 180.00 182.00 54.35
173.00 183.00 197.00 192.00 54.35
186.00 185.00 194.00 190.00 54.35
183.00 179.00 191.00 186.00 54.35
172.00 176.00 182.00 187.00 54.35
176.00 185.00 193.00 195.00 54.35
185.00 190.00 187.00 180.00 54.35
174.00 183.00 183.00 174.00 54.35
168.00 182.00 178.00 180.00 54.35
166.00 186.00 189.00 196.00 54.35
185.00 194.00 198.00 195.00 54.35
182.00 190.00 187.00 188.00 54.35
180.00 183.00 181.00 180.00 54.35
175.00 180.00 186.00 173.00 54.35
179.00 178.00 178.00 184.00 54.35
180.00 180.00 178.00 186.00 54.35
185.00 183.00 183.00 190.00 54.35
187.00 183.00 184.00 185.00 54.35
179.00 185.00 192.00 179.00 54.35
177.00 186.00 189.00 176.00 54.35
179.00 180.00 177.00 175.00 54.35
174.00 176.00 180.00 179.00 54.35
174.00 187.00 181.00 184.00 54.35
183.00 190.00 189.00 185.00 54.35
171.00 188.00 184.00 174.00 54.35
173.00 183.00 178.00 174.00 54.35
168.00 179.00 174.00 172.00 54.35
170.00 177.00 176.00 178.00 54.35
182.00 181.00 188.00 182.00 54.35
189.00 190.00 183.00 175.00 54.35
185.00 174.00 178.00 174.00 54.35
179.00 173.00 180.00 176.00 54.35
182.00 181.00 178.00 177.00 54.35
190.00 190.00 186.00 184.00 54.35
191.00 183.00 187.00 173.00 54.35
184.00 174.00 176.00 177.00 54.35
183.00 178.00 174.00 171.00 54.35
183.00 178.00 182.00 186.00 54.35
187.00 187.00 195.00 187.00 54.35
187.00 182.00 188.00 188.00 54.35
174.00 177.00 190.00 185.00 54.35
178.00 180.00 179.00 185.00 54.35
184.00 169.00 180.00 191.00 54.35
186.00 177.00 187.00 178.00 54.35
181.00 189.00 185.00 193.00 54.35
194.00 193.00 182.00 184.00 54.35
182.00 179.00 180.00 175.00 54.35
188.00 180.00 176.00 170.00 54.35
181.00 169.00 169.00 189.00 54.35
186.00 189.00 177.00 184.00 54.35
184.00 192.00 183.00 182.00 54.35
181.00 189.00 179.00 179.00 54.35
181.00 180.00 174.00 186.00 54.35
180.00 180.00 176.00 180.00 54.35
172.00 179.00 180.00 193.00 54.35
181.00 193.00 188.00 177.00 54.35
176.00 181.00 187.00 182.00 54.35
164.00 183.00 180.00 173.00 54.35
173.00 178.00 173.00 179.00 54.35
174.00 178.00 186.00 187.00 54.35
192.00 179.00 194.00 190.00 54.35
174.00 189.00 183.00 187.00 54.35
194.00 185.00 177.00 184.00 54.35
193.00 175.00 176.00 180.00 54.35
186.00 181.00 181.00 191.00 54.35
187.00 192.00 189.00 197.00 54.35
201.00 193.00 187.00 193.00 54.35
191.00 193.00 190.00 184.00 54.35
187.00 182.00 180.00 171.00 54.35
168.00 171.00 174.00 184.00 54.35
171.00 174.00 184.00 184.00 54.35
180.00 185.00 199.00 186.00 54.35
194.00 189.00 185.00 194.00 54.35
202.00 184.00 182.00 174.00 54.35
188.00 179.00 184.00 189.00 54.35
188.00 179.00 175.00 178.00 54.35
181.00 180.00 174.00 184.00 54.35
164.00 184.00 165.00 190.00 54.35
190.00 194.00 167.00 194.00 54.35
182.00 183.00 180.00 180.00 54.35
183.00 181.00 178.00 174.00 54.35
173.00 176.00 176.00 185.00 54.35
171.00 176.00 175.00 177.00 54.35
166.00 183.00 181.00 201.00 54.35
180.00 193.00 188.00 198.00 54.35
163.00 185.00 170.00 192.00 54.35
177.00 178.00 162.00 181.00 54.35
173.00 174.00 158.00 175.00 54.35
170.00 174.00 177.00 183.00 54.35
166.00 172.00 169.00 180.00 54.35
167.00 186.00 180.00 182.00 54.35
188.00 187.00 160.00 181.00 54.35
187.00 182.00 188.00 189.00 54.35
175.00 182.00 182.00 186.00 54.35
175.00 178.00 177.00 184.00 54.35
172.00 172.00 175.00 184.00 54.35
180.00 183.00 177.00 189.00 54.35
177.00 174.00 187.00 187.00 54.35
183.00 186.00 191.00 193.00 54.35
191.00 186.00 180.00 191.00 54.35
191.00 180.00 182.00 191.00 54.35
182.00 183.00 189.00 186.00 54.35
178.00 182.00 183.00 185.00 54.35
171.00 174.00 156.00 187.00 54.35
169.00 180.00 161.00 187.00 54.35
169.00 181.00 160.00 186.00 54.35
182.00 184.00 150.00 197.00 54.35
186.00 186.00 163.00 194.00 54.35
183.00 188.00 184.00 199.00 54.35
174.00 182.00 182.00 197.00 54.35
178.00 177.00 177.00 193.00 54.35
182.00 179.00 173.00 181.00 54.35
185.00 178.00 178.00 184.00 54.35
191.00 178.00 181.00 192.00 54.35
187.00 180.00 175.00 187.00 54.35
192.00 184.00 174.00 184.00 54.35
191.00 178.00 172.00 197.00 54.35
191.00 183.00 183.00 185.00 54.35
186.00 178.00 161.00 185.00 54.35
200.00 186.00 182.00 196.00 54.35
194.00 178.00 189.00 207.00 54.35
195.00 176.00 180.00 192.00 54.35
189.00 162.00 163.00 199.00 54.35
176.00 158.00 186.00 196.00 54.35
173.00 164.00 182.00 194.00 54.35
164.00 146.00 173.00 187.00 54.35
149.00 144.00 169.00 185.00 54.35
153.00 129.00 165.00 180.00 54.35
152.00 137.00 165.00 189.00 54.35
158.00 132.00 164.00 189.00 54.35
159.00 118.00 166.00 191.00 54.35
158.00 98.00 161.00 190.00 54.35
163.00 98.00 171.00 187.00 54.35
161.00 83.00 171.00 174.00 54.35
152.00 82.00 179.00 178.00 54.35
156.00 75.00 177.00 172.00 54.35
161.00 83.00 175.00 174.00 54.35
161.00 90.00 175.00 172.00 54.35
155.00 103.00 173.00 174.00 54.35
157.00 112.00 164.00 176.00 54.35
155.00 106.00 176.00 179.00 54.35
154.00 96.00 175.00 170.00 54.35
160.00 89.00 175.00 169.00 54.35
158.00 92.00 171.00 172.00 54.35
158.00 108.00 169.00 170.00 54.35
159.00 100.00 174.00 173.00 54.35
158.00 100.00 168.00 177.00 54.35
161.00 78.00 168.00 163.00 54.35
149.00 63.00 169.00 174.00 54.35
153.00 51.00 167.00 172.00 54.35
150.00 53.00 172.00 165.00 54.35
150.00 52.00 165.00 168.00 54.35
149.00 51.00 166.00 165.00 54.35
151.00 49.00 170.00 171.00 54.35
157.00 48.00 162.00 167.00 54.35
153.00 69.00 159.00 164.00 54.35
149.00 62.00 163.00 172.00 54.35
149.00 65.00 168.00 184.00 54.35
153.00 51.00 164.00 183.00 54.35
150.00 50.00 168.00 183.00 54.35
155.00 60.00 169.00 179.00 54.35
151.00 72.00 162.00 178.00 54.35
158.00 81.00 161.00 180.00 54.35
169.00 79.00 156.00 174.00 54.35
152.00 70.00 159.00 174.00 54.35
156.00 61.00 154.00 171.00 54.35
164.00 62.00 153.00 169.00 54.35
168.00 54.00 149.00 168.00 54.35
163.00 48.00 158.00 164.00 54.35
163.00 48.00 149.00 166.00 54.35
158.00 51.00 149.00 184.00 54.35
167.00 48.00 153.00 179.00 54.35
170.00 58.00 151.00 187.00 54.35
173.00 46.00 160.00 185.00 54.35
172.00 51.00 152.00 188.00 54.35
170.00 69.00 153.00 181.00 54.35
171.00 54.00 157.00 187.00 54.35
169.00 63.00 164.00 178.00 54.35
162.00 55.00 160.00 175.00 54.35
166.00 65.00 158.00 179.00 54.35
171.00 48.00 148.00 175.00 54.35
168.00 40.00 151.00 183.00 54.35
167.00 42.00 152.00 200.00 54.35
170.00 35.00 163.00 180.00 54.35
165.00 46.00 163.00 180.00 54.35
172.00 51.00 150.00 176.00 54.35
173.00 57.00 161.00 187.00 54.35
177.00 42.00 161.00 195.00 54.35
180.00 50.00 156.00 188.00 54.35
178.00 49.00 148.00 186.00 54.35
175.00 50.00 163.00 186.00 54.35
177.00 48.00 158.00 183.00 54.35
174.00 61.00 157.00 178.00 54.35
172.00 52.00 146.00 180.00 54.35
173.00 58.00 156.00 192.00 54.35
169.00 58.00 159.00 197.00 54.35
178.00 46.00 161.00 202.00 54.35
180.00 52.00 151.00 197.00 54.35
180.00 49.00 165.00 187.00 54.35
176.00 57.00 166.00 195.00 54.35
179.00 59.00 166.00 181.00 54.35
175.00 57.00 153.00 196.00 54.35
173.00 54.00 152.00 183.00 54.35
170.00 47.00 166.00 184.00 54.35
175.00 49.00 169.00 196.00 54.35
181.00 56.00 165.00 187.00 54.35
168.00 48.00 162.00 186.00 54.35
176.00 47.00 169.00 187.00 54.35
172.00 37.00 168.00 185.00 54.35
176.00 48.00 166.00 194.00 54.35
178.00 39.00 163.00 182.00 54.35
171.00 45.00 167.00 187.00 54.35
179.00 49.00 166.00 188.00 54.35
171.00 47.00 164.00 188.00 54.35
168.00 44.00 160.00 190.00 54.35
167.00 43.00 158.00 195.00 54.35
172.00 44.00 159.00 196.00 54.35
175.00 45.00 154.00 196.00 54.35
172.00 42.00 156.00 189.00 54.35
174.00 46.00 157.00 192.00 54.35
172.00 45.00 157.00 191.00 54.35
172.00 43.00 153.00 192.00 54.35
172.00 45.00 156.00 189.00 54.35
165.00 46.00 149.00 191.00 54.35
170.00 42.00 159.00 178.00 54.35
162.00 40.00 148.00 191.00 54.35
168.00 30.00 140.00 181.00 54.35
161.00 26.00 136.00 202.00 54.35
171.00 27.00 136.00 196.00 54.35
171.00 22.00 133.00 197.00 54.35
169.00 22.00 131.00 194.00 54.35
166.00 20.00 129.00 195.00 54.35
171.00 16.00 125.00 193.00 54.35
170.00 14.00 126.00 184.00 54.35
170.00 13.00 126.00 186.00 54.35
170.00 14.00 124.00 184.00 54.35
171.00 11.00 123.00 185.00 54.35
171.00 12.00 123.00 188.00 54.35
171.00 11.00 120.00 180.00 54.35
169.00 11.00 119.00 182.00 54.35
170.00 10.00 123.00 192.00 54.35
176.00 14.00 123.00 185.00 54.35
167.00 14.00 123.00 186.00 54.35
169.00 16.00 119.00 189.00 54.35
168.00 12.00 120.00 188.00 54.35
172.00 13.00 120.00 180.00 54.35
159.00 13.00 120.00 181.00 54.35
163.00 12.00 117.00 180.00 54.35
155.00 10.00 116.00 175.00 54.35
160.00 10.00 115.00 180.00 54.35
165.00 8.00 111.00 165.00 54.35
59.00 8.00 78.00 69.00 54.35
73.00 6.00 74.00 78.00 54.35
87.00 6.00 79.00 103.00 54.35
88.00 6.00 86.00 101.00 54.35
92.00 6.00 91.00 103.00 54.35
93.00 7.00 94.00 107.00 54.35
87.00 7.00 99.00 108.00 54.35
82.00 8.00 111.00 103.00 54.35
79.00 9.00 118.00 107.00 54.35
83.00 7.00 113.00 103.00 54.35
80.00 5.00 104.00 103.00 54.35
77.00 4.00 105.00 104.00 54.35
76.00 6.00 108.00 104.00 54.35
81.00 11.00 56.00 50.00 54.35
65.00 17.00 69.00 57.00 54.35
69.00 21.00 60.00 57.00 54.35
50.00 7.00 20.00 6.00 54.35
25.00 1.00 0.00 4.00 54.35
3.00 0.00 0.00 0.00 54.35
0.00 0.00 0.00 0.00 54.35
0.00 0.00 0.00 0.00 54.35
0.00 0.00 0.00 0.00 54.35
0.00 0.00 0.00 0.00 54.35
0.00 0.00 0.00 0.00 54.35
0.00 0.00 0.00 0.00 54.35
0.00 0.00 0.00 0.00 54.35
