11.00 37.00 16.00 15.00 33.36
19.00 82.00 19.00 29.00 31.61
23.00 132.00 30.00 26.00 23.38
28.00 175.00 38.00 27.00 33.68
34.00 194.00 48.00 32.00 33.79
37.00 199.00 58.00 34.00 25.50
40.00 209.00 63.00 33.00 25.34
42.00 209.00 80.00 33.00 32.51
47.00 220.00 99.00 31.00 22.95
50.00 212.00 109.00 30.00 25.08
46.00 211.00 107.00 29.00 35.91
50.00 218.00 124.00 28.00 28.79
49.00 197.00 141.00 30.00 25.39
57.00 221.00 159.00 37.00 27.25
61.00 220.00 185.00 38.00 35.17
66.00 207.00 209.00 37.00 35.17
67.00 220.00 215.00 37.00 25.02
68.00 235.00 214.00 38.00 33.04
72.00 216.00 214.00 41.00 36.39
70.00 215.00 210.00 43.00 33.73
81.00 215.00 213.00 38.00 29.22
72.00 221.00 212.00 37.00 37.45
82.00 222.00 219.00 43.00 36.76
81.00 226.00 213.00 41.00 38.14
84.00 223.00 217.00 35.00 27.36
78.00 209.00 209.00 37.00 33.52
83.00 197.00 208.00 38.00 33.36
88.00 193.00 207.00 40.00 33.79
87.00 205.00 212.00 46.00 39.42
96.00 219.00 214.00 40.00 38.78
98.00 222.00 217.00 46.00 35.75
102.00 257.00 207.00 42.00 39.37
100.00 250.00 208.00 47.00 37.67
112.00 250.00 210.00 50.00 34.64
118.00 238.00 211.00 55.00 40.22
123.00 241.00 213.00 62.00 40.11
131.00 247.00 218.00 64.00 36.23
132.00 244.00 224.00 64.00 33.84
140.00 246.00 222.00 65.00 29.86
139.00 233.00 216.00 66.00 32.51
134.00 240.00 214.00 68.00 31.13
144.00 242.00 218.00 68.00 37.51
151.00 234.00 216.00 66.00 30.44
156.00 225.00 219.00 72.00 35.28
158.00 239.00 226.00 70.00 38.99
167.00 245.00 227.00 75.00 35.12
172.00 247.00 227.00 74.00 39.31
171.00 247.00 222.00 75.00 35.01
172.00 244.00 222.00 80.00 34.90
172.00 239.00 220.00 87.00 34.16
186.00 237.00 217.00 93.00 41.17
189.00 239.00 219.00 95.00 38.73
197.00 245.00 225.00 96.00 32.14
203.00 246.00 228.00 107.00 36.07
215.00 247.00 232.00 108.00 39.31
224.00 259.00 232.00 102.00 40.96
227.00 254.00 228.00 98.00 35.33
210.00 240.00 227.00 106.00 35.70
208.00 236.00 222.00 113.00 38.20
212.00 233.00 222.00 116.00 37.72
224.00 227.00 222.00 127.00 35.01
217.00 230.00 228.00 126.00 33.04
220.00 241.00 223.00 146.00 34.74
216.00 250.00 224.00 156.00 37.45
226.00 248.00 228.00 155.00 40.43
231.00 232.00 225.00 157.00 38.94
220.00 231.00 216.00 167.00 38.52
219.00 218.00 215.00 159.00 40.11
214.00 234.00 216.00 172.00 40.75
215.00 235.00 220.00 191.00 37.77
218.00 237.00 222.00 195.00 40.38
219.00 240.00 228.00 212.00 36.29
223.00 249.00 228.00 221.00 36.60
224.00 249.00 230.00 220.00 32.88
213.00 238.00 216.00 219.00 38.46
213.00 241.00 214.00 214.00 41.12
215.00 239.00 217.00 221.00 39.58
223.00 242.00 227.00 232.00 37.08
223.00 253.00 231.00 234.00 41.65
230.00 256.00 229.00 231.00 38.14
230.00 248.00 218.00 230.00 32.94
217.00 230.00 214.00 216.00 33.31
203.00 224.00 219.00 228.00 41.81
215.00 230.00 221.00 238.00 36.23
214.00 236.00 221.00 231.00 36.23
224.00 241.00 221.00 240.00 41.23
228.00 243.00 234.00 234.00 34.11
232.00 239.00 238.00 230.00 33.20
230.00 250.00 230.00 234.00 33.20
225.00 247.00 220.00 229.00 41.65
220.00 244.00 216.00 216.00 37.83
219.00 240.00 221.00 217.00 35.01
213.00 240.00 221.00 224.00 38.25
229.00 242.00 224.00 230.00 41.49
228.00 248.00 233.00 234.00 40.91
231.00 257.00 224.00 226.00 33.84
228.00 250.00 221.00 226.00 40.48
216.00 241.00 218.00 216.00 37.72
211.00 243.00 218.00 223.00 41.97
220.00 247.00 219.00 221.00 38.30
225.00 249.00 224.00 225.00 33.52
228.00 251.00 225.00 223.00 38.25
219.00 255.00 222.00 230.00 34.96
231.00 247.00 217.00 222.00 35.70
221.00 243.00 215.00 215.00 41.92
216.00 247.00 203.00 214.00 42.02
215.00 242.00 214.00 216.00 38.25
218.00 249.00 213.00 217.00 41.23
224.00 239.00 224.00 218.00 41.97
224.00 249.00 228.00 227.00 37.51
225.00 252.00 227.00 222.00 37.08
228.00 236.00 221.00 217.00 37.29
221.00 242.00 225.00 209.00 35.65
212.00 235.00 222.00 218.00 35.12
220.00 237.00 226.00 216.00 41.81
222.00 234.00 234.00 222.00 41.60
222.00 242.00 233.00 215.00 39.26
229.00 249.00 230.00 222.00 38.73
235.00 250.00 233.00 228.00 34.16
228.00 257.00 230.00 232.00 38.94
227.00 251.00 224.00 223.00 41.97
219.00 246.00 228.00 206.00 41.44
215.00 237.00 220.00 206.00 41.12
211.00 241.00 211.00 206.00 41.33
216.00 248.00 221.00 210.00 42.18
216.00 247.00 221.00 206.00 34.96
219.00 249.00 219.00 214.00 38.30
225.00 248.00 216.00 212.00 40.16
219.00 248.00 218.00 215.00 40.96
216.00 246.00 218.00 218.00 40.27
222.00 247.00 227.00 227.00 42.50
229.00 251.00 220.00 217.00 39.05
219.00 246.00 223.00 221.00 36.60
222.00 245.00 231.00 222.00 40.38
221.00 253.00 218.00 220.00 41.92
226.00 245.00 233.00 228.00 36.66
228.00 248.00 229.00 226.00 41.81
223.00 252.00 228.00 226.00 40.85
225.00 248.00 227.00 218.00 34.80
227.00 251.00 224.00 217.00 34.64
226.00 242.00 233.00 225.00 41.44
224.00 253.00 220.00 224.00 42.24
228.00 246.00 225.00 209.00 35.06
219.00 235.00 214.00 210.00 41.49
212.00 231.00 228.00 207.00 39.84
212.00 240.00 231.00 220.00 40.48
220.00 241.00 222.00 210.00 42.29
215.00 237.00 220.00 210.00 42.02
215.00 233.00 222.00 216.00 35.01
210.00 239.00 220.00 207.00 37.45
218.00 240.00 226.00 211.00 41.81
227.00 245.00 226.00 219.00 41.49
225.00 242.00 229.00 216.00 41.92
226.00 246.00 232.00 216.00 36.34
228.00 253.00 228.00 216.00 40.69
232.00 253.00 230.00 223.00 38.68
227.00 257.00 225.00 215.00 40.06
232.00 259.00 227.00 214.00 40.16
229.00 261.00 232.00 231.00 40.43
222.00 253.00 240.00 213.00 36.39
223.00 241.00 229.00 217.00 38.25
207.00 251.00 228.00 207.00 40.85
216.00 238.00 216.00 208.00 42.34
209.00 241.00 216.00 212.00 41.60
213.00 236.00 216.00 211.00 41.60
216.00 240.00 218.00 214.00 41.60
215.00 235.00 228.00 213.00 37.19
217.00 253.00 221.00 216.00 37.35
216.00 250.00 231.00 222.00 39.47
219.00 254.00 233.00 224.00 40.64
219.00 257.00 238.00 226.00 34.69
219.00 249.00 232.00 228.00 42.18
225.00 253.00 230.00 226.00 41.97
230.00 253.00 229.00 231.00 40.85
224.00 255.00 236.00 226.00 37.99
229.00 250.00 236.00 223.00 36.34
227.00 256.00 217.00 212.00 41.44
221.00 251.00 215.00 205.00 34.69
213.00 243.00 215.00 210.00 41.86
215.00 247.00 214.00 204.00 40.64
217.00 231.00 215.00 213.00 36.23
209.00 247.00 211.00 214.00 42.39
219.00 245.00 209.00 209.00 37.19
222.00 242.00 212.00 207.00 37.29
219.00 256.00 215.00 213.00 37.51
215.00 251.00 225.00 217.00 41.70
221.00 252.00 215.00 222.00 34.74
216.00 252.00 218.00 220.00 38.20
216.00 244.00 215.00 222.00 38.52
214.00 247.00 215.00 222.00 37.77
222.00 248.00 226.00 227.00 41.97
219.00 242.00 219.00 218.00 37.77
223.00 265.00 224.00 226.00 40.85
226.00 265.00 232.00 223.00 40.64
227.00 251.00 229.00 236.00 36.76
219.00 262.00 219.00 221.00 38.99
213.00 250.00 213.00 214.00 42.45
225.00 254.00 214.00 215.00 39.37
217.00 247.00 210.00 208.00 40.11
207.00 247.00 209.00 223.00 41.76
205.00 249.00 216.00 214.00 39.53
220.00 254.00 216.00 217.00 35.59
216.00 252.00 214.00 220.00 40.54
214.00 256.00 216.00 215.00 40.69
215.00 247.00 208.00 227.00 34.80
215.00 248.00 212.00 217.00 40.43
213.00 259.00 211.00 231.00 34.85
219.00 255.00 216.00 236.00 36.76
225.00 256.00 218.00 235.00 39.05
222.00 251.00 223.00 243.00 40.54
225.00 262.00 223.00 234.00 41.60
226.00 261.00 210.00 241.00 40.27
216.00 264.00 219.00 246.00 35.17
205.00 253.00 196.00 243.00 35.49
212.00 248.00 203.00 229.00 42.45
205.00 247.00 195.00 237.00 40.00
209.00 247.00 201.00 238.00 35.06
209.00 249.00 221.00 241.00 35.97
213.00 257.00 224.00 243.00 39.42
219.00 258.00 226.00 241.00 41.92
221.00 259.00 228.00 254.00 34.96
224.00 263.00 233.00 248.00 35.97
222.00 264.00 238.00 256.00 42.13
218.00 259.00 227.00 251.00 41.60
215.00 263.00 236.00 251.00 42.13
223.00 257.00 229.00 248.00 38.20
226.00 264.00 247.00 259.00 39.63
217.00 259.00 235.00 250.00 40.85
220.00 258.00 235.00 249.00 41.07
217.00 259.00 227.00 246.00 40.54
211.00 256.00 225.00 243.00 35.12
223.00 262.00 234.00 251.00 34.96
219.00 259.00 228.00 238.00 42.50
219.00 262.00 225.00 244.00 39.95
212.00 253.00 222.00 246.00 41.92
218.00 257.00 210.00 257.00 34.96
216.00 259.00 220.00 242.00 42.02
217.00 254.00 223.00 244.00 42.02
216.00 255.00 218.00 244.00 41.92
218.00 260.00 226.00 250.00 36.98
222.00 252.00 230.00 249.00 42.45
216.00 260.00 224.00 255.00 35.81
223.00 259.00 226.00 257.00 41.49
213.00 258.00 220.00 240.00 39.53
212.00 252.00 219.00 247.00 36.50
215.00 246.00 210.00 242.00 35.22
200.00 248.00 213.00 234.00 36.44
203.00 242.00 206.00 235.00 41.76
207.00 243.00 217.00 239.00 42.45
208.00 243.00 227.00 230.00 42.50
209.00 244.00 222.00 229.00 42.50
207.00 244.00 217.00 229.00 41.97
210.00 245.00 221.00 228.00 35.97
209.00 248.00 212.00 238.00 42.02
213.00 256.00 209.00 244.00 39.79
214.00 256.00 230.00 254.00 40.80
221.00 259.00 234.00 238.00 40.96
211.00 249.00 225.00 240.00 37.77
216.00 234.00 231.00 250.00 36.76
216.00 235.00 231.00 238.00 41.86
209.00 230.00 216.00 246.00 41.12
215.00 231.00 225.00 249.00 41.81
207.00 235.00 213.00 228.00 38.52
203.00 224.00 210.00 233.00 39.26
201.00 222.00 209.00 228.00 34.96
202.00 220.00 203.00 231.00 42.24
200.00 222.00 204.00 226.00 42.24
205.00 224.00 206.00 223.00 42.50
202.00 225.00 206.00 232.00 37.19
204.00 224.00 207.00 231.00 38.57
205.00 224.00 208.00 232.00 40.11
207.00 225.00 217.00 228.00 35.81
210.00 229.00 206.00 235.00 35.12
208.00 228.00 212.00 236.00 40.75
214.00 228.00 216.00 236.00 35.06
212.00 231.00 215.00 240.00 38.41
210.00 233.00 218.00 242.00 35.43
209.00 239.00 221.00 250.00 36.55
215.00 235.00 219.00 239.00 35.06
205.00 232.00 218.00 245.00 36.55
215.00 228.00 219.00 247.00 41.70
212.00 231.00 213.00 234.00 36.44
213.00 235.00 173.00 231.00 35.06
209.00 229.00 200.00 240.00 39.37
212.00 229.00 193.00 244.00 40.38
216.00 229.00 190.00 245.00 40.27
214.00 225.00 195.00 241.00 39.42
218.00 224.00 192.00 239.00 40.59
210.00 213.00 191.00 244.00 35.12
207.00 217.00 189.00 246.00 38.36
217.00 212.00 184.00 231.00 41.33
203.00 207.00 181.00 235.00 41.23
208.00 201.00 187.00 224.00 42.50
205.00 197.00 191.00 231.00 41.07
196.00 197.00 176.00 234.00 35.12
202.00 194.00 213.00 224.00 42.24
201.00 194.00 209.00 225.00 36.50
200.00 192.00 218.00 240.00 42.24
205.00 192.00 215.00 233.00 35.70
198.00 193.00 206.00 236.00 41.65
205.00 190.00 216.00 229.00 39.95
200.00 194.00 206.00 229.00 37.99
199.00 191.00 211.00 225.00 42.45
202.00 190.00 201.00 226.00 40.59
203.00 189.00 202.00 230.00 38.99
197.00 187.00 202.00 222.00 35.22
198.00 192.00 210.00 229.00 36.50
202.00 193.00 213.00 225.00 42.34
199.00 188.00 207.00 229.00 37.29
203.00 192.00 203.00 235.00 40.38
203.00 193.00 208.00 238.00 40.69
198.00 185.00 211.00 221.00 42.13
204.00 188.00 205.00 231.00 39.90
202.00 194.00 207.00 239.00 41.97
199.00 197.00 203.00 238.00 42.29
205.00 194.00 210.00 225.00 42.39
199.00 190.00 216.00 238.00 35.22
206.00 190.00 204.00 222.00 41.76
209.00 189.00 214.00 234.00 36.82
210.00 191.00 219.00 243.00 40.43
209.00 182.00 216.00 243.00 41.17
213.00 185.00 211.00 229.00 40.69
206.00 184.00 217.00 228.00 35.06
208.00 184.00 212.00 240.00 36.13
212.00 193.00 210.00 226.00 36.76
213.00 192.00 213.00 231.00 38.09
208.00 189.00 209.00 240.00 42.29
216.00 195.00 221.00 251.00 37.83
209.00 193.00 217.00 226.00 38.30
212.00 189.00 221.00 241.00 40.54
203.00 188.00 209.00 228.00 41.92
211.00 184.00 206.00 226.00 42.45
200.00 185.00 216.00 230.00 35.49
199.00 183.00 204.00 227.00 35.91
208.00 187.00 211.00 231.00 38.73
205.00 185.00 209.00 229.00 35.22
205.00 184.00 204.00 229.00 42.39
205.00 188.00 200.00 227.00 42.55
205.00 178.00 215.00 232.00 39.26
201.00 182.00 200.00 221.00 41.28
205.00 181.00 202.00 222.00 40.54
204.00 177.00 203.00 223.00 42.45
206.00 181.00 197.00 222.00 39.21
203.00 180.00 208.00 236.00 35.70
203.00 176.00 202.00 230.00 41.01
202.00 176.00 199.00 230.00 41.28
205.00 177.00 189.00 220.00 41.54
198.00 173.00 191.00 219.00 39.42
205.00 174.00 202.00 235.00 42.61
201.00 175.00 203.00 227.00 35.17
200.00 173.00 194.00 223.00 37.03
201.00 170.00 190.00 208.00 35.22
195.00 167.00 183.00 217.00 37.14
203.00 171.00 179.00 216.00 38.36
198.00 174.00 175.00 219.00 36.76
197.00 170.00 178.00 220.00 35.28
197.00 166.00 174.00 226.00 41.70
201.00 166.00 177.00 219.00 35.17
189.00 168.00 182.00 221.00 37.45
197.00 168.00 184.00 218.00 40.48
199.00 168.00 183.00 210.00 40.54
199.00 168.00 189.00 225.00 39.21
205.00 167.00 186.00 223.00 38.62
208.00 165.00 187.00 222.00 39.47
197.00 162.00 191.00 216.00 35.22
197.00 165.00 188.00 230.00 41.60
201.00 166.00 189.00 218.00 35.38
196.00 159.00 180.00 214.00 35.17
193.00 162.00 182.00 217.00 41.28
195.00 166.00 185.00 212.00 35.86
193.00 165.00 190.00 215.00 35.86
200.00 162.00 191.00 214.00 36.23
200.00 170.00 194.00 213.00 42.61
205.00 172.00 200.00 217.00 35.65
200.00 166.00 214.00 226.00 38.25
205.00 170.00 211.00 231.00 40.06
206.00 170.00 206.00 232.00 35.17
199.00 174.00 201.00 230.00 41.65
201.00 173.00 193.00 231.00 37.88
205.00 173.00 197.00 222.00 36.98
206.00 163.00 189.00 221.00 35.81
204.00 169.00 188.00 215.00 40.91
197.00 161.00 181.00 215.00 36.71
195.00 159.00 183.00 217.00 42.34
188.00 166.00 184.00 224.00 41.65
196.00 165.00 180.00 212.00 42.50
193.00 159.00 176.00 215.00 37.45
193.00 166.00 187.00 206.00 42.34
198.00 162.00 189.00 225.00 35.01
204.00 170.00 188.00 227.00 40.00
199.00 172.00 187.00 223.00 35.12
205.00 169.00 200.00 219.00 41.86
202.00 160.00 180.00 227.00 40.64
207.00 164.00 186.00 215.00 41.17
204.00 163.00 173.00 209.00 41.86
201.00 155.00 171.00 208.00 36.29
196.00 153.00 169.00 200.00 36.23
194.00 152.00 164.00 206.00 34.37
194.00 151.00 163.00 195.00 42.29
197.00 150.00 161.00 194.00 38.84
191.00 151.00 159.00 189.00 39.15
191.00 153.00 159.00 202.00 42.08
189.00 155.00 161.00 196.00 39.53
190.00 156.00 151.00 198.00 40.48
194.00 152.00 156.00 198.00 41.54
197.00 159.00 159.00 200.00 41.33
200.00 158.00 159.00 215.00 40.32
198.00 162.00 158.00 207.00 34.85
195.00 162.00 149.00 199.00 36.87
194.00 165.00 147.00 209.00 32.78
193.00 163.00 148.00 208.00 35.70
193.00 156.00 147.00 194.00 33.84
188.00 158.00 144.00 197.00 39.84
192.00 151.00 140.00 200.00 32.51
189.00 147.00 137.00 188.00 41.07
189.00 152.00 138.00 189.00 40.59
187.00 153.00 144.00 183.00 40.64
191.00 156.00 144.00 181.00 41.12
191.00 160.00 146.00 188.00 32.78
188.00 159.00 150.00 201.00 31.98
201.00 156.00 138.00 198.00 37.99
186.00 147.00 142.00 185.00 37.77
184.00 152.00 142.00 187.00 33.89
187.00 153.00 149.00 183.00 30.97
187.00 157.00 147.00 187.00 34.74
196.00 162.00 151.00 194.00 33.42
194.00 152.00 136.00 194.00 40.59
194.00 148.00 144.00 199.00 30.55
191.00 153.00 143.00 193.00 39.10
189.00 155.00 149.00 200.00 36.23
188.00 159.00 148.00 193.00 33.63
203.00 164.00 151.00 208.00 33.95
199.00 159.00 149.00 202.00 40.00
198.00 154.00 153.00 200.00 35.65
197.00 148.00 141.00 205.00 39.69
191.00 149.00 144.00 199.00 36.02
188.00 153.00 145.00 205.00 40.59
183.00 155.00 148.00 202.00 37.51
189.00 155.00 152.00 199.00 38.78
190.00 158.00 150.00 206.00 35.49
193.00 161.00 149.00 214.00 36.55
194.00 155.00 150.00 209.00 35.22
187.00 151.00 145.00 205.00 33.73
181.00 149.00 139.00 190.00 32.14
185.00 146.00 138.00 197.00 40.43
187.00 150.00 141.00 181.00 39.63
181.00 151.00 148.00 195.00 35.28
182.00 151.00 143.00 189.00 35.12
191.00 151.00 145.00 195.00 29.91
191.00 153.00 144.00 192.00 30.71
189.00 144.00 137.00 177.00 36.98
183.00 142.00 136.00 175.00 28.69
181.00 141.00 140.00 176.00 34.16
180.00 142.00 138.00 180.00 30.18
178.00 145.00 142.00 184.00 31.03
181.00 149.00 141.00 180.00 39.58
182.00 145.00 137.00 174.00 39.53
177.00 142.00 134.00 173.00 34.27
177.00 143.00 135.00 172.00 33.52
176.00 147.00 134.00 182.00 37.88
177.00 149.00 135.00 180.00 36.92
178.00 152.00 140.00 183.00 34.53
182.00 147.00 138.00 180.00 34.21
178.00 147.00 134.00 179.00 30.49
174.00 143.00 134.00 174.00 32.83
176.00 142.00 134.00 175.00 27.68
176.00 143.00 134.00 173.00 38.84
178.00 144.00 137.00 178.00 26.99
178.00 150.00 140.00 179.00 30.28
176.00 143.00 129.00 169.00 38.46
168.00 136.00 105.00 76.00 37.77
74.00 27.00 29.00 76.00 28.10

