3828.00 4.00 2.97 3.30 4.00 1.00 661.00 14.00
10095.00 4.00 4.29 4.04 4.00 1.00 500.00 19.00
10263.00 3.00 4.00 4.04 5.00 1.00 3735.00 19.00
10399.00 4.00 4.63 4.00 3.00 -1.00 246.00 17.00
11249.00 4.00 4.84 4.66 3.00 1.00 2867.00 18.00
11339.00 4.00 3.10 3.44 4.00 1.00 441.00 20.00
12044.00 4.00 4.96 4.44 2.00 -1.00 283.00 17.00
12100.00 4.00 6.73 5.20 3.00 1.00 679.00 20.00
12228.00 4.00 3.78 3.95 3.00 -1.00 273.00 17.00
12229.00 4.00 4.56 4.38 1.00 1.00 823.00 14.00
12267.00 4.00 4.24 4.15 2.00 1.00 1378.00 20.00
12356.00 3.00 3.70 3.74 4.00 -1.00 385.00 17.00
13003.00 4.00 4.81 4.43 2.00 -1.00 193.00 19.00
13122.00 3.00 3.56 3.87 2.00 -1.00 258.00 17.00
13154.00 4.00 4.57 3.32 2.00 -1.00 156.00 20.00
13214.00 4.00 3.84 3.27 2.00 -1.00 376.00 14.00
13227.00 4.00 4.16 3.68 2.00 -1.00 309.00 19.00
13248.00 4.00 3.80 3.38 2.00 -1.00 257.00 18.00
13283.00 4.00 5.18 4.26 2.00 1.00 766.00 17.00
13322.00 4.00 4.51 3.79 2.00 -1.00 139.00 14.00
14024.00 4.00 4.88 4.59 1.00 -1.00 94.00 14.00
14035.00 4.00 4.42 3.79 1.00 -1.00 292.00 18.00
14099.00 3.00 5.56 4.42 1.00 1.00 467.00 19.00
14142.00 4.00 3.41 3.49 2.00 1.00 1801.00 18.00
14156.00 4.00 5.08 3.70 1.00 -1.00 67.00 18.00
14245.00 4.00 5.30 4.71 1.00 -1.00 297.00 20.00
14251.00 4.00 4.54 4.34 1.00 -1.00 300.00 17.00
14289.00 3.00 4.06 3.65 1.00 -1.00 105.00 17.00
14308.00 4.00 3.64 3.73 1.00 -1.00 99.00 17.00
14312.00 4.00 3.35 3.15 1.00 1.00 768.00 17.00
14364.00 4.00 4.34 4.24 1.00 -1.00 211.00 17.00
14373.00 4.00 3.55 3.72 1.00 -1.00 144.00 17.00
14383.00 4.00 3.55 3.54 1.00 -1.00 69.00 18.00
14435.00 4.00 3.89 4.40 1.00 1.00 1704.00 20.00
14504.00 4.00 3.21 3.47 1.00 -1.00 17.00 14.00
15007.00 4.00 2.91 3.32 1.00 1.00 438.00 20.00
15022.00 4.00 6.03 4.66 1.00 -1.00 107.00 17.00
15023.00 4.00 3.18 3.43 1.00 -1.00 40.00 17.00
15060.00 4.00 3.56 3.42 1.00 -1.00 48.00 18.00
15062.00 4.00 3.16 3.57 1.00 1.00 3399.00 19.00
15064.00 4.00 6.25 4.89 1.00 -1.00 241.00 20.00
15071.00 3.00 3.93 3.36 1.00 1.00 543.00 20.00
15090.00 4.00 3.93 3.62 1.00 -1.00 52.00 14.00
15097.00 4.00 3.99 3.72 1.00 -1.00 80.00 20.00
15100.00 4.00 3.69 3.11 1.00 -1.00 82.00 14.00
15121.00 3.00 3.92 3.68 1.00 1.00 1217.00 20.00
15139.00 4.00 3.84 3.59 1.00 -1.00 62.00 14.00
15140.00 4.00 3.58 3.27 1.00 -1.00 62.00 20.00
15167.00 4.00 4.02 3.61 1.00 -1.00 236.00 17.00
15208.00 4.00 3.97 3.73 1.00 -1.00 45.00 14.00
15214.00 4.00 4.78 3.40 1.00 -1.00 134.00 17.00
15225.00 4.00 4.48 3.27 1.00 -1.00 147.00 20.00
15236.00 2.00 4.93 3.68 1.00 1.00 928.00 14.00
15259.00 4.00 3.57 3.20 1.00 -1.00 59.00 18.00
15289.00 4.00 3.97 3.52 1.00 -1.00 72.00 14.00
15293.00 4.00 3.56 3.51 1.00 1.00 2320.00 18.00
15331.00 4.00 4.30 3.39 1.00 1.00 471.00 20.00
15335.00 4.00 3.85 3.62 1.00 1.00 440.00 14.00
15354.00 3.00 3.81 3.93 1.00 -1.00 97.00 19.00
15371.00 4.00 3.32 3.56 1.00 -1.00 76.00 20.00
