25.00 53.00 96.00 43.00 29.22
49.00 39.00 176.00 28.00 28.85
30.00 32.00 219.00 60.00 30.07
40.00 28.00 208.00 29.00 32.30
30.00 30.00 192.00 28.00 33.63
32.00 36.00 203.00 28.00 34.37
31.00 41.00 193.00 28.00 36.60
29.00 38.00 189.00 28.00 37.61
28.00 35.00 197.00 28.00 38.36
27.00 38.00 190.00 28.00 39.74
29.00 43.00 197.00 28.00 40.85
27.00 38.00 197.00 31.00 39.95
27.00 41.00 187.00 27.00 42.34
33.00 40.00 204.00 31.00 40.80
32.00 47.00 205.00 33.00 42.82
34.00 41.00 197.00 32.00 41.65
31.00 40.00 199.00 31.00 41.12
35.00 46.00 214.00 33.00 42.13
37.00 47.00 214.00 41.00 41.86
44.00 58.00 229.00 47.00 42.66
74.00 75.00 245.00 66.00 38.25
138.00 108.00 245.00 115.00 38.14
239.00 186.00 244.00 214.00 36.23
269.00 258.00 238.00 276.00 30.44
293.00 295.00 262.00 288.00 31.08
292.00 307.00 247.00 277.00 31.66
272.00 264.00 242.00 268.00 32.09
287.00 288.00 253.00 269.00 32.35
309.00 304.00 267.00 306.00 32.78
306.00 303.00 262.00 299.00 33.42
299.00 285.00 254.00 280.00 33.63
289.00 291.00 248.00 283.00 34.00
288.00 310.00 256.00 299.00 34.43
318.00 317.00 262.00 294.00 34.74
294.00 308.00 269.00 286.00 35.12
293.00 294.00 273.00 263.00 35.22
302.00 313.00 287.00 313.00 35.22
293.00 312.00 289.00 294.00 35.70
286.00 301.00 270.00 294.00 35.81
300.00 302.00 279.00 291.00 35.91
309.00 320.00 286.00 298.00 36.13
320.00 304.00 266.00 296.00 36.66
316.00 297.00 256.00 287.00 36.39
301.00 310.00 298.00 303.00 36.29
301.00 321.00 292.00 302.00 36.39
310.00 303.00 282.00 298.00 36.50
307.00 304.00 274.00 296.00 36.66
301.00 309.00 261.00 283.00 36.98
269.00 320.00 269.00 293.00 36.92
287.00 317.00 252.00 283.00 36.92
260.00 321.00 255.00 322.00 37.08
288.00 338.00 274.00 319.00 37.14
277.00 324.00 266.00 291.00 37.03
276.00 319.00 254.00 291.00 37.19
270.00 313.00 267.00 307.00 37.56
285.00 329.00 280.00 289.00 37.29
289.00 308.00 252.00 287.00 37.40
268.00 308.00 245.00 288.00 36.87
273.00 325.00 267.00 308.00 37.40
277.00 317.00 272.00 293.00 37.51
260.00 305.00 255.00 293.00 37.51
269.00 299.00 246.00 296.00 37.56
282.00 299.00 263.00 305.00 37.51
287.00 320.00 251.00 301.00 38.04
275.00 299.00 248.00 271.00 37.72
258.00 281.00 246.00 296.00 37.61
248.00 298.00 238.00 300.00 37.67
267.00 294.00 269.00 301.00 37.56
259.00 293.00 262.00 298.00 37.77
282.00 300.00 262.00 287.00 37.83
260.00 286.00 246.00 290.00 38.04
260.00 287.00 237.00 289.00 37.77
259.00 290.00 261.00 302.00 37.88
270.00 296.00 256.00 301.00 37.88
269.00 300.00 244.00 305.00 37.88
279.00 293.00 248.00 287.00 37.88
256.00 283.00 241.00 285.00 37.99
247.00 280.00 247.00 280.00 37.67
264.00 297.00 261.00 308.00 37.93
275.00 295.00 254.00 292.00 37.93
280.00 284.00 246.00 264.00 37.99
249.00 274.00 241.00 277.00 37.88
268.00 278.00 258.00 293.00 37.99
268.00 302.00 268.00 303.00 37.99
286.00 294.00 254.00 293.00 37.93
282.00 292.00 247.00 281.00 37.99
260.00 280.00 246.00 274.00 37.93
254.00 285.00 248.00 284.00 38.09
282.00 305.00 253.00 300.00 38.14
250.00 294.00 248.00 290.00 37.88
246.00 291.00 240.00 270.00 37.77
242.00 285.00 245.00 295.00 38.09
243.00 292.00 261.00 296.00 38.04
281.00 297.00 253.00 290.00 37.99
281.00 295.00 249.00 283.00 37.83
241.00 279.00 241.00 245.00 38.09
239.00 280.00 243.00 297.00 37.93
266.00 309.00 257.00 317.00 37.93
283.00 309.00 259.00 305.00 38.09
250.00 281.00 256.00 279.00 38.04
230.00 267.00 256.00 280.00 38.14
231.00 267.00 251.00 276.00 38.04
253.00 285.00 254.00 297.00 38.20
259.00 301.00 262.00 286.00 38.04
271.00 302.00 267.00 290.00 37.99
265.00 299.00 261.00 290.00 38.04
273.00 289.00 253.00 294.00 37.83
246.00 288.00 250.00 279.00 38.09
253.00 286.00 240.00 293.00 38.14
281.00 305.00 268.00 307.00 38.09
273.00 296.00 252.00 301.00 38.09
258.00 289.00 250.00 279.00 38.04
249.00 285.00 247.00 272.00 38.04
243.00 283.00 256.00 275.00 38.20
267.00 292.00 265.00 288.00 38.09
281.00 294.00 252.00 297.00 38.36
266.00 274.00 241.00 264.00 38.09
262.00 289.00 244.00 282.00 38.14
260.00 300.00 253.00 301.00 38.09
258.00 289.00 271.00 288.00 38.20
260.00 293.00 260.00 281.00 38.14
246.00 301.00 243.00 266.00 37.99
253.00 288.00 248.00 276.00 38.04
253.00 287.00 261.00 289.00 38.14
264.00 305.00 265.00 296.00 37.88
256.00 302.00 260.00 281.00 38.20
261.00 294.00 263.00 280.00 38.25
253.00 287.00 249.00 274.00 38.14
266.00 288.00 248.00 281.00 38.14
275.00 300.00 270.00 296.00 38.20
271.00 302.00 266.00 292.00 38.04
254.00 290.00 255.00 274.00 37.99
262.00 272.00 252.00 288.00 38.20
254.00 284.00 249.00 286.00 38.14
255.00 291.00 263.00 312.00 38.25
279.00 289.00 263.00 280.00 38.14
238.00 288.00 260.00 278.00 38.20
236.00 278.00 241.00 289.00 38.25
261.00 288.00 262.00 292.00 38.25
280.00 278.00 251.00 296.00 38.14
249.00 275.00 267.00 263.00 38.20
259.00 260.00 242.00 263.00 38.14
262.00 281.00 251.00 290.00 37.99
238.00 286.00 267.00 293.00 38.25
264.00 289.00 264.00 285.00 38.20
275.00 290.00 269.00 267.00 38.14
239.00 273.00 248.00 251.00 38.52
242.00 282.00 262.00 279.00 38.20
266.00 292.00 258.00 279.00 38.25
278.00 305.00 257.00 254.00 38.25
266.00 276.00 249.00 264.00 38.30
259.00 287.00 253.00 256.00 38.14
243.00 285.00 258.00 278.00 38.30
280.00 288.00 257.00 284.00 38.20
273.00 263.00 263.00 271.00 38.20
240.00 264.00 243.00 266.00 38.30
259.00 274.00 272.00 282.00 38.52
273.00 302.00 268.00 296.00 38.25
238.00 296.00 257.00 284.00 38.25
268.00 274.00 248.00 265.00 38.09
263.00 275.00 250.00 271.00 37.93
276.00 294.00 256.00 289.00 38.52
272.00 298.00 259.00 267.00 38.25
257.00 294.00 250.00 281.00 38.14
238.00 290.00 264.00 250.00 38.20
246.00 268.00 266.00 267.00 38.14
276.00 279.00 278.00 290.00 38.36
248.00 276.00 274.00 264.00 38.20
254.00 279.00 247.00 256.00 38.25
241.00 254.00 258.00 260.00 38.20
235.00 259.00 241.00 259.00 38.25
236.00 296.00 267.00 276.00 38.25
249.00 295.00 260.00 276.00 38.25
259.00 291.00 266.00 261.00 38.20
249.00 285.00 254.00 253.00 38.09
235.00 265.00 247.00 251.00 38.20
243.00 280.00 258.00 261.00 38.20
249.00 269.00 256.00 252.00 38.20
256.00 278.00 262.00 268.00 38.20
264.00 275.00 259.00 264.00 38.14
265.00 275.00 270.00 264.00 38.14
244.00 274.00 264.00 260.00 38.25
244.00 265.00 251.00 249.00 38.36
236.00 267.00 254.00 246.00 38.30
209.00 272.00 265.00 258.00 38.14
226.00 278.00 277.00 272.00 38.25
227.00 278.00 275.00 245.00 38.30
235.00 268.00 271.00 249.00 38.30
227.00 266.00 268.00 248.00 38.09
232.00 264.00 259.00 245.00 38.25
229.00 259.00 261.00 242.00 38.41
215.00 264.00 252.00 269.00 37.93
236.00 274.00 260.00 259.00 38.09
245.00 274.00 258.00 244.00 38.20
237.00 251.00 248.00 257.00 38.14
232.00 245.00 245.00 238.00 38.14
239.00 242.00 242.00 238.00 38.20
228.00 235.00 246.00 254.00 38.25
247.00 246.00 259.00 258.00 38.14
248.00 245.00 257.00 248.00 38.09
251.00 247.00 250.00 249.00 38.25
243.00 236.00 240.00 237.00 38.09
237.00 231.00 243.00 242.00 38.04
236.00 232.00 241.00 256.00 38.09
245.00 246.00 254.00 216.00 38.14
254.00 243.00 255.00 230.00 38.04
256.00 244.00 235.00 226.00 38.04
250.00 240.00 236.00 228.00 38.09
249.00 241.00 230.00 243.00 38.09
243.00 239.00 229.00 250.00 38.09
250.00 234.00 237.00 234.00 38.04
257.00 244.00 233.00 235.00 38.04
255.00 238.00 239.00 208.00 38.09
247.00 241.00 231.00 199.00 38.04
243.00 236.00 223.00 212.00 38.04
235.00 231.00 225.00 223.00 37.88
228.00 231.00 225.00 223.00 37.99
247.00 238.00 239.00 233.00 37.83
242.00 237.00 240.00 224.00 37.93
241.00 239.00 236.00 242.00 38.20
236.00 229.00 221.00 232.00 37.99
228.00 225.00 225.00 220.00 37.99
227.00 222.00 230.00 245.00 37.88
233.00 231.00 233.00 220.00 38.04
243.00 250.00 242.00 249.00 37.93
248.00 241.00 227.00 248.00 37.83
249.00 235.00 223.00 238.00 37.99
241.00 228.00 224.00 243.00 37.93
228.00 223.00 211.00 225.00 37.72
226.00 222.00 216.00 242.00 37.88
237.00 231.00 212.00 232.00 37.93
228.00 226.00 204.00 236.00 37.83
220.00 222.00 199.00 233.00 37.83
210.00 216.00 192.00 227.00 37.72
210.00 222.00 199.00 235.00 38.14
217.00 223.00 197.00 225.00 37.61
207.00 209.00 199.00 214.00 37.67
199.00 197.00 195.00 208.00 37.40
199.00 194.00 199.00 214.00 37.40
204.00 199.00 207.00 212.00 37.35
205.00 189.00 191.00 218.00 37.08
198.00 186.00 192.00 221.00 36.92
197.00 184.00 191.00 224.00 36.87
207.00 194.00 212.00 233.00 36.98
215.00 194.00 206.00 224.00 36.44
220.00 191.00 203.00 221.00 36.34
222.00 192.00 198.00 225.00 36.29
220.00 197.00 205.00 235.00 36.02
227.00 207.00 203.00 228.00 36.07
224.00 203.00 208.00 223.00 35.97
217.00 198.00 194.00 219.00 35.97
217.00 200.00 192.00 219.00 36.02
219.00 206.00 203.00 221.00 35.86
228.00 195.00 193.00 212.00 35.81
207.00 185.00 186.00 198.00 35.59
204.00 164.00 132.00 116.00 35.81
132.00 122.00 87.00 48.00 35.75
33.00 6.00 1.00 5.00 35.70
8.00 4.00 0.00 1.00 35.65
4.00 2.00 0.00 0.00 35.75
3.00 1.00 0.00 0.00 36.18
2.00 0.00 0.00 0.00 37.61
1.00 0.00 0.00 0.00 38.20
1.00 0.00 0.00 0.00 39.47
1.00 0.00 0.00 0.00 39.31
0.00 0.00 0.00 0.00 39.21
0.00 0.00 0.00 0.00 39.37
