38.00 36.00 12.00 14.00 16.36
29.00 37.00 10.00 27.00 25.98
41.00 40.00 12.00 33.00 21.89
39.00 45.00 18.00 61.00 24.44
46.00 53.00 25.00 86.00 26.88
65.00 79.00 37.00 92.00 25.13
55.00 98.00 52.00 96.00 25.02
54.00 110.00 60.00 109.00 24.49
64.00 112.00 91.00 137.00 16.84
47.00 115.00 153.00 153.00 19.71
51.00 121.00 189.00 158.00 29.11
56.00 121.00 208.00 158.00 30.39
57.00 126.00 218.00 161.00 24.33
53.00 122.00 226.00 165.00 22.84
51.00 122.00 228.00 169.00 31.40
54.00 122.00 221.00 171.00 24.23
59.00 122.00 228.00 191.00 32.51
64.00 129.00 216.00 200.00 36.98
64.00 128.00 231.00 200.00 30.23
66.00 128.00 229.00 211.00 26.24
75.00 131.00 227.00 214.00 27.41
89.00 128.00 224.00 214.00 35.17
99.00 129.00 217.00 216.00 36.50
108.00 127.00 194.00 216.00 27.84
119.00 125.00 181.00 214.00 34.90
127.00 124.00 182.00 219.00 36.23
148.00 123.00 176.00 215.00 34.11
162.00 121.00 175.00 213.00 32.51
168.00 121.00 175.00 218.00 32.99
199.00 120.00 173.00 219.00 26.67
205.00 116.00 172.00 218.00 31.77
203.00 118.00 170.00 220.00 29.48
209.00 117.00 166.00 214.00 23.16
220.00 117.00 162.00 215.00 30.71
219.00 117.00 162.00 225.00 34.48
229.00 114.00 158.00 227.00 22.21
231.00 114.00 159.00 229.00 23.75
230.00 112.00 156.00 234.00 23.91
238.00 111.00 158.00 237.00 33.68
245.00 114.00 161.00 245.00 34.58
236.00 119.00 169.00 245.00 27.94
239.00 126.00 177.00 254.00 22.05
261.00 137.00 190.00 264.00 27.25
264.00 153.00 206.00 264.00 27.09
273.00 178.00 232.00 267.00 28.79
270.00 233.00 234.00 270.00 23.43
285.00 279.00 232.00 267.00 35.33
277.00 272.00 241.00 270.00 27.63
280.00 270.00 248.00 263.00 31.88
289.00 270.00 242.00 267.00 36.13
262.00 269.00 249.00 260.00 27.73
287.00 264.00 240.00 265.00 34.80
285.00 258.00 236.00 260.00 36.29
279.00 260.00 250.00 256.00 29.22
287.00 262.00 257.00 262.00 30.55
279.00 253.00 252.00 258.00 28.26
293.00 264.00 249.00 257.00 39.31
262.00 260.00 257.00 268.00 38.25
247.00 258.00 255.00 261.00 35.81
268.00 259.00 259.00 266.00 33.26
284.00 245.00 252.00 267.00 35.75
304.00 248.00 247.00 262.00 36.13
260.00 228.00 256.00 260.00 31.34
254.00 239.00 251.00 256.00 32.14
249.00 235.00 243.00 262.00 38.46
268.00 237.00 251.00 274.00 38.57
266.00 238.00 233.00 254.00 32.78
243.00 237.00 241.00 274.00 39.95
284.00 248.00 257.00 275.00 41.17
254.00 253.00 264.00 286.00 37.61
286.00 262.00 256.00 284.00 34.43
255.00 261.00 258.00 258.00 39.90
247.00 252.00 268.00 287.00 40.27
302.00 254.00 264.00 281.00 38.99
265.00 264.00 259.00 288.00 38.62
258.00 274.00 246.00 242.00 35.81
263.00 252.00 259.00 289.00 38.62
263.00 256.00 242.00 257.00 41.60
244.00 262.00 259.00 276.00 41.49
260.00 255.00 254.00 248.00 39.31
263.00 251.00 255.00 279.00 33.89
252.00 254.00 240.00 246.00 41.60
257.00 258.00 250.00 238.00 41.65
242.00 257.00 244.00 264.00 40.69
245.00 248.00 246.00 275.00 41.28
250.00 241.00 232.00 259.00 40.96
247.00 249.00 232.00 224.00 41.12
265.00 240.00 231.00 242.00 39.05
239.00 251.00 237.00 249.00 41.28
237.00 258.00 248.00 263.00 40.27
262.00 246.00 244.00 265.00 38.78
262.00 252.00 244.00 268.00 33.84
252.00 252.00 238.00 237.00 37.93
267.00 260.00 237.00 275.00 36.07
266.00 255.00 248.00 270.00 34.43
256.00 257.00 260.00 249.00 34.27
207.00 260.00 258.00 232.00 34.05
245.00 242.00 235.00 272.00 39.42
250.00 239.00 239.00 274.00 33.73
244.00 251.00 230.00 301.00 39.63
255.00 258.00 240.00 278.00 34.11
274.00 245.00 236.00 277.00 39.31
268.00 253.00 254.00 279.00 41.49
240.00 250.00 247.00 237.00 36.07
189.00 262.00 238.00 226.00 40.80
193.00 252.00 254.00 287.00 41.65
266.00 253.00 239.00 252.00 41.92
275.00 261.00 242.00 265.00 35.86
258.00 254.00 268.00 289.00 37.19
260.00 255.00 232.00 294.00 41.76
260.00 260.00 255.00 295.00 37.93
258.00 257.00 253.00 297.00 41.65
263.00 268.00 263.00 296.00 39.37
279.00 265.00 268.00 282.00 41.39
287.00 258.00 272.00 286.00 39.74
278.00 258.00 262.00 251.00 39.26
269.00 265.00 250.00 297.00 40.00
295.00 263.00 250.00 248.00 36.34
220.00 259.00 244.00 221.00 40.91
189.00 264.00 242.00 249.00 34.58
206.00 260.00 237.00 285.00 35.43
243.00 256.00 238.00 291.00 34.53
255.00 253.00 235.00 273.00 38.99
282.00 250.00 224.00 276.00 41.86
279.00 245.00 230.00 279.00 39.79
256.00 240.00 240.00 260.00 41.33
259.00 247.00 237.00 204.00 41.70
247.00 249.00 245.00 229.00 40.75
264.00 258.00 251.00 266.00 38.84
254.00 277.00 240.00 277.00 38.52
288.00 268.00 251.00 217.00 36.60
231.00 263.00 253.00 200.00 35.65
208.00 242.00 245.00 263.00 35.65
279.00 255.00 237.00 201.00 36.71
257.00 254.00 243.00 266.00 34.53
267.00 263.00 239.00 285.00 39.84
258.00 265.00 252.00 264.00 34.48
240.00 279.00 258.00 226.00 39.05
244.00 268.00 238.00 288.00 36.87
234.00 276.00 247.00 273.00 37.29
256.00 258.00 230.00 209.00 41.07
245.00 275.00 237.00 277.00 41.76
224.00 248.00 220.00 246.00 40.91
243.00 252.00 237.00 200.00 35.01
202.00 243.00 224.00 255.00 40.59
234.00 244.00 249.00 268.00 39.42
274.00 257.00 253.00 285.00 38.36
310.00 267.00 250.00 256.00 34.69
285.00 260.00 250.00 269.00 39.58
288.00 264.00 243.00 277.00 35.81
280.00 261.00 257.00 228.00 36.34
236.00 258.00 245.00 261.00 41.12
246.00 238.00 252.00 283.00 40.85
242.00 232.00 243.00 228.00 40.54
191.00 224.00 237.00 201.00 38.46
203.00 220.00 226.00 210.00 41.28
240.00 220.00 225.00 218.00 41.81
226.00 214.00 223.00 222.00 40.27
181.00 222.00 227.00 226.00 36.13
260.00 234.00 232.00 236.00 40.85
231.00 228.00 235.00 247.00 38.04
235.00 230.00 230.00 225.00 33.79
239.00 229.00 230.00 262.00 38.89
235.00 224.00 234.00 232.00 37.03
242.00 214.00 232.00 251.00 34.21
242.00 218.00 221.00 229.00 40.06
225.00 213.00 227.00 247.00 40.64
236.00 212.00 212.00 212.00 36.44
213.00 218.00 220.00 240.00 33.89
196.00 216.00 215.00 223.00 37.93
231.00 229.00 215.00 243.00 39.79
247.00 228.00 222.00 184.00 41.54
198.00 224.00 228.00 244.00 35.75
226.00 223.00 235.00 256.00 37.40
255.00 224.00 232.00 211.00 38.36
228.00 226.00 229.00 232.00 41.54
234.00 228.00 230.00 237.00 33.10
245.00 223.00 232.00 245.00 39.21
250.00 212.00 223.00 198.00 41.23
243.00 231.00 231.00 259.00 38.78
231.00 233.00 220.00 220.00 39.95
238.00 235.00 226.00 250.00 40.00
256.00 235.00 213.00 239.00 37.24
250.00 234.00 213.00 219.00 39.31
235.00 214.00 218.00 216.00 41.28
204.00 233.00 216.00 230.00 37.88
248.00 238.00 231.00 236.00 35.97
252.00 251.00 238.00 252.00 40.85
248.00 251.00 232.00 253.00 37.72
262.00 255.00 238.00 220.00 41.28
182.00 254.00 228.00 240.00 32.78
255.00 236.00 235.00 241.00 33.42
255.00 236.00 221.00 225.00 33.84
226.00 238.00 222.00 246.00 33.47
244.00 239.00 214.00 222.00 41.01
240.00 231.00 209.00 225.00 40.38
222.00 222.00 207.00 246.00 37.88
217.00 226.00 199.00 237.00 37.14
212.00 227.00 198.00 241.00 37.35
223.00 237.00 203.00 239.00 32.41
227.00 233.00 211.00 253.00 33.26
220.00 236.00 218.00 248.00 40.16
221.00 238.00 219.00 259.00 34.05
234.00 242.00 215.00 258.00 41.07
215.00 244.00 214.00 265.00 36.34
232.00 240.00 211.00 251.00 38.36
226.00 227.00 214.00 249.00 40.59
220.00 226.00 210.00 239.00 39.69
220.00 230.00 210.00 235.00 36.60
226.00 227.00 207.00 251.00 40.16
227.00 219.00 204.00 243.00 33.58
218.00 215.00 202.00 230.00 39.90
208.00 217.00 198.00 238.00 36.29
209.00 214.00 196.00 220.00 32.19
207.00 224.00 194.00 246.00 35.59
212.00 228.00 196.00 241.00 36.66
217.00 234.00 205.00 247.00 40.75
226.00 246.00 204.00 245.00 33.04
215.00 233.00 200.00 249.00 33.84
224.00 231.00 195.00 241.00 30.76
223.00 226.00 190.00 247.00 40.69
218.00 221.00 175.00 235.00 31.34
202.00 205.00 169.00 225.00 35.12
197.00 210.00 164.00 219.00 40.48
192.00 216.00 165.00 218.00 40.48
197.00 218.00 169.00 197.00 39.95
197.00 223.00 177.00 193.00 29.17
195.00 224.00 178.00 190.00 39.74
190.00 216.00 173.00 186.00 37.77
186.00 208.00 166.00 182.00 32.73
182.00 204.00 162.00 180.00 27.84
183.00 201.00 160.00 179.00 27.94
176.00 199.00 159.00 177.00 38.99
174.00 202.00 160.00 174.00 29.27
175.00 205.00 160.00 172.00 33.36
179.00 203.00 161.00 176.00 33.26
180.00 205.00 167.00 176.00 33.36
185.00 202.00 168.00 174.00 30.92
179.00 203.00 163.00 167.00 34.74
175.00 191.00 155.00 163.00 31.18
168.00 100.00 90.00 98.00 33.04
124.00 62.00 42.00 50.00 25.23
63.00 32.00 20.00 38.00 36.07

