18.00 16.00 34.00 8.00 54.35
16.00 25.00 37.00 8.00 54.35
14.00 21.00 34.00 10.00 54.35
13.00 24.00 39.00 9.00 54.35
16.00 27.00 37.00 9.00 54.35
15.00 25.00 40.00 12.00 54.35
14.00 31.00 39.00 11.00 54.35
14.00 34.00 43.00 16.00 54.35
18.00 36.00 77.00 19.00 54.35
23.00 39.00 137.00 28.00 54.35
45.00 47.00 199.00 62.00 54.35
70.00 70.00 252.00 77.00 54.35
96.00 99.00 247.00 76.00 54.35
132.00 118.00 259.00 84.00 54.35
183.00 174.00 269.00 94.00 54.35
224.00 219.00 262.00 94.00 54.35
252.00 257.00 268.00 93.00 54.35
251.00 259.00 265.00 93.00 54.35
249.00 258.00 254.00 92.00 54.35
246.00 260.00 256.00 93.00 54.35
251.00 255.00 255.00 94.00 54.35
246.00 256.00 258.00 91.00 54.35
238.00 253.00 255.00 91.00 54.35
246.00 257.00 251.00 91.00 54.35
244.00 254.00 248.00 91.00 54.35
230.00 257.00 249.00 94.00 54.35
245.00 264.00 257.00 101.00 54.35
246.00 257.00 258.00 100.00 54.35
252.00 268.00 267.00 103.00 54.35
243.00 254.00 250.00 104.00 54.35
245.00 246.00 253.00 101.00 54.35
254.00 241.00 250.00 103.00 54.35
234.00 240.00 245.00 104.00 54.35
257.00 235.00 251.00 108.00 54.35
238.00 240.00 268.00 116.00 54.35
238.00 247.00 262.00 116.00 54.35
240.00 247.00 248.00 165.00 54.35
229.00 243.00 238.00 222.00 54.35
219.00 226.00 231.00 244.00 54.35
218.00 226.00 215.00 238.00 54.35
241.00 223.00 223.00 238.00 54.35
245.00 212.00 216.00 222.00 54.35
257.00 206.00 214.00 218.00 54.35
237.00 196.00 205.00 215.00 54.35
230.00 198.00 208.00 212.00 54.35
226.00 196.00 202.00 211.00 54.35
232.00 194.00 202.00 207.00 54.35
221.00 191.00 201.00 215.00 54.35
225.00 186.00 199.00 211.00 54.35
198.00 196.00 202.00 213.00 54.35
222.00 193.00 201.00 205.00 54.35
234.00 199.00 209.00 213.00 54.35
223.00 194.00 200.00 211.00 54.35
241.00 201.00 196.00 209.00 54.35
234.00 196.00 201.00 209.00 54.35
238.00 196.00 197.00 213.00 54.35
233.00 186.00 200.00 213.00 54.35
233.00 197.00 203.00 207.00 54.35
239.00 200.00 201.00 213.00 54.35
227.00 203.00 198.00 218.00 54.35
221.00 206.00 203.00 213.00 54.35
219.00 201.00 222.00 213.00 54.35
181.00 201.00 212.00 222.00 54.35
233.00 205.00 214.00 225.00 54.35
245.00 205.00 214.00 215.00 54.35
154.00 208.00 221.00 220.00 54.35
154.00 205.00 218.00 220.00 54.35
157.00 216.00 208.00 218.00 54.35
169.00 210.00 212.00 223.00 54.35
177.00 212.00 213.00 222.00 54.35
186.00 210.00 217.00 221.00 54.35
247.00 207.00 213.00 231.00 54.35
190.00 208.00 216.00 220.00 54.35
186.00 210.00 216.00 220.00 54.35
186.00 206.00 219.00 224.00 54.35
189.00 216.00 220.00 226.00 54.35
208.00 206.00 214.00 230.00 54.35
236.00 208.00 219.00 224.00 54.35
203.00 207.00 215.00 224.00 54.35
207.00 202.00 213.00 217.00 54.35
176.00 205.00 207.00 215.00 54.35
180.00 199.00 205.00 220.00 54.35
150.00 199.00 211.00 212.00 54.35
163.00 195.00 212.00 207.00 54.35
155.00 196.00 207.00 212.00 54.35
146.00 197.00 200.00 217.00 54.35
147.00 197.00 203.00 215.00 54.35
183.00 205.00 203.00 228.00 54.35
181.00 201.00 219.00 230.00 54.35
182.00 209.00 215.00 226.00 54.35
174.00 209.00 227.00 229.00 54.35
224.00 214.00 224.00 236.00 54.35
181.00 211.00 218.00 227.00 54.35
205.00 207.00 215.00 227.00 54.35
235.00 212.00 216.00 221.00 54.35
224.00 206.00 212.00 209.00 54.35
205.00 205.00 210.00 211.00 54.35
184.00 202.00 212.00 212.00 54.35
200.00 204.00 213.00 215.00 54.35
218.00 200.00 206.00 213.00 54.35
239.00 201.00 210.00 210.00 54.35
196.00 212.00 222.00 229.00 54.35
209.00 214.00 224.00 233.00 54.35
215.00 212.00 222.00 222.00 54.35
213.00 217.00 220.00 221.00 54.35
189.00 212.00 218.00 218.00 54.35
213.00 204.00 221.00 223.00 54.35
212.00 205.00 220.00 212.00 54.35
217.00 208.00 204.00 200.00 54.35
225.00 211.00 204.00 207.00 54.35
215.00 207.00 205.00 194.00 54.35
191.00 207.00 210.00 214.00 54.35
163.00 206.00 215.00 221.00 54.35
168.00 221.00 228.00 232.00 54.35
185.00 224.00 229.00 233.00 54.35
165.00 221.00 225.00 231.00 54.35
243.00 220.00 224.00 232.00 54.35
239.00 222.00 224.00 232.00 54.35
254.00 213.00 219.00 232.00 54.35
235.00 219.00 226.00 231.00 54.35
255.00 217.00 219.00 228.00 54.35
216.00 226.00 226.00 234.00 54.35
249.00 219.00 224.00 228.00 54.35
166.00 219.00 225.00 227.00 54.35
202.00 219.00 222.00 226.00 54.35
236.00 223.00 224.00 232.00 54.35
188.00 215.00 224.00 229.00 54.35
227.00 227.00 215.00 227.00 54.35
242.00 222.00 222.00 222.00 54.35
229.00 225.00 223.00 242.00 54.35
250.00 240.00 224.00 232.00 54.35
241.00 222.00 230.00 235.00 54.35
184.00 224.00 235.00 239.00 54.35
171.00 229.00 234.00 231.00 54.35
188.00 224.00 228.00 235.00 54.35
243.00 229.00 225.00 224.00 54.35
241.00 223.00 222.00 228.00 54.35
234.00 218.00 225.00 227.00 54.35
223.00 230.00 223.00 226.00 54.35
235.00 213.00 217.00 221.00 54.35
227.00 208.00 219.00 228.00 54.35
192.00 209.00 220.00 220.00 54.35
228.00 204.00 221.00 220.00 54.35
212.00 196.00 221.00 229.00 54.35
230.00 191.00 227.00 224.00 54.35
228.00 198.00 229.00 230.00 54.35
179.00 207.00 220.00 238.00 54.35
233.00 206.00 214.00 240.00 54.35
178.00 213.00 216.00 227.00 54.35
157.00 211.00 213.00 225.00 54.35
160.00 209.00 215.00 234.00 54.35
229.00 202.00 223.00 239.00 54.35
236.00 193.00 220.00 234.00 54.35
226.00 186.00 222.00 237.00 54.35
225.00 187.00 219.00 235.00 54.35
187.00 197.00 220.00 243.00 54.35
195.00 202.00 227.00 237.00 54.35
190.00 207.00 230.00 233.00 54.35
156.00 209.00 229.00 238.00 54.35
197.00 206.00 224.00 234.00 54.35
186.00 204.00 235.00 232.00 54.35
172.00 202.00 234.00 237.00 54.35
221.00 194.00 226.00 232.00 54.35
234.00 196.00 212.00 242.00 54.35
215.00 182.00 215.00 236.00 54.35
200.00 194.00 211.00 229.00 54.35
224.00 208.00 213.00 240.00 54.35
232.00 197.00 214.00 242.00 54.35
195.00 201.00 213.00 243.00 54.35
233.00 198.00 212.00 246.00 54.35
217.00 206.00 223.00 252.00 54.35
218.00 205.00 220.00 234.00 54.35
234.00 196.00 213.00 234.00 54.35
207.00 191.00 206.00 224.00 54.35
207.00 188.00 207.00 216.00 54.35
196.00 190.00 206.00 217.00 54.35
210.00 191.00 203.00 228.00 54.35
215.00 195.00 206.00 230.00 54.35
212.00 190.00 209.00 223.00 54.35
227.00 191.00 207.00 228.00 54.35
219.00 189.00 201.00 230.00 54.35
210.00 188.00 197.00 224.00 54.35
209.00 188.00 195.00 225.00 54.35
172.00 194.00 202.00 220.00 54.35
201.00 198.00 197.00 224.00 54.35
205.00 201.00 199.00 207.00 54.35
228.00 196.00 195.00 218.00 54.35
220.00 201.00 198.00 216.00 54.35
221.00 196.00 198.00 225.00 54.35
218.00 199.00 198.00 222.00 54.35
216.00 206.00 207.00 227.00 54.35
213.00 205.00 209.00 220.00 54.35
215.00 191.00 203.00 212.00 54.35
216.00 194.00 197.00 203.00 54.35
213.00 190.00 196.00 198.00 54.35
213.00 188.00 191.00 196.00 54.35
211.00 187.00 185.00 188.00 54.35
208.00 186.00 183.00 186.00 54.35
205.00 188.00 182.00 184.00 54.35
203.00 188.00 181.00 183.00 54.35
203.00 187.00 181.00 185.00 54.35
206.00 189.00 180.00 183.00 54.35
201.00 184.00 179.00 181.00 54.35
192.00 180.00 180.00 182.00 54.35
202.00 176.00 177.00 181.00 54.35
200.00 188.00 174.00 180.00 54.35
202.00 194.00 170.00 175.00 54.35
192.00 187.00 169.00 178.00 54.35
193.00 187.00 168.00 175.00 54.35
170.00 179.00 161.00 158.00 54.35
176.00 193.00 158.00 157.00 54.35
182.00 192.00 158.00 154.00 54.35
184.00 193.00 156.00 153.00 54.35
181.00 194.00 157.00 151.00 54.35
180.00 191.00 156.00 153.00 54.35
177.00 192.00 157.00 153.00 54.35
176.00 190.00 159.00 157.00 54.35
178.00 186.00 162.00 157.00 54.35
176.00 171.00 163.00 145.00 54.35
173.00 162.00 157.00 141.00 54.35
173.00 139.00 135.00 138.00 54.35
163.00 129.00 60.00 89.00 54.35
20.00 33.00 0.00 14.00 54.35
0.00 14.00 0.00 0.00 54.35
0.00 4.00 0.00 0.00 54.35
0.00 5.00 0.00 0.00 54.35
0.00 3.00 0.00 0.00 54.35
0.00 1.00 0.00 0.00 54.35
0.00 0.00 0.00 0.00 54.35
0.00 0.00 0.00 0.00 54.35
0.00 0.00 0.00 0.00 54.35
0.00 0.00 0.00 0.00 54.35
