55.00 65.00 106.00 34.00 54.35
101.00 123.00 202.00 40.00 54.35
141.00 175.00 226.00 85.00 54.35
223.00 216.00 226.00 139.00 54.35
254.00 231.00 232.00 149.00 54.35
254.00 229.00 227.00 175.00 54.35
244.00 234.00 232.00 198.00 54.35
252.00 237.00 231.00 236.00 54.35
260.00 241.00 242.00 246.00 54.35
254.00 241.00 234.00 247.00 54.35
260.00 233.00 231.00 247.00 54.35
256.00 236.00 219.00 249.00 54.35
242.00 243.00 227.00 244.00 54.35
236.00 243.00 233.00 260.00 54.35
257.00 235.00 240.00 251.00 54.35
247.00 244.00 237.00 237.00 54.35
262.00 241.00 235.00 252.00 54.35
252.00 235.00 227.00 251.00 54.35
265.00 245.00 222.00 254.00 54.35
246.00 243.00 237.00 253.00 54.35
252.00 249.00 239.00 256.00 54.35
256.00 251.00 232.00 260.00 54.35
254.00 253.00 237.00 257.00 54.35
259.00 253.00 251.00 270.00 54.35
281.00 248.00 249.00 270.00 54.35
272.00 242.00 243.00 269.00 54.35
259.00 237.00 227.00 259.00 54.35
253.00 226.00 230.00 248.00 54.35
248.00 226.00 235.00 239.00 54.35
247.00 225.00 228.00 248.00 54.35
243.00 230.00 234.00 248.00 54.35
251.00 223.00 222.00 234.00 54.35
238.00 220.00 210.00 230.00 54.35
243.00 233.00 208.00 215.00 54.35
230.00 213.00 199.00 214.00 54.35
224.00 205.00 217.00 210.00 54.35
236.00 217.00 230.00 209.00 54.35
244.00 218.00 224.00 209.00 54.35
244.00 219.00 228.00 208.00 54.35
241.00 221.00 219.00 209.00 54.35
236.00 218.00 212.00 201.00 54.35
230.00 218.00 200.00 202.00 54.35
223.00 219.00 211.00 208.00 54.35
244.00 218.00 210.00 212.00 54.35
237.00 217.00 209.00 221.00 54.35
244.00 218.00 221.00 248.00 54.35
236.00 221.00 205.00 226.00 54.35
235.00 220.00 216.00 246.00 54.35
220.00 229.00 231.00 219.00 54.35
158.00 196.00 206.00 201.00 54.35
215.00 239.00 212.00 230.00 54.35
222.00 239.00 210.00 232.00 54.35
219.00 244.00 213.00 223.00 54.35
222.00 232.00 215.00 232.00 54.35
224.00 236.00 214.00 228.00 54.35
219.00 231.00 202.00 226.00 54.35
218.00 211.00 223.00 226.00 54.35
213.00 210.00 201.00 220.00 54.35
210.00 209.00 210.00 220.00 54.35
218.00 215.00 208.00 219.00 54.35
214.00 216.00 209.00 235.00 54.35
220.00 214.00 204.00 231.00 54.35
212.00 211.00 208.00 225.00 54.35
208.00 219.00 205.00 221.00 54.35
213.00 205.00 210.00 215.00 54.35
216.00 207.00 204.00 212.00 54.35
207.00 215.00 209.00 220.00 54.35
211.00 220.00 209.00 225.00 54.35
215.00 211.00 208.00 210.00 54.35
214.00 213.00 211.00 226.00 54.35
208.00 224.00 204.00 225.00 54.35
214.00 205.00 192.00 219.00 54.35
207.00 206.00 206.00 226.00 54.35
210.00 216.00 202.00 224.00 54.35
213.00 215.00 209.00 231.00 54.35
219.00 212.00 203.00 231.00 54.35
218.00 202.00 224.00 233.00 54.35
226.00 209.00 211.00 238.00 54.35
212.00 216.00 219.00 242.00 54.35
221.00 221.00 216.00 243.00 54.35
226.00 227.00 221.00 251.00 54.35
225.00 225.00 212.00 250.00 54.35
241.00 227.00 232.00 239.00 54.35
229.00 212.00 210.00 237.00 54.35
226.00 232.00 216.00 238.00 54.35
228.00 216.00 227.00 235.00 54.35
220.00 212.00 225.00 233.00 54.35
213.00 222.00 225.00 233.00 54.35
227.00 211.00 216.00 226.00 54.35
206.00 216.00 201.00 222.00 54.35
202.00 192.00 202.00 238.00 54.35
203.00 218.00 201.00 231.00 54.35
227.00 213.00 215.00 228.00 54.35
222.00 191.00 208.00 222.00 54.35
236.00 212.00 200.00 219.00 54.35
217.00 199.00 216.00 212.00 54.35
206.00 196.00 204.00 211.00 54.35
204.00 201.00 206.00 211.00 54.35
199.00 198.00 207.00 218.00 54.35
208.00 213.00 207.00 230.00 54.35
217.00 211.00 215.00 235.00 54.35
214.00 197.00 216.00 229.00 54.35
210.00 219.00 222.00 227.00 54.35
218.00 220.00 216.00 234.00 54.35
221.00 208.00 225.00 227.00 54.35
220.00 212.00 224.00 234.00 54.35
223.00 219.00 226.00 227.00 54.35
218.00 222.00 227.00 225.00 54.35
222.00 218.00 221.00 236.00 54.35
223.00 206.00 222.00 226.00 54.35
216.00 210.00 224.00 219.00 54.35
226.00 210.00 220.00 222.00 54.35
215.00 212.00 215.00 232.00 54.35
222.00 176.00 212.00 221.00 54.35
209.00 192.00 218.00 226.00 54.35
212.00 195.00 220.00 219.00 54.35
212.00 218.00 217.00 228.00 54.35
203.00 211.00 221.00 226.00 54.35
205.00 215.00 229.00 227.00 54.35
199.00 213.00 213.00 224.00 54.35
204.00 210.00 214.00 226.00 54.35
194.00 199.00 207.00 220.00 54.35
186.00 201.00 217.00 230.00 54.35
192.00 205.00 217.00 232.00 54.35
205.00 224.00 224.00 231.00 54.35
216.00 221.00 220.00 245.00 54.35
201.00 222.00 230.00 230.00 54.35
203.00 221.00 223.00 223.00 54.35
204.00 208.00 221.00 223.00 54.35
196.00 204.00 216.00 227.00 54.35
192.00 200.00 214.00 222.00 54.35
192.00 196.00 216.00 218.00 54.35
207.00 194.00 207.00 215.00 54.35
202.00 185.00 206.00 204.00 54.35
183.00 181.00 206.00 216.00 54.35
193.00 191.00 211.00 209.00 54.35
189.00 186.00 217.00 212.00 54.35
209.00 194.00 215.00 214.00 54.35
207.00 194.00 216.00 224.00 54.35
208.00 192.00 211.00 216.00 54.35
192.00 180.00 201.00 232.00 54.35
187.00 172.00 194.00 211.00 54.35
186.00 170.00 191.00 220.00 54.35
191.00 166.00 190.00 224.00 54.35
175.00 160.00 185.00 217.00 54.35
174.00 160.00 179.00 215.00 54.35
194.00 163.00 195.00 224.00 54.35
214.00 172.00 196.00 223.00 54.35
200.00 175.00 201.00 227.00 54.35
181.00 181.00 194.00 210.00 54.35
175.00 180.00 188.00 221.00 54.35
192.00 177.00 186.00 217.00 54.35
191.00 168.00 186.00 215.00 54.35
182.00 169.00 181.00 206.00 54.35
164.00 168.00 181.00 210.00 54.35
171.00 160.00 171.00 202.00 54.35
163.00 157.00 172.00 204.00 54.35
161.00 157.00 169.00 199.00 54.35
153.00 156.00 168.00 203.00 54.35
153.00 162.00 164.00 204.00 54.35
153.00 162.00 164.00 206.00 54.35
161.00 164.00 171.00 205.00 54.35
157.00 161.00 164.00 188.00 54.35
158.00 161.00 157.00 188.00 54.35
156.00 158.00 155.00 186.00 54.35
152.00 157.00 148.00 183.00 54.35
156.00 155.00 147.00 184.00 54.35
153.00 154.00 141.00 182.00 54.35
152.00 152.00 142.00 178.00 54.35
149.00 150.00 140.00 181.00 54.35
149.00 150.00 139.00 183.00 54.35
149.00 157.00 145.00 184.00 54.35
154.00 154.00 147.00 185.00 54.35
153.00 157.00 143.00 183.00 54.35
151.00 150.00 139.00 183.00 54.35
147.00 149.00 136.00 182.00 54.35
148.00 148.00 142.00 182.00 54.35
153.00 151.00 143.00 184.00 54.35
159.00 153.00 145.00 184.00 54.35
158.00 153.00 140.00 180.00 54.35
154.00 150.00 136.00 181.00 54.35
152.00 148.00 135.00 178.00 54.35
151.00 148.00 135.00 181.00 54.35
152.00 149.00 132.00 181.00 54.35
151.00 147.00 133.00 179.00 54.35
151.00 148.00 134.00 180.00 54.35
156.00 151.00 139.00 181.00 54.35
153.00 149.00 135.00 175.00 54.35
153.00 143.00 128.00 168.00 54.35
149.00 144.00 127.00 166.00 54.35
146.00 129.00 28.00 34.00 54.35
65.00 5.00 4.00 4.00 54.35
29.00 0.00 15.00 5.00 54.35
34.00 5.00 6.00 15.00 54.35
7.00 0.00 1.00 2.00 54.35
0.00 1.00 0.00 0.00 54.35
0.00 0.00 0.00 0.00 54.35
0.00 0.00 0.00 0.00 54.35
0.00 0.00 0.00 0.00 54.35
0.00 0.00 0.00 0.00 54.35
0.00 0.00 1.00 0.00 54.35
0.00 0.00 0.00 0.00 54.35
0.00 0.00 0.00 0.00 54.35
