26.00 26.00 84.00 24.00 32.03
33.00 42.00 158.00 23.00 30.18
40.00 46.00 216.00 47.00 34.43
44.00 43.00 208.00 83.00 31.34
41.00 33.00 196.00 86.00 24.33
36.00 30.00 208.00 85.00 33.68
43.00 39.00 197.00 84.00 30.87
32.00 42.00 173.00 73.00 32.46
55.00 43.00 173.00 67.00 33.84
41.00 45.00 194.00 67.00 34.85
45.00 48.00 206.00 67.00 26.08
37.00 48.00 204.00 66.00 32.94
38.00 46.00 197.00 67.00 28.16
40.00 42.00 194.00 64.00 28.85
40.00 48.00 195.00 65.00 23.91
42.00 45.00 195.00 70.00 22.74
43.00 50.00 203.00 69.00 34.74
45.00 50.00 200.00 70.00 35.06
44.00 49.00 199.00 68.00 27.73
44.00 46.00 192.00 69.00 23.59
45.00 48.00 191.00 69.00 24.12
47.00 50.00 188.00 69.00 23.27
37.00 48.00 189.00 68.00 35.49
35.00 48.00 196.00 73.00 22.68
41.00 54.00 202.00 79.00 22.90
47.00 60.00 208.00 84.00 23.16
61.00 63.00 219.00 108.00 27.04
59.00 68.00 223.00 170.00 35.54
100.00 71.00 228.00 268.00 34.37
172.00 80.00 222.00 270.00 33.89
220.00 92.00 227.00 273.00 37.08
231.00 86.00 228.00 281.00 28.48
229.00 105.00 232.00 287.00 26.99
252.00 119.00 235.00 276.00 32.03
250.00 145.00 240.00 295.00 27.47
257.00 198.00 242.00 283.00 38.78
253.00 251.00 235.00 285.00 37.51
252.00 256.00 236.00 273.00 40.32
252.00 264.00 238.00 265.00 31.34
247.00 263.00 239.00 268.00 40.75
234.00 266.00 241.00 260.00 36.71
234.00 248.00 242.00 283.00 37.77
260.00 259.00 248.00 279.00 36.60
268.00 261.00 260.00 278.00 40.69
270.00 271.00 269.00 292.00 41.23
272.00 267.00 268.00 284.00 37.51
252.00 266.00 262.00 282.00 39.63
259.00 276.00 254.00 274.00 36.55
272.00 266.00 258.00 255.00 40.27
253.00 264.00 259.00 266.00 39.26
249.00 261.00 245.00 282.00 41.60
264.00 253.00 244.00 279.00 36.07
266.00 249.00 240.00 275.00 41.81
252.00 254.00 249.00 272.00 41.86
253.00 264.00 245.00 265.00 35.49
288.00 271.00 251.00 274.00 39.47
276.00 261.00 249.00 268.00 41.23
266.00 256.00 239.00 268.00 37.40
264.00 245.00 232.00 263.00 39.47
258.00 244.00 221.00 258.00 35.81
257.00 238.00 211.00 258.00 36.92
259.00 249.00 216.00 262.00 39.05
252.00 257.00 224.00 263.00 32.67
260.00 264.00 226.00 269.00 40.59
258.00 256.00 228.00 267.00 40.80
263.00 260.00 229.00 256.00 38.09
253.00 244.00 230.00 261.00 31.98
258.00 246.00 225.00 257.00 40.91
254.00 244.00 222.00 256.00 34.53
263.00 244.00 212.00 261.00 32.14
257.00 247.00 215.00 263.00 39.53
250.00 262.00 229.00 267.00 40.75
258.00 270.00 242.00 276.00 32.51
255.00 278.00 247.00 280.00 32.83
282.00 276.00 244.00 285.00 36.87
277.00 261.00 242.00 281.00 36.82
262.00 256.00 250.00 276.00 33.10
272.00 271.00 235.00 286.00 36.98
254.00 254.00 240.00 287.00 34.69
257.00 259.00 241.00 271.00 37.19
245.00 244.00 232.00 269.00 36.13
251.00 251.00 233.00 269.00 37.83
259.00 261.00 233.00 267.00 37.14
231.00 259.00 231.00 277.00 40.54
250.00 256.00 228.00 275.00 42.08
260.00 258.00 241.00 277.00 39.47
260.00 270.00 247.00 270.00 41.65
246.00 287.00 246.00 286.00 42.18
248.00 277.00 245.00 280.00 41.39
250.00 268.00 238.00 275.00 37.19
252.00 252.00 250.00 286.00 41.23
255.00 265.00 250.00 270.00 41.07
260.00 259.00 257.00 269.00 42.29
239.00 261.00 225.00 272.00 42.02
235.00 251.00 235.00 266.00 38.04
236.00 250.00 238.00 271.00 37.40
228.00 243.00 217.00 260.00 42.18
232.00 258.00 219.00 255.00 41.01
224.00 244.00 240.00 264.00 37.88
233.00 235.00 231.00 273.00 36.23
219.00 239.00 231.00 251.00 38.94
222.00 240.00 235.00 264.00 39.74
238.00 244.00 256.00 264.00 35.65
238.00 256.00 248.00 272.00 42.50
249.00 257.00 246.00 264.00 41.39
243.00 248.00 211.00 267.00 41.39
246.00 252.00 233.00 266.00 42.50
235.00 262.00 244.00 260.00 40.91
229.00 244.00 230.00 256.00 41.01
235.00 247.00 229.00 265.00 37.67
231.00 251.00 225.00 261.00 41.86
234.00 251.00 233.00 262.00 40.16
230.00 231.00 227.00 263.00 41.01
231.00 247.00 226.00 252.00 37.67
228.00 249.00 229.00 265.00 36.18
224.00 264.00 223.00 256.00 41.33
223.00 234.00 227.00 259.00 35.49
229.00 252.00 238.00 253.00 38.46
231.00 244.00 223.00 257.00 35.28
227.00 231.00 210.00 246.00 36.02
227.00 235.00 220.00 246.00 42.29
233.00 232.00 229.00 264.00 39.15
227.00 245.00 223.00 255.00 37.40
225.00 249.00 213.00 250.00 42.29
222.00 256.00 217.00 249.00 41.81
225.00 246.00 222.00 249.00 41.54
223.00 246.00 223.00 259.00 41.92
224.00 259.00 235.00 273.00 38.78
237.00 221.00 217.00 247.00 40.16
237.00 244.00 226.00 253.00 40.32
235.00 244.00 229.00 268.00 42.45
246.00 260.00 236.00 269.00 40.22
235.00 269.00 229.00 279.00 40.91
235.00 262.00 247.00 275.00 39.58
246.00 275.00 242.00 273.00 36.44
236.00 254.00 232.00 289.00 40.54
233.00 264.00 233.00 272.00 40.38
234.00 237.00 229.00 260.00 42.61
222.00 248.00 220.00 257.00 38.36
237.00 251.00 226.00 265.00 40.48
233.00 248.00 219.00 258.00 41.76
231.00 255.00 231.00 260.00 40.96
235.00 245.00 224.00 255.00 42.61
232.00 218.00 221.00 254.00 40.59
212.00 222.00 231.00 251.00 37.51
215.00 245.00 230.00 255.00 39.58
226.00 257.00 210.00 247.00 40.43
223.00 241.00 213.00 246.00 37.93
231.00 227.00 220.00 240.00 36.66
236.00 237.00 228.00 242.00 42.29
225.00 240.00 217.00 258.00 39.53
225.00 235.00 209.00 253.00 36.07
238.00 230.00 226.00 257.00 38.25
239.00 226.00 224.00 257.00 42.13
240.00 227.00 233.00 268.00 41.54
238.00 254.00 228.00 269.00 41.81
226.00 261.00 231.00 278.00 37.35
248.00 261.00 231.00 269.00 38.78
243.00 258.00 232.00 265.00 40.11
236.00 254.00 241.00 262.00 40.43
241.00 248.00 252.00 251.00 39.74
249.00 253.00 235.00 266.00 42.13
237.00 275.00 231.00 275.00 41.49
241.00 249.00 232.00 259.00 36.18
245.00 258.00 238.00 276.00 39.37
238.00 243.00 259.00 264.00 35.75
228.00 257.00 235.00 256.00 41.70
239.00 263.00 238.00 259.00 41.81
247.00 250.00 240.00 250.00 42.50
240.00 250.00 222.00 260.00 40.59
229.00 251.00 237.00 247.00 40.91
224.00 243.00 233.00 247.00 41.92
227.00 246.00 248.00 254.00 42.39
258.00 272.00 231.00 251.00 35.28
232.00 263.00 223.00 253.00 41.86
236.00 244.00 216.00 244.00 36.60
219.00 248.00 223.00 252.00 40.80
247.00 256.00 221.00 251.00 41.86
237.00 259.00 223.00 235.00 37.45
212.00 241.00 220.00 237.00 37.83
232.00 247.00 223.00 242.00 38.04
237.00 250.00 225.00 239.00 42.24
212.00 224.00 219.00 237.00 39.05
228.00 246.00 215.00 236.00 41.44
207.00 228.00 209.00 241.00 40.22
199.00 235.00 209.00 236.00 36.07
214.00 227.00 205.00 231.00 38.09
240.00 231.00 208.00 233.00 33.84
217.00 227.00 211.00 229.00 37.83
201.00 217.00 206.00 233.00 41.23
225.00 228.00 211.00 235.00 38.41
217.00 226.00 205.00 228.00 35.81
209.00 226.00 201.00 236.00 36.55
213.00 223.00 203.00 231.00 35.38
219.00 228.00 200.00 230.00 40.27
211.00 219.00 197.00 231.00 40.54
214.00 224.00 206.00 233.00 41.49
232.00 225.00 204.00 248.00 34.32
215.00 238.00 212.00 264.00 40.54
233.00 228.00 203.00 256.00 35.33
234.00 231.00 199.00 251.00 40.38
217.00 217.00 206.00 261.00 35.54
236.00 230.00 212.00 259.00 41.28
232.00 249.00 209.00 255.00 41.33
222.00 226.00 197.00 249.00 32.09
228.00 231.00 206.00 242.00 31.98
222.00 223.00 211.00 242.00 32.19
221.00 247.00 210.00 240.00 33.04
223.00 232.00 207.00 245.00 31.88
221.00 219.00 209.00 243.00 37.88
228.00 233.00 205.00 247.00 40.80
227.00 240.00 202.00 238.00 33.79
225.00 237.00 210.00 236.00 34.11
206.00 232.00 211.00 236.00 34.32
222.00 221.00 205.00 231.00 33.58
201.00 234.00 202.00 231.00 36.07
208.00 229.00 194.00 226.00 35.75
218.00 224.00 193.00 223.00 40.00
215.00 230.00 192.00 222.00 37.83
211.00 230.00 187.00 220.00 40.27
214.00 224.00 190.00 217.00 32.67
210.00 240.00 190.00 212.00 40.80
214.00 244.00 184.00 214.00 37.83
210.00 240.00 188.00 221.00 36.02
213.00 230.00 194.00 228.00 30.28
213.00 239.00 195.00 222.00 31.50
202.00 241.00 193.00 216.00 39.21
202.00 238.00 197.00 217.00 30.71
190.00 230.00 191.00 213.00 30.33
190.00 230.00 184.00 211.00 39.79
187.00 226.00 185.00 209.00 39.63
180.00 227.00 185.00 210.00 40.16
179.00 244.00 183.00 207.00 32.46
187.00 230.00 181.00 202.00 29.64
175.00 223.00 186.00 207.00 34.64
172.00 217.00 182.00 203.00 28.58
173.00 226.00 181.00 204.00 34.16
168.00 232.00 183.00 207.00 37.99
169.00 227.00 187.00 206.00 33.52
167.00 216.00 180.00 203.00 29.27
166.00 220.00 187.00 199.00 36.34
164.00 215.00 177.00 193.00 34.05
165.00 221.00 181.00 186.00 29.27
161.00 217.00 175.00 185.00 28.95
162.00 232.00 172.00 180.00 39.31
160.00 236.00 180.00 189.00 28.37
163.00 233.00 175.00 193.00 34.37
160.00 243.00 181.00 190.00 28.42
161.00 239.00 179.00 192.00 34.58
161.00 222.00 175.00 189.00 37.19
159.00 231.00 178.00 196.00 29.22
158.00 227.00 170.00 200.00 36.98
161.00 224.00 172.00 196.00 27.94
157.00 231.00 171.00 189.00 35.65
158.00 216.00 168.00 196.00 38.89
160.00 208.00 169.00 193.00 33.52
157.00 217.00 167.00 189.00 31.13
159.00 213.00 170.00 186.00 30.71
160.00 214.00 172.00 184.00 34.16
161.00 214.00 176.00 196.00 28.74
162.00 222.00 178.00 203.00 36.55
169.00 211.00 183.00 195.00 30.60
172.00 219.00 179.00 190.00 33.52
169.00 218.00 179.00 191.00 27.47
167.00 212.00 179.00 186.00 38.62
168.00 206.00 175.00 192.00 33.20
165.00 205.00 178.00 189.00 34.43
162.00 212.00 177.00 184.00 36.29
165.00 206.00 174.00 183.00 38.57
162.00 214.00 170.00 187.00 28.90
166.00 216.00 172.00 187.00 29.70
166.00 234.00 174.00 196.00 25.82
159.00 228.00 169.00 181.00 28.74
153.00 228.00 164.00 179.00 32.30
151.00 223.00 162.00 176.00 33.58
153.00 230.00 163.00 180.00 31.82
153.00 233.00 161.00 184.00 37.03
154.00 235.00 180.00 182.00 31.45
154.00 232.00 160.00 179.00 37.19
154.00 232.00 160.00 178.00 30.81
154.00 237.00 162.00 188.00 37.14
155.00 215.00 165.00 194.00 31.77
157.00 211.00 161.00 192.00 32.30
153.00 218.00 159.00 191.00 25.34
153.00 218.00 160.00 179.00 25.55
153.00 211.00 159.00 183.00 26.40
154.00 214.00 160.00 185.00 28.74
154.00 228.00 158.00 184.00 37.51
152.00 221.00 156.00 176.00 29.33
154.00 231.00 156.00 174.00 37.08
150.00 224.00 155.00 179.00 28.16
154.00 231.00 159.00 189.00 28.26
152.00 225.00 157.00 188.00 30.71
150.00 222.00 153.00 186.00 29.70
152.00 228.00 152.00 178.00 25.87
156.00 229.00 152.00 186.00 27.04
163.00 233.00 152.00 189.00 24.81
154.00 210.00 154.00 190.00 37.61
155.00 217.00 155.00 193.00 37.19
152.00 217.00 152.00 185.00 30.44
151.00 226.00 152.00 182.00 25.50
148.00 225.00 151.00 182.00 24.86
145.00 203.00 152.00 178.00 25.39
146.00 197.00 148.00 177.00 25.23
143.00 197.00 148.00 181.00 35.97
145.00 194.00 149.00 180.00 32.94
142.00 190.00 149.00 179.00 25.23
142.00 190.00 150.00 179.00 33.47
144.00 187.00 146.00 175.00 26.99
150.00 188.00 144.00 173.00 24.81
148.00 187.00 145.00 183.00 36.23
145.00 194.00 148.00 185.00 30.87
146.00 184.00 149.00 178.00 37.08
143.00 189.00 144.00 174.00 26.19
142.00 190.00 143.00 177.00 25.13
140.00 185.00 145.00 178.00 37.08
141.00 182.00 144.00 178.00 37.08
142.00 185.00 144.00 176.00 26.19
142.00 184.00 143.00 173.00 31.03
142.00 184.00 138.00 169.00 25.55
137.00 177.00 132.00 169.00 31.88
137.00 175.00 68.00 79.00 29.54
93.00 94.00 71.00 79.00 29.70
80.00 97.00 66.00 33.00 32.03

