4.00 8.00 33.00 17.00 28.95
5.00 8.00 33.00 18.00 24.54
5.00 9.00 34.00 16.00 22.84
5.00 8.00 33.00 18.00 22.84
5.00 8.00 33.00 17.00 25.29
5.00 8.00 33.00 16.00 20.29
5.00 9.00 34.00 16.00 23.96
6.00 9.00 33.00 17.00 28.48
6.00 11.00 34.00 17.00 33.26
7.00 11.00 34.00 17.00 32.99
7.00 11.00 33.00 18.00 32.78
7.00 11.00 33.00 18.00 21.09
8.00 12.00 34.00 18.00 22.84
8.00 12.00 35.00 19.00 32.46
8.00 13.00 36.00 21.00 26.35
10.00 16.00 36.00 21.00 24.76
19.00 21.00 54.00 23.00 28.32
22.00 27.00 83.00 30.00 34.32
30.00 38.00 126.00 30.00 30.76
34.00 46.00 180.00 40.00 35.59
39.00 63.00 226.00 55.00 31.98
41.00 76.00 234.00 73.00 25.13
49.00 92.00 249.00 93.00 25.29
67.00 128.00 254.00 154.00 36.13
79.00 171.00 267.00 213.00 27.47
96.00 215.00 268.00 284.00 27.84
126.00 250.00 279.00 298.00 37.93
167.00 233.00 282.00 303.00 30.92
196.00 241.00 287.00 300.00 31.34
237.00 252.00 279.00 296.00 32.35
246.00 238.00 271.00 293.00 38.41
259.00 246.00 287.00 304.00 30.65
248.00 249.00 278.00 307.00 40.22
238.00 236.00 274.00 301.00 39.05
272.00 247.00 271.00 297.00 38.25
285.00 258.00 280.00 299.00 39.69
260.00 254.00 286.00 294.00 41.23
274.00 261.00 295.00 271.00 39.53
286.00 272.00 296.00 240.00 39.69
276.00 272.00 299.00 205.00 32.62
285.00 283.00 308.00 188.00 39.58
262.00 269.00 288.00 153.00 32.62
256.00 261.00 284.00 127.00 37.24
240.00 261.00 286.00 133.00 36.87
259.00 268.00 278.00 132.00 34.48
262.00 265.00 287.00 139.00 40.11
262.00 272.00 294.00 132.00 39.10
259.00 274.00 297.00 124.00 41.12
266.00 275.00 292.00 96.00 40.69
260.00 271.00 288.00 100.00 30.87
244.00 255.00 281.00 87.00 31.03
238.00 259.00 266.00 89.00 40.43
252.00 262.00 285.00 97.00 30.60
265.00 263.00 284.00 106.00 32.73
260.00 269.00 290.00 107.00 39.79
246.00 274.00 300.00 113.00 37.08
243.00 279.00 302.00 132.00 38.09
246.00 280.00 305.00 117.00 39.95
261.00 276.00 303.00 108.00 36.87
246.00 276.00 291.00 103.00 40.00
269.00 269.00 295.00 121.00 33.63
277.00 264.00 276.00 132.00 30.97
276.00 275.00 284.00 126.00 38.20
294.00 277.00 301.00 143.00 37.45
280.00 278.00 313.00 166.00 32.19
229.00 280.00 314.00 159.00 39.37
277.00 287.00 301.00 165.00 32.73
280.00 273.00 288.00 169.00 31.40
229.00 283.00 289.00 178.00 30.65
271.00 280.00 295.00 209.00 36.60
269.00 266.00 297.00 211.00 39.90
281.00 276.00 297.00 233.00 40.22
321.00 288.00 296.00 266.00 41.07
318.00 302.00 290.00 288.00 40.54
320.00 296.00 279.00 284.00 31.66
323.00 289.00 300.00 282.00 34.27
309.00 279.00 284.00 277.00 40.38
281.00 270.00 279.00 271.00 41.54
286.00 278.00 281.00 277.00 36.23
311.00 277.00 283.00 277.00 41.54
288.00 279.00 303.00 300.00 37.40
294.00 289.00 307.00 296.00 38.41
287.00 269.00 258.00 297.00 41.49
296.00 291.00 267.00 315.00 41.39
304.00 286.00 253.00 316.00 41.92
291.00 276.00 296.00 319.00 41.01
312.00 279.00 282.00 313.00 37.99
304.00 281.00 262.00 288.00 42.02
292.00 279.00 262.00 280.00 41.01
280.00 270.00 264.00 278.00 37.35
288.00 267.00 242.00 275.00 42.08
266.00 267.00 230.00 276.00 37.24
260.00 275.00 265.00 293.00 36.71
279.00 279.00 276.00 299.00 35.01
252.00 292.00 264.00 296.00 37.19
259.00 295.00 285.00 296.00 39.79
276.00 295.00 264.00 324.00 37.51
286.00 300.00 285.00 298.00 36.07
248.00 281.00 259.00 288.00 36.55
231.00 269.00 248.00 280.00 42.24
270.00 271.00 236.00 291.00 39.58
250.00 275.00 262.00 310.00 42.50
227.00 280.00 287.00 300.00 38.94
256.00 284.00 258.00 304.00 39.37
252.00 304.00 269.00 306.00 41.12
276.00 292.00 250.00 304.00 37.88
258.00 300.00 251.00 302.00 35.54
258.00 292.00 250.00 284.00 42.34
251.00 294.00 226.00 280.00 40.91
212.00 274.00 251.00 272.00 38.30
221.00 270.00 272.00 281.00 36.02
256.00 274.00 257.00 278.00 42.08
230.00 282.00 262.00 279.00 42.02
246.00 274.00 239.00 287.00 35.59
258.00 267.00 249.00 284.00 40.48
265.00 271.00 252.00 311.00 35.43
277.00 272.00 276.00 290.00 41.65
253.00 287.00 275.00 292.00 35.75
273.00 291.00 258.00 303.00 36.76
259.00 297.00 266.00 299.00 39.37
256.00 284.00 255.00 287.00 38.36
235.00 293.00 293.00 314.00 42.24
263.00 290.00 270.00 276.00 38.14
266.00 287.00 245.00 278.00 35.43
267.00 273.00 258.00 266.00 40.91
228.00 269.00 241.00 242.00 41.81
268.00 276.00 250.00 285.00 37.56
270.00 275.00 255.00 258.00 40.16
273.00 274.00 268.00 265.00 39.63
273.00 268.00 262.00 273.00 38.94
291.00 282.00 241.00 256.00 38.04
279.00 289.00 260.00 270.00 41.60
296.00 281.00 245.00 267.00 40.96
311.00 292.00 246.00 268.00 36.29
295.00 283.00 245.00 278.00 39.47
268.00 255.00 228.00 282.00 42.34
261.00 257.00 247.00 254.00 40.43
267.00 251.00 241.00 234.00 38.46
255.00 263.00 231.00 280.00 42.29
267.00 282.00 241.00 252.00 39.79
258.00 263.00 242.00 262.00 41.97
283.00 275.00 269.00 259.00 42.08
248.00 292.00 255.00 265.00 40.38
251.00 280.00 252.00 252.00 40.75
269.00 272.00 230.00 241.00 35.38
277.00 270.00 220.00 251.00 41.01
266.00 277.00 249.00 247.00 42.29
232.00 274.00 242.00 240.00 36.92
264.00 263.00 240.00 226.00 41.97
238.00 277.00 236.00 260.00 39.31
307.00 288.00 243.00 263.00 41.97
315.00 286.00 247.00 265.00 40.75
286.00 272.00 239.00 262.00 42.02
285.00 316.00 260.00 258.00 38.78
263.00 303.00 274.00 277.00 41.70
280.00 276.00 261.00 269.00 38.20
292.00 278.00 240.00 264.00 38.84
272.00 281.00 252.00 262.00 42.02
253.00 254.00 239.00 260.00 40.54
262.00 249.00 236.00 256.00 41.33
259.00 273.00 229.00 259.00 39.15
270.00 269.00 252.00 260.00 39.58
269.00 288.00 261.00 270.00 41.86
235.00 278.00 257.00 271.00 36.82
285.00 289.00 265.00 283.00 40.85
275.00 296.00 265.00 286.00 38.62
289.00 303.00 264.00 280.00 37.45
295.00 290.00 247.00 268.00 42.34
285.00 287.00 228.00 251.00 39.26
249.00 262.00 247.00 249.00 39.47
252.00 269.00 247.00 261.00 41.54
256.00 271.00 236.00 262.00 36.34
244.00 273.00 268.00 253.00 40.75
270.00 286.00 262.00 254.00 42.08
253.00 296.00 253.00 268.00 39.53
298.00 301.00 281.00 266.00 36.29
266.00 277.00 248.00 262.00 40.22
262.00 285.00 262.00 253.00 41.07
275.00 282.00 251.00 241.00 42.24
265.00 270.00 265.00 243.00 42.02
262.00 269.00 262.00 245.00 36.92
259.00 275.00 255.00 232.00 36.82
261.00 273.00 257.00 248.00 39.95
277.00 250.00 252.00 241.00 37.45
256.00 269.00 270.00 258.00 41.92
262.00 280.00 266.00 242.00 42.24
288.00 283.00 256.00 249.00 42.13
275.00 285.00 260.00 249.00 38.14
259.00 289.00 249.00 250.00 41.54
266.00 272.00 252.00 235.00 38.73
270.00 288.00 267.00 252.00 38.84
271.00 277.00 268.00 249.00 41.92
256.00 296.00 275.00 248.00 42.18
292.00 297.00 259.00 249.00 42.08
268.00 274.00 276.00 253.00 42.18
264.00 285.00 271.00 255.00 36.98
250.00 284.00 265.00 247.00 37.61
256.00 291.00 274.00 250.00 41.54
250.00 270.00 291.00 240.00 38.09
243.00 282.00 276.00 235.00 39.74
268.00 275.00 256.00 224.00 36.13
246.00 277.00 249.00 231.00 41.86
276.00 280.00 233.00 230.00 35.28
261.00 257.00 239.00 230.00 41.97
246.00 250.00 246.00 215.00 40.69
244.00 254.00 242.00 204.00 39.37
233.00 251.00 236.00 194.00 39.63
233.00 255.00 231.00 191.00 37.45
234.00 250.00 226.00 189.00 41.44
235.00 248.00 244.00 184.00 38.57
221.00 248.00 238.00 185.00 33.04
214.00 216.00 237.00 188.00 35.43
225.00 250.00 240.00 191.00 39.69
242.00 258.00 243.00 189.00 32.57
250.00 265.00 239.00 186.00 32.19
220.00 244.00 241.00 191.00 40.38
219.00 242.00 241.00 183.00 40.64
200.00 237.00 241.00 196.00 39.10
195.00 227.00 235.00 217.00 38.78
187.00 235.00 232.00 218.00 34.11
200.00 235.00 227.00 218.00 30.12
203.00 233.00 226.00 216.00 38.78
200.00 231.00 220.00 211.00 37.72
199.00 229.00 217.00 210.00 40.00
201.00 228.00 215.00 209.00 39.95
204.00 229.00 213.00 214.00 29.75
202.00 225.00 211.00 213.00 32.09
207.00 228.00 212.00 213.00 31.61
211.00 226.00 211.00 213.00 35.91
211.00 229.00 211.00 219.00 28.00
214.00 226.00 212.00 221.00 39.31
210.00 222.00 210.00 219.00 38.20
211.00 227.00 202.00 217.00 38.57
207.00 222.00 200.00 211.00 31.72
206.00 220.00 202.00 211.00 27.73
204.00 214.00 207.00 208.00 36.66
203.00 204.00 209.00 206.00 38.94
197.00 196.00 207.00 204.00 38.09
193.00 191.00 210.00 205.00 38.78
194.00 187.00 209.00 203.00 26.72
192.00 183.00 184.00 116.00 34.53
49.00 84.00 53.00 59.00 30.71
62.00 66.00 56.00 5.00 38.04
57.00 70.00 40.00 22.00 36.66

