3.00 12.00 37.00 7.00 27.73
4.00 13.00 38.00 8.00 22.90
4.00 11.00 38.00 7.00 28.16
4.00 12.00 39.00 8.00 33.26
5.00 16.00 43.00 8.00 24.54
6.00 17.00 40.00 7.00 29.80
5.00 18.00 41.00 8.00 30.18
5.00 18.00 45.00 8.00 32.30
5.00 18.00 41.00 8.00 24.23
6.00 17.00 47.00 9.00 21.62
9.00 17.00 52.00 12.00 27.15
16.00 18.00 61.00 14.00 31.66
19.00 24.00 79.00 16.00 24.23
24.00 35.00 128.00 23.00 33.10
24.00 43.00 203.00 26.00 28.69
24.00 44.00 232.00 31.00 33.42
23.00 53.00 228.00 36.00 27.09
34.00 53.00 221.00 43.00 28.69
26.00 70.00 223.00 56.00 22.63
29.00 54.00 228.00 66.00 26.72
37.00 51.00 229.00 91.00 27.15
43.00 69.00 217.00 133.00 35.12
59.00 79.00 221.00 196.00 28.37
85.00 67.00 223.00 238.00 33.47
98.00 64.00 226.00 251.00 27.52
136.00 83.00 244.00 256.00 31.93
161.00 97.00 241.00 275.00 33.31
188.00 98.00 251.00 263.00 34.96
223.00 119.00 250.00 272.00 28.85
240.00 104.00 247.00 271.00 33.20
234.00 108.00 239.00 267.00 32.09
239.00 123.00 238.00 265.00 31.29
251.00 127.00 187.00 263.00 31.18
244.00 119.00 124.00 262.00 41.07
223.00 125.00 131.00 266.00 38.04
233.00 126.00 191.00 276.00 35.22
243.00 136.00 211.00 279.00 32.67
245.00 138.00 231.00 275.00 33.84
266.00 146.00 236.00 283.00 38.73
261.00 172.00 245.00 287.00 32.83
268.00 184.00 245.00 280.00 40.32
263.00 189.00 248.00 279.00 39.21
258.00 212.00 244.00 289.00 41.17
266.00 207.00 254.00 287.00 42.08
260.00 233.00 240.00 294.00 36.66
265.00 230.00 236.00 281.00 37.88
251.00 231.00 244.00 285.00 36.98
256.00 224.00 231.00 267.00 35.33
249.00 233.00 252.00 279.00 35.91
243.00 233.00 235.00 275.00 42.18
238.00 229.00 239.00 278.00 40.75
242.00 235.00 234.00 271.00 41.44
244.00 221.00 233.00 274.00 38.57
241.00 233.00 238.00 284.00 42.13
244.00 220.00 237.00 286.00 36.82
236.00 217.00 245.00 285.00 35.91
234.00 225.00 227.00 258.00 41.54
226.00 217.00 223.00 279.00 40.91
222.00 219.00 233.00 279.00 37.56
244.00 207.00 241.00 282.00 36.66
242.00 207.00 231.00 273.00 38.73
247.00 204.00 229.00 276.00 42.77
235.00 189.00 220.00 263.00 39.05
232.00 210.00 235.00 282.00 36.23
263.00 204.00 239.00 269.00 42.61
243.00 218.00 239.00 279.00 42.08
239.00 222.00 234.00 272.00 40.16
266.00 220.00 223.00 272.00 37.08
221.00 232.00 226.00 274.00 36.29
252.00 213.00 230.00 274.00 42.87
238.00 211.00 236.00 278.00 39.53
261.00 222.00 231.00 261.00 41.49
257.00 223.00 232.00 281.00 36.98
267.00 210.00 210.00 273.00 38.94
259.00 197.00 224.00 269.00 42.13
249.00 200.00 222.00 262.00 36.50
242.00 201.00 220.00 276.00 42.55
253.00 201.00 224.00 282.00 42.55
268.00 196.00 217.00 264.00 42.18
252.00 201.00 225.00 269.00 38.30
246.00 206.00 222.00 252.00 43.09
240.00 207.00 217.00 260.00 43.14
249.00 213.00 227.00 264.00 37.03
237.00 217.00 227.00 263.00 36.66
233.00 222.00 223.00 268.00 39.42
247.00 225.00 214.00 267.00 39.53
237.00 225.00 217.00 267.00 40.22
245.00 210.00 237.00 264.00 40.54
251.00 231.00 229.00 258.00 42.08
257.00 218.00 226.00 271.00 42.50
259.00 231.00 223.00 268.00 42.55
260.00 226.00 239.00 263.00 40.59
265.00 204.00 230.00 259.00 37.77
225.00 198.00 232.00 269.00 40.16
240.00 211.00 227.00 271.00 38.41
252.00 210.00 222.00 274.00 36.66
232.00 214.00 232.00 273.00 42.45
246.00 228.00 219.00 262.00 43.19
243.00 200.00 221.00 261.00 42.71
233.00 201.00 223.00 267.00 41.65
253.00 205.00 215.00 264.00 37.35
264.00 197.00 221.00 256.00 43.09
246.00 226.00 218.00 263.00 40.85
249.00 207.00 218.00 259.00 43.03
239.00 196.00 211.00 266.00 42.39
218.00 202.00 203.00 254.00 40.22
225.00 208.00 226.00 272.00 39.84
240.00 235.00 224.00 264.00 42.93
235.00 220.00 228.00 256.00 36.98
249.00 234.00 232.00 268.00 39.53
239.00 218.00 234.00 260.00 42.08
265.00 221.00 235.00 268.00 40.91
249.00 217.00 220.00 281.00 36.87
251.00 216.00 227.00 281.00 36.98
262.00 219.00 217.00 262.00 37.99
252.00 230.00 223.00 263.00 38.36
245.00 220.00 216.00 262.00 36.92
231.00 207.00 219.00 261.00 37.99
236.00 209.00 221.00 270.00 39.58
247.00 214.00 219.00 272.00 43.24
238.00 205.00 219.00 274.00 43.35
243.00 206.00 223.00 273.00 43.09
252.00 210.00 219.00 277.00 41.76
263.00 215.00 208.00 280.00 43.19
245.00 204.00 214.00 269.00 42.87
243.00 221.00 227.00 271.00 42.39
246.00 234.00 219.00 274.00 37.19
247.00 224.00 230.00 280.00 38.04
261.00 222.00 216.00 277.00 40.69
253.00 215.00 235.00 295.00 40.91
243.00 210.00 234.00 296.00 43.24
244.00 218.00 234.00 291.00 37.67
246.00 234.00 226.00 272.00 37.19
241.00 210.00 234.00 280.00 42.71
242.00 220.00 230.00 274.00 40.43
249.00 220.00 222.00 281.00 41.39
238.00 207.00 228.00 274.00 38.94
252.00 229.00 219.00 280.00 42.93
259.00 217.00 226.00 252.00 37.61
254.00 207.00 204.00 273.00 38.36
245.00 196.00 225.00 261.00 43.30
243.00 197.00 204.00 269.00 42.98
239.00 203.00 218.00 272.00 40.38
243.00 225.00 216.00 282.00 37.67
254.00 231.00 227.00 279.00 37.67
261.00 230.00 232.00 277.00 40.64
247.00 242.00 232.00 282.00 41.81
258.00 226.00 225.00 283.00 41.97
252.00 224.00 229.00 284.00 37.03
271.00 224.00 230.00 280.00 41.76
270.00 213.00 228.00 275.00 41.60
245.00 205.00 221.00 268.00 38.25
253.00 231.00 220.00 265.00 37.29
247.00 216.00 221.00 274.00 43.30
242.00 235.00 217.00 270.00 39.90
242.00 216.00 216.00 263.00 42.13
250.00 205.00 222.00 258.00 36.98
240.00 226.00 220.00 265.00 40.06
253.00 210.00 215.00 265.00 41.81
248.00 218.00 217.00 261.00 43.24
254.00 211.00 213.00 271.00 37.03
256.00 226.00 209.00 256.00 42.71
257.00 212.00 208.00 259.00 38.68
251.00 203.00 226.00 253.00 40.59
242.00 202.00 224.00 265.00 43.19
243.00 211.00 213.00 260.00 38.68
231.00 212.00 217.00 272.00 39.63
253.00 224.00 227.00 285.00 38.36
244.00 202.00 211.00 290.00 41.28
253.00 219.00 228.00 287.00 43.40
260.00 205.00 220.00 284.00 43.03
264.00 213.00 219.00 280.00 37.19
240.00 212.00 217.00 271.00 41.76
256.00 206.00 216.00 265.00 39.84
252.00 225.00 220.00 269.00 38.68
250.00 212.00 218.00 273.00 43.09
237.00 204.00 208.00 261.00 41.23
246.00 225.00 223.00 253.00 37.08
258.00 229.00 230.00 272.00 42.34
241.00 194.00 233.00 274.00 41.81
237.00 208.00 217.00 273.00 41.76
268.00 231.00 236.00 284.00 37.61
270.00 220.00 224.00 289.00 41.44
257.00 235.00 232.00 281.00 38.84
250.00 219.00 206.00 265.00 37.35
239.00 217.00 220.00 269.00 43.09
247.00 227.00 222.00 272.00 39.05
246.00 218.00 224.00 268.00 37.08
252.00 226.00 211.00 263.00 41.07
245.00 202.00 209.00 261.00 42.98
258.00 204.00 205.00 267.00 39.63
244.00 208.00 214.00 263.00 39.47
251.00 210.00 215.00 258.00 41.76
241.00 222.00 212.00 271.00 37.93
244.00 220.00 218.00 275.00 43.24
229.00 214.00 219.00 272.00 41.44
226.00 213.00 219.00 278.00 37.72
231.00 218.00 224.00 286.00 43.35
243.00 223.00 224.00 277.00 39.58
236.00 221.00 223.00 273.00 43.19
220.00 199.00 215.00 276.00 37.40
230.00 210.00 210.00 265.00 38.09
219.00 205.00 213.00 274.00 41.44
214.00 189.00 196.00 264.00 41.07
212.00 201.00 208.00 265.00 38.09
214.00 194.00 218.00 269.00 41.17
230.00 223.00 223.00 282.00 43.19
235.00 230.00 228.00 268.00 39.63
227.00 208.00 224.00 267.00 40.32
235.00 211.00 204.00 265.00 41.70
231.00 209.00 218.00 271.00 37.19
231.00 210.00 215.00 230.00 41.39
227.00 222.00 223.00 249.00 42.55
235.00 205.00 219.00 256.00 43.03
231.00 209.00 217.00 258.00 43.24
228.00 201.00 214.00 253.00 41.86
227.00 207.00 207.00 257.00 42.02
230.00 205.00 213.00 267.00 37.67
222.00 205.00 211.00 264.00 40.96
229.00 206.00 191.00 268.00 40.48
225.00 207.00 183.00 266.00 42.13
228.00 199.00 152.00 265.00 43.19
229.00 190.00 126.00 243.00 36.82
228.00 179.00 125.00 240.00 40.22
220.00 172.00 124.00 235.00 36.66
225.00 174.00 146.00 247.00 38.36
225.00 175.00 155.00 243.00 37.99
219.00 175.00 174.00 251.00 37.19
227.00 180.00 202.00 255.00 42.45
230.00 188.00 198.00 256.00 35.91
225.00 189.00 192.00 254.00 39.42
223.00 184.00 189.00 247.00 36.39
217.00 178.00 206.00 243.00 37.03
215.00 177.00 194.00 246.00 37.35
219.00 174.00 192.00 249.00 41.07
224.00 185.00 191.00 253.00 40.32
226.00 180.00 199.00 260.00 37.88
233.00 181.00 176.00 247.00 37.99
230.00 181.00 174.00 242.00 40.59
224.00 178.00 175.00 239.00 42.77
209.00 169.00 181.00 244.00 42.71
200.00 183.00 171.00 251.00 42.50
234.00 185.00 178.00 251.00 36.55
226.00 186.00 172.00 253.00 41.07
226.00 187.00 175.00 246.00 35.97
223.00 177.00 173.00 236.00 42.87
214.00 171.00 175.00 239.00 37.67
211.00 172.00 182.00 240.00 40.38
224.00 185.00 187.00 249.00 36.13
226.00 189.00 190.00 248.00 41.97
231.00 194.00 212.00 246.00 42.98
221.00 193.00 214.00 235.00 39.42
227.00 188.00 204.00 237.00 40.43
219.00 181.00 200.00 229.00 37.93
212.00 177.00 186.00 229.00 36.98
227.00 178.00 187.00 228.00 42.71
234.00 180.00 197.00 237.00 36.39
226.00 188.00 215.00 239.00 41.65
238.00 192.00 218.00 235.00 42.29
238.00 189.00 199.00 236.00 36.71
233.00 191.00 187.00 237.00 40.85
237.00 189.00 191.00 232.00 39.31
233.00 189.00 187.00 225.00 40.75
226.00 187.00 184.00 227.00 42.71
205.00 190.00 185.00 224.00 38.57
227.00 176.00 183.00 225.00 37.08
203.00 174.00 195.00 224.00 40.43
229.00 178.00 193.00 229.00 42.77
235.00 175.00 191.00 232.00 37.08
230.00 177.00 192.00 240.00 36.98
229.00 178.00 194.00 241.00 43.09
226.00 179.00 190.00 241.00 36.92
228.00 176.00 191.00 236.00 38.36
223.00 178.00 182.00 238.00 42.45
224.00 177.00 183.00 237.00 36.23
224.00 172.00 180.00 237.00 42.13
217.00 169.00 172.00 235.00 42.93
217.00 174.00 181.00 238.00 36.55
216.00 180.00 186.00 247.00 40.85
221.00 186.00 180.00 244.00 37.24
221.00 184.00 197.00 247.00 37.93
217.00 181.00 200.00 236.00 36.29
215.00 182.00 186.00 239.00 38.62
209.00 181.00 185.00 239.00 39.37
201.00 173.00 170.00 228.00 39.95
181.00 167.00 171.00 231.00 40.69
180.00 165.00 158.00 227.00 42.55
172.00 160.00 159.00 226.00 41.17
167.00 158.00 161.00 224.00 39.31
168.00 153.00 159.00 225.00 39.79
171.00 150.00 151.00 224.00 40.16
167.00 148.00 158.00 221.00 41.12
168.00 145.00 150.00 219.00 35.86
164.00 143.00 151.00 219.00 38.46
157.00 140.00 149.00 228.00 32.73
170.00 140.00 147.00 229.00 40.75
169.00 136.00 147.00 230.00 34.32
169.00 134.00 150.00 226.00 40.32
171.00 132.00 151.00 223.00 32.19
164.00 132.00 146.00 227.00 40.80
159.00 128.00 146.00 226.00 40.75
157.00 127.00 146.00 224.00 30.55
158.00 125.00 144.00 223.00 35.65
154.00 126.00 142.00 216.00 34.43
155.00 120.00 131.00 116.00 36.50
103.00 84.00 96.00 110.00 33.47
70.00 78.00 66.00 74.00 39.95
