21.00 35.00 45.00 40.00 25.18
35.00 43.00 79.00 44.00 30.81
38.00 51.00 110.00 47.00 32.62
38.00 63.00 138.00 46.00 30.87
39.00 79.00 189.00 52.00 38.20
44.00 102.00 205.00 57.00 27.09
49.00 119.00 188.00 63.00 36.34
56.00 136.00 183.00 74.00 39.05
76.00 153.00 188.00 106.00 28.48
124.00 173.00 199.00 166.00 36.39
172.00 192.00 193.00 217.00 39.05
206.00 215.00 193.00 232.00 33.89
218.00 214.00 192.00 240.00 36.23
225.00 242.00 204.00 247.00 36.07
222.00 226.00 199.00 237.00 39.31
214.00 218.00 186.00 234.00 35.65
220.00 215.00 186.00 243.00 41.44
236.00 225.00 201.00 246.00 40.69
240.00 230.00 196.00 243.00 41.70
228.00 233.00 192.00 234.00 37.29
224.00 218.00 198.00 244.00 36.60
242.00 243.00 219.00 251.00 35.22
233.00 237.00 216.00 245.00 40.80
228.00 224.00 204.00 235.00 37.08
218.00 219.00 208.00 241.00 40.27
238.00 212.00 219.00 259.00 38.52
237.00 223.00 212.00 247.00 42.13
228.00 216.00 207.00 237.00 38.68
221.00 218.00 197.00 234.00 42.24
214.00 225.00 206.00 249.00 40.48
244.00 230.00 215.00 259.00 38.68
233.00 218.00 205.00 244.00 42.45
241.00 226.00 203.00 239.00 39.58
221.00 230.00 202.00 242.00 41.28
240.00 233.00 213.00 256.00 40.06
236.00 224.00 213.00 255.00 42.77
229.00 229.00 203.00 224.00 35.75
230.00 214.00 191.00 235.00 37.88
234.00 218.00 199.00 238.00 35.91
267.00 233.00 216.00 234.00 42.45
257.00 222.00 208.00 241.00 35.81
221.00 223.00 212.00 223.00 42.82
211.00 220.00 206.00 224.00 42.82
239.00 237.00 218.00 249.00 40.32
242.00 231.00 215.00 243.00 38.94
248.00 223.00 207.00 237.00 37.03
226.00 227.00 203.00 238.00 37.19
242.00 232.00 225.00 233.00 40.32
255.00 227.00 220.00 235.00 42.66
233.00 218.00 213.00 236.00 42.87
242.00 216.00 201.00 245.00 36.13
245.00 224.00 220.00 253.00 42.71
254.00 240.00 235.00 236.00 42.08
248.00 219.00 229.00 251.00 37.51
242.00 229.00 212.00 228.00 37.03
228.00 217.00 216.00 250.00 38.89
243.00 231.00 210.00 272.00 40.91
235.00 220.00 203.00 232.00 40.69
226.00 224.00 213.00 244.00 42.93
228.00 226.00 209.00 247.00 41.49
230.00 244.00 232.00 245.00 38.89
236.00 221.00 216.00 252.00 42.93
232.00 226.00 218.00 247.00 41.97
227.00 213.00 205.00 255.00 39.58
220.00 226.00 222.00 254.00 41.49
243.00 214.00 211.00 253.00 43.09
225.00 233.00 207.00 225.00 36.71
233.00 233.00 222.00 242.00 41.81
244.00 238.00 230.00 264.00 41.54
231.00 216.00 210.00 240.00 38.09
218.00 208.00 209.00 240.00 41.17
208.00 222.00 226.00 258.00 39.42
246.00 207.00 221.00 250.00 42.93
241.00 214.00 210.00 247.00 38.57
218.00 208.00 211.00 226.00 40.43
211.00 210.00 222.00 247.00 40.06
224.00 223.00 215.00 249.00 39.74
232.00 213.00 211.00 223.00 43.09
236.00 231.00 203.00 234.00 40.75
181.00 212.00 203.00 262.00 37.61
231.00 219.00 207.00 260.00 41.65
222.00 225.00 207.00 240.00 42.82
208.00 227.00 196.00 247.00 36.82
231.00 225.00 219.00 258.00 43.09
248.00 214.00 202.00 239.00 41.33
233.00 210.00 195.00 239.00 41.01
229.00 214.00 190.00 243.00 40.54
240.00 223.00 214.00 263.00 42.66
229.00 242.00 220.00 246.00 43.14
220.00 212.00 202.00 226.00 39.26
219.00 210.00 200.00 253.00 42.87
237.00 229.00 216.00 251.00 41.81
227.00 241.00 214.00 252.00 42.39
209.00 221.00 200.00 248.00 39.84
237.00 228.00 203.00 255.00 37.56
231.00 233.00 207.00 235.00 37.51
238.00 216.00 195.00 240.00 37.51
224.00 208.00 198.00 263.00 42.98
235.00 225.00 212.00 264.00 42.77
219.00 224.00 211.00 258.00 42.02
233.00 209.00 197.00 250.00 41.92
219.00 211.00 203.00 253.00 39.05
238.00 217.00 219.00 262.00 41.01
245.00 215.00 208.00 247.00 38.04
239.00 221.00 200.00 240.00 39.37
229.00 211.00 188.00 229.00 42.71
236.00 228.00 216.00 250.00 43.14
235.00 222.00 216.00 256.00 39.90
240.00 213.00 208.00 247.00 36.71
232.00 214.00 221.00 249.00 38.20
222.00 208.00 212.00 254.00 38.46
236.00 230.00 217.00 258.00 40.96
246.00 204.00 206.00 225.00 43.19
221.00 205.00 192.00 216.00 43.09
214.00 223.00 218.00 242.00 37.03
243.00 208.00 209.00 247.00 43.14
235.00 211.00 216.00 226.00 37.77
225.00 196.00 201.00 225.00 42.82
215.00 201.00 204.00 262.00 41.33
243.00 233.00 218.00 249.00 38.57
223.00 222.00 211.00 234.00 42.39
216.00 205.00 191.00 225.00 42.02
206.00 203.00 217.00 250.00 40.38
210.00 224.00 218.00 243.00 39.74
246.00 209.00 203.00 232.00 40.96
229.00 209.00 204.00 241.00 39.84
225.00 214.00 208.00 243.00 40.22
249.00 232.00 207.00 248.00 39.95
239.00 227.00 212.00 243.00 41.07
244.00 223.00 199.00 237.00 37.35
233.00 217.00 209.00 232.00 42.24
231.00 206.00 207.00 242.00 37.40
227.00 219.00 216.00 247.00 41.92
237.00 219.00 232.00 248.00 37.35
226.00 208.00 206.00 233.00 40.85
221.00 222.00 200.00 235.00 42.02
242.00 216.00 189.00 234.00 42.45
227.00 201.00 206.00 235.00 43.09
209.00 215.00 209.00 248.00 38.46
233.00 212.00 216.00 233.00 36.71
239.00 216.00 210.00 220.00 41.17
226.00 209.00 195.00 220.00 42.98
220.00 200.00 211.00 223.00 43.09
217.00 209.00 202.00 244.00 42.87
234.00 209.00 213.00 246.00 38.94
227.00 212.00 218.00 238.00 43.03
237.00 195.00 195.00 241.00 40.16
221.00 191.00 197.00 224.00 42.98
219.00 205.00 218.00 253.00 37.51
220.00 213.00 220.00 240.00 37.08
218.00 203.00 222.00 237.00 42.29
233.00 210.00 214.00 242.00 39.84
231.00 218.00 221.00 236.00 43.03
245.00 227.00 191.00 207.00 40.80
201.00 203.00 215.00 229.00 37.24
219.00 205.00 208.00 234.00 43.03
231.00 206.00 204.00 223.00 38.78
185.00 213.00 217.00 225.00 38.52
221.00 229.00 216.00 233.00 37.35
228.00 219.00 210.00 238.00 42.29
216.00 217.00 201.00 227.00 42.18
217.00 202.00 188.00 223.00 38.94
224.00 208.00 192.00 234.00 42.24
232.00 209.00 204.00 233.00 42.50
235.00 219.00 204.00 232.00 40.22
227.00 210.00 188.00 229.00 43.03
218.00 216.00 180.00 217.00 42.77
210.00 204.00 188.00 237.00 37.19
229.00 211.00 194.00 226.00 37.03
234.00 222.00 190.00 222.00 36.50
229.00 214.00 195.00 221.00 40.64
229.00 202.00 188.00 228.00 42.93
217.00 215.00 187.00 227.00 42.13
216.00 226.00 193.00 233.00 39.53
223.00 218.00 190.00 228.00 37.35
228.00 212.00 194.00 224.00 42.77
207.00 201.00 191.00 222.00 37.19
218.00 207.00 194.00 215.00 40.96
208.00 206.00 205.00 222.00 42.77
217.00 211.00 204.00 212.00 37.61
173.00 200.00 193.00 217.00 36.23
214.00 196.00 193.00 218.00 41.60
214.00 193.00 195.00 223.00 42.82
197.00 199.00 200.00 217.00 36.66
216.00 195.00 193.00 217.00 42.71
206.00 194.00 197.00 210.00 37.29
202.00 183.00 202.00 216.00 40.43
210.00 190.00 212.00 231.00 42.39
216.00 187.00 214.00 215.00 42.50
216.00 200.00 202.00 218.00 41.33
213.00 199.00 202.00 223.00 40.64
217.00 203.00 205.00 220.00 40.69
232.00 203.00 203.00 216.00 41.39
214.00 185.00 193.00 201.00 36.07
218.00 189.00 194.00 205.00 42.45
238.00 194.00 209.00 228.00 37.14
227.00 198.00 203.00 223.00 40.22
212.00 186.00 198.00 213.00 42.55
198.00 182.00 198.00 215.00 40.22
218.00 188.00 207.00 224.00 42.45
220.00 195.00 200.00 218.00 37.29
216.00 188.00 195.00 218.00 41.76
212.00 179.00 190.00 213.00 42.39
213.00 174.00 192.00 229.00 37.56
241.00 192.00 188.00 150.00 35.86
173.00 154.00 148.00 220.00 42.61
213.00 159.00 150.00 216.00 40.22
215.00 155.00 151.00 203.00 41.60
190.00 170.00 171.00 220.00 39.84
221.00 179.00 188.00 231.00 36.07
236.00 187.00 191.00 232.00 40.59
239.00 203.00 194.00 211.00 41.86
246.00 203.00 200.00 232.00 41.92
240.00 204.00 193.00 238.00 42.93
231.00 206.00 193.00 230.00 39.47
232.00 200.00 188.00 244.00 39.26
229.00 206.00 194.00 234.00 36.60
214.00 195.00 194.00 233.00 36.44
231.00 187.00 192.00 234.00 41.81
231.00 199.00 189.00 240.00 41.49
243.00 200.00 186.00 221.00 42.71
235.00 192.00 182.00 217.00 42.77
229.00 188.00 181.00 218.00 42.82
224.00 186.00 178.00 214.00 36.02
220.00 186.00 173.00 214.00 37.99
217.00 182.00 174.00 212.00 40.75
215.00 182.00 176.00 212.00 42.82
205.00 169.00 176.00 213.00 37.72
190.00 166.00 177.00 223.00 38.84
196.00 166.00 186.00 224.00 38.36
183.00 176.00 184.00 213.00 35.81
189.00 179.00 186.00 228.00 37.45
178.00 171.00 178.00 214.00 42.61
173.00 168.00 176.00 211.00 39.53
168.00 165.00 175.00 218.00 39.15
185.00 167.00 175.00 209.00 37.45
193.00 166.00 179.00 209.00 36.07
180.00 165.00 180.00 214.00 41.28
183.00 171.00 184.00 221.00 39.05
186.00 173.00 189.00 226.00 35.91
190.00 177.00 188.00 217.00 41.60
195.00 176.00 188.00 218.00 40.54
200.00 174.00 184.00 216.00 42.61
193.00 170.00 179.00 213.00 41.92
188.00 168.00 176.00 211.00 42.45
182.00 162.00 176.00 213.00 35.81
182.00 163.00 173.00 219.00 42.34
183.00 166.00 175.00 217.00 40.22
185.00 172.00 178.00 215.00 35.17
184.00 175.00 177.00 216.00 40.32
184.00 172.00 178.00 218.00 41.01
181.00 172.00 170.00 214.00 40.59
178.00 167.00 170.00 217.00 37.08
175.00 167.00 169.00 210.00 39.84
173.00 173.00 168.00 209.00 38.09
175.00 184.00 169.00 214.00 41.28
179.00 187.00 174.00 217.00 37.08
180.00 187.00 174.00 211.00 38.36
175.00 181.00 166.00 211.00 33.58
172.00 186.00 161.00 211.00 38.73
180.00 178.00 158.00 211.00 40.43
177.00 177.00 159.00 210.00 39.31
177.00 176.00 161.00 210.00 31.50
185.00 181.00 164.00 213.00 37.72
186.00 175.00 163.00 208.00 40.22
174.00 162.00 148.00 197.00 38.20
170.00 157.00 58.00 74.00 32.73
53.00 56.00 39.00 47.00 33.84
56.00 41.00 42.00 30.00 39.69

