9.00 43.00 33.00 19.00 34.11
12.00 98.00 32.00 20.00 24.76
13.00 153.00 44.00 21.00 29.27
16.00 214.00 40.00 24.00 35.33
16.00 212.00 57.00 26.00 29.38
17.00 215.00 41.00 24.00 26.14
18.00 215.00 40.00 28.00 35.54
18.00 208.00 43.00 25.00 32.51
21.00 215.00 42.00 26.00 35.38
20.00 205.00 42.00 28.00 24.60
21.00 210.00 44.00 30.00 30.65
20.00 207.00 48.00 28.00 24.97
18.00 201.00 50.00 28.00 35.33
17.00 210.00 50.00 28.00 33.20
20.00 220.00 51.00 29.00 35.01
16.00 176.00 47.00 21.00 23.91
14.00 59.00 75.00 20.00 28.79
17.00 31.00 103.00 21.00 29.70
17.00 28.00 127.00 19.00 34.53
17.00 25.00 162.00 24.00 29.54
20.00 30.00 194.00 25.00 35.97
18.00 27.00 202.00 28.00 36.29
17.00 24.00 231.00 45.00 35.33
24.00 22.00 219.00 53.00 32.83
20.00 19.00 212.00 80.00 34.53
43.00 23.00 220.00 91.00 38.78
50.00 29.00 219.00 101.00 34.05
53.00 24.00 213.00 116.00 28.21
61.00 35.00 224.00 147.00 28.16
81.00 37.00 216.00 169.00 39.63
109.00 42.00 219.00 203.00 34.69
154.00 50.00 214.00 204.00 36.66
191.00 35.00 218.00 214.00 29.22
198.00 45.00 220.00 220.00 39.63
211.00 57.00 218.00 222.00 33.95
223.00 61.00 227.00 225.00 40.06
218.00 56.00 225.00 215.00 39.15
228.00 40.00 208.00 235.00 34.27
228.00 53.00 222.00 224.00 31.93
230.00 49.00 214.00 229.00 36.50
222.00 46.00 214.00 214.00 37.77
247.00 64.00 219.00 217.00 38.09
233.00 51.00 212.00 206.00 40.96
230.00 57.00 217.00 214.00 32.03
237.00 74.00 214.00 202.00 39.63
234.00 64.00 218.00 201.00 40.64
232.00 68.00 193.00 201.00 35.43
213.00 66.00 182.00 191.00 37.40
205.00 67.00 185.00 192.00 37.19
201.00 71.00 180.00 193.00 38.30
196.00 82.00 201.00 200.00 35.33
203.00 77.00 195.00 210.00 29.70
213.00 113.00 226.00 219.00 31.66
221.00 140.00 219.00 206.00 33.47
207.00 198.00 216.00 204.00 34.69
223.00 200.00 212.00 218.00 40.75
227.00 232.00 237.00 207.00 31.72
231.00 249.00 193.00 202.00 39.95
256.00 243.00 239.00 208.00 32.73
247.00 215.00 239.00 210.00 39.63
253.00 214.00 211.00 221.00 40.27
215.00 211.00 215.00 191.00 36.39
235.00 227.00 207.00 210.00 33.68
227.00 197.00 230.00 203.00 41.23
201.00 230.00 210.00 242.00 39.63
217.00 213.00 199.00 202.00 37.08
220.00 195.00 196.00 209.00 37.40
241.00 197.00 222.00 252.00 34.16
251.00 233.00 232.00 236.00 41.86
219.00 196.00 201.00 219.00 41.81
222.00 210.00 213.00 211.00 38.25
254.00 235.00 226.00 215.00 37.03
222.00 222.00 213.00 239.00 39.47
237.00 191.00 197.00 220.00 40.32
220.00 217.00 175.00 208.00 34.69
227.00 225.00 210.00 203.00 34.69
253.00 200.00 195.00 223.00 38.73
215.00 228.00 222.00 238.00 40.06
268.00 222.00 224.00 201.00 34.64
249.00 226.00 221.00 213.00 36.02
230.00 237.00 180.00 245.00 38.94
240.00 205.00 173.00 260.00 35.49
266.00 200.00 188.00 216.00 38.30
253.00 217.00 192.00 214.00 35.59
248.00 195.00 213.00 227.00 36.23
235.00 247.00 201.00 221.00 38.04
205.00 211.00 202.00 235.00 39.15
225.00 204.00 178.00 242.00 38.73
218.00 217.00 225.00 237.00 34.64
232.00 241.00 219.00 235.00 40.59
224.00 217.00 209.00 234.00 42.13
255.00 217.00 220.00 237.00 36.55
243.00 226.00 229.00 223.00 37.24
245.00 242.00 221.00 232.00 34.80
226.00 211.00 187.00 214.00 41.76
236.00 217.00 186.00 205.00 41.76
243.00 208.00 169.00 205.00 37.19
206.00 215.00 176.00 198.00 42.08
202.00 210.00 188.00 241.00 42.08
206.00 194.00 186.00 201.00 41.12
243.00 231.00 221.00 202.00 40.48
263.00 240.00 228.00 228.00 41.12
272.00 249.00 220.00 235.00 37.56
258.00 240.00 222.00 228.00 41.97
226.00 191.00 181.00 225.00 35.22
224.00 218.00 209.00 228.00 42.18
235.00 211.00 199.00 238.00 42.02
228.00 225.00 201.00 223.00 35.54
242.00 237.00 199.00 237.00 36.60
221.00 236.00 185.00 235.00 36.34
203.00 227.00 203.00 206.00 42.13
205.00 218.00 176.00 217.00 41.65
220.00 228.00 209.00 220.00 36.87
241.00 226.00 181.00 211.00 41.39
249.00 216.00 185.00 241.00 39.21
212.00 218.00 202.00 243.00 40.27
214.00 232.00 182.00 239.00 38.30
240.00 232.00 215.00 237.00 40.64
255.00 232.00 224.00 241.00 37.61
255.00 237.00 213.00 243.00 37.77
265.00 228.00 204.00 241.00 40.43
243.00 236.00 202.00 205.00 41.28
253.00 249.00 198.00 195.00 35.75
259.00 243.00 236.00 239.00 41.92
265.00 256.00 241.00 240.00 40.91
251.00 257.00 232.00 250.00 35.17
264.00 252.00 207.00 238.00 38.89
250.00 249.00 230.00 244.00 35.59
268.00 237.00 226.00 230.00 41.65
248.00 230.00 206.00 219.00 35.49
242.00 229.00 210.00 233.00 36.39
249.00 226.00 209.00 224.00 36.18
246.00 235.00 199.00 214.00 37.14
251.00 209.00 202.00 199.00 35.86
242.00 220.00 202.00 220.00 40.06
227.00 212.00 211.00 232.00 40.80
254.00 221.00 192.00 196.00 36.92
206.00 205.00 185.00 189.00 35.38
230.00 222.00 216.00 208.00 36.02
239.00 214.00 174.00 200.00 35.70
195.00 224.00 179.00 221.00 40.16
203.00 218.00 181.00 204.00 38.84
192.00 197.00 203.00 231.00 36.29
199.00 234.00 193.00 198.00 36.66
180.00 196.00 183.00 207.00 42.45
185.00 185.00 190.00 215.00 37.83
195.00 206.00 207.00 211.00 38.04
210.00 223.00 201.00 222.00 35.49
226.00 209.00 185.00 193.00 42.18
185.00 203.00 178.00 199.00 41.44
179.00 219.00 175.00 197.00 38.46
165.00 182.00 193.00 214.00 41.49
181.00 201.00 188.00 220.00 40.11
179.00 200.00 200.00 227.00 39.84
197.00 199.00 194.00 208.00 34.64
173.00 192.00 189.00 213.00 40.75
180.00 184.00 192.00 201.00 38.09
177.00 175.00 182.00 199.00 41.81
172.00 174.00 174.00 198.00 41.07
172.00 174.00 184.00 189.00 34.69
170.00 177.00 178.00 183.00 40.06
170.00 175.00 176.00 198.00 35.17
164.00 177.00 166.00 200.00 40.80
173.00 174.00 167.00 198.00 41.86
187.00 177.00 165.00 208.00 41.17
184.00 188.00 166.00 202.00 38.94
205.00 186.00 168.00 222.00 36.66
203.00 189.00 188.00 208.00 39.26
208.00 169.00 167.00 206.00 40.69
182.00 165.00 166.00 206.00 40.85
178.00 164.00 165.00 199.00 39.74
173.00 163.00 161.00 190.00 39.47
165.00 163.00 159.00 184.00 34.11
160.00 161.00 159.00 182.00 40.64
164.00 160.00 162.00 179.00 39.79
166.00 156.00 161.00 181.00 41.01
171.00 162.00 164.00 179.00 38.20
168.00 156.00 159.00 175.00 32.62
168.00 157.00 163.00 177.00 40.27
174.00 154.00 160.00 176.00 33.95
171.00 123.00 118.00 59.00 39.15
91.00 110.00 97.00 97.00 31.34
90.00 121.00 96.00 95.00 30.49
97.00 121.00 100.00 99.00 35.38
95.00 123.00 100.00 98.00 37.61
91.00 128.00 101.00 100.00 39.53
91.00 131.00 97.00 100.00 36.34
90.00 133.00 97.00 103.00 35.01
90.00 130.00 97.00 103.00 30.60
98.00 128.00 99.00 106.00 29.64
104.00 128.00 97.00 110.00 40.00
99.00 127.00 97.00 114.00 29.43
92.00 128.00 100.00 118.00 28.42
86.00 127.00 101.00 103.00 38.36
97.00 130.00 93.00 118.00 39.15
92.00 123.00 90.00 112.00 29.33

