34.00 29.00 34.00 21.00 25.71
29.00 27.00 49.00 37.00 24.38
42.00 39.00 63.00 73.00 36.07
60.00 55.00 90.00 87.00 27.57
55.00 67.00 71.00 95.00 24.86
57.00 51.00 64.00 89.00 27.15
69.00 79.00 68.00 87.00 23.91
35.00 107.00 64.00 86.00 36.76
33.00 150.00 65.00 87.00 36.23
33.00 193.00 65.00 84.00 25.61
36.00 218.00 66.00 86.00 36.44
34.00 213.00 65.00 87.00 35.75
29.00 212.00 65.00 89.00 36.13
41.00 236.00 65.00 87.00 36.23
36.00 237.00 66.00 87.00 34.11
40.00 227.00 68.00 91.00 28.16
38.00 231.00 66.00 95.00 27.94
40.00 231.00 67.00 94.00 36.87
36.00 223.00 68.00 92.00 28.63
39.00 226.00 66.00 92.00 30.33
30.00 227.00 67.00 92.00 30.55
44.00 230.00 67.00 99.00 30.71
44.00 237.00 71.00 102.00 36.44
41.00 239.00 86.00 117.00 37.08
54.00 248.00 108.00 167.00 31.50
72.00 256.00 138.00 253.00 34.74
96.00 249.00 197.00 249.00 30.49
151.00 249.00 236.00 248.00 28.79
199.00 254.00 236.00 248.00 35.33
242.00 259.00 256.00 251.00 33.20
244.00 274.00 259.00 267.00 30.28
260.00 263.00 258.00 272.00 37.56
255.00 269.00 252.00 262.00 30.87
268.00 252.00 265.00 259.00 41.01
257.00 265.00 266.00 269.00 37.99
266.00 247.00 256.00 279.00 40.96
248.00 265.00 264.00 284.00 33.04
262.00 267.00 260.00 284.00 36.66
255.00 278.00 262.00 286.00 41.60
264.00 264.00 255.00 281.00 36.87
266.00 259.00 255.00 280.00 42.18
263.00 270.00 252.00 271.00 41.07
280.00 258.00 256.00 265.00 41.81
235.00 254.00 254.00 267.00 35.06
245.00 257.00 259.00 270.00 36.98
258.00 273.00 252.00 270.00 35.49
252.00 269.00 253.00 263.00 42.29
248.00 268.00 251.00 281.00 41.60
256.00 282.00 267.00 295.00 40.85
262.00 278.00 264.00 270.00 41.17
220.00 270.00 261.00 280.00 39.79
266.00 279.00 273.00 294.00 35.43
275.00 284.00 269.00 305.00 39.10
281.00 290.00 272.00 285.00 38.09
272.00 304.00 271.00 287.00 42.34
283.00 276.00 275.00 288.00 35.49
279.00 294.00 276.00 287.00 40.91
276.00 304.00 277.00 282.00 36.44
269.00 291.00 262.00 281.00 42.08
269.00 286.00 269.00 274.00 39.79
271.00 286.00 267.00 267.00 42.77
261.00 264.00 247.00 262.00 42.55
264.00 253.00 259.00 263.00 36.71
266.00 251.00 261.00 274.00 35.91
273.00 261.00 267.00 262.00 38.46
255.00 263.00 248.00 276.00 41.97
260.00 290.00 258.00 281.00 40.11
277.00 273.00 266.00 288.00 42.82
279.00 280.00 253.00 281.00 37.61
263.00 247.00 262.00 275.00 42.29
271.00 273.00 265.00 281.00 39.42
269.00 281.00 266.00 283.00 38.52
283.00 287.00 279.00 292.00 40.32
287.00 271.00 274.00 281.00 40.22
279.00 265.00 271.00 279.00 38.52
268.00 262.00 257.00 272.00 40.43
271.00 250.00 250.00 278.00 42.93
255.00 251.00 253.00 262.00 42.55
252.00 258.00 250.00 262.00 42.71
263.00 255.00 252.00 261.00 37.03
267.00 238.00 244.00 256.00 42.93
257.00 256.00 247.00 262.00 42.55
264.00 251.00 258.00 260.00 39.74
271.00 247.00 247.00 264.00 37.99
255.00 248.00 261.00 257.00 37.40
277.00 274.00 254.00 281.00 41.44
279.00 277.00 253.00 295.00 42.29
282.00 250.00 255.00 275.00 42.93
275.00 275.00 263.00 275.00 36.55
291.00 266.00 238.00 282.00 42.39
283.00 277.00 266.00 288.00 40.38
282.00 264.00 255.00 272.00 36.66
273.00 259.00 251.00 272.00 42.24
293.00 264.00 256.00 289.00 36.44
293.00 270.00 254.00 286.00 36.76
290.00 278.00 255.00 282.00 43.03
289.00 264.00 256.00 264.00 36.44
277.00 263.00 262.00 288.00 37.61
287.00 258.00 262.00 266.00 40.32
276.00 261.00 253.00 298.00 39.21
284.00 254.00 257.00 269.00 37.29
273.00 279.00 250.00 273.00 41.07
274.00 262.00 246.00 275.00 42.82
278.00 265.00 250.00 281.00 41.70
281.00 261.00 265.00 281.00 36.76
293.00 268.00 266.00 265.00 37.61
276.00 252.00 254.00 273.00 42.93
290.00 261.00 262.00 288.00 37.77
292.00 265.00 280.00 301.00 42.93
285.00 267.00 283.00 294.00 37.51
289.00 262.00 259.00 288.00 42.55
267.00 246.00 266.00 285.00 42.61
276.00 253.00 259.00 267.00 38.20
278.00 263.00 231.00 277.00 38.52
277.00 234.00 256.00 268.00 39.58
271.00 260.00 246.00 259.00 42.13
267.00 234.00 244.00 262.00 37.40
279.00 249.00 245.00 265.00 43.03
271.00 239.00 241.00 263.00 39.37
280.00 245.00 266.00 272.00 38.30
264.00 227.00 253.00 269.00 36.29
288.00 260.00 256.00 274.00 41.54
271.00 273.00 254.00 277.00 43.03
287.00 270.00 256.00 276.00 39.10
294.00 267.00 237.00 282.00 40.32
289.00 259.00 248.00 286.00 36.92
290.00 265.00 256.00 285.00 38.52
283.00 269.00 244.00 281.00 38.20
287.00 261.00 245.00 267.00 38.46
274.00 264.00 262.00 249.00 37.83
266.00 241.00 264.00 267.00 42.45
281.00 260.00 266.00 285.00 37.51
276.00 253.00 263.00 282.00 41.86
272.00 251.00 270.00 277.00 38.73
277.00 249.00 240.00 264.00 36.39
271.00 251.00 236.00 249.00 41.54
257.00 243.00 252.00 248.00 37.14
256.00 233.00 235.00 245.00 42.87
263.00 234.00 235.00 268.00 38.73
265.00 257.00 238.00 267.00 38.78
277.00 251.00 251.00 273.00 41.70
275.00 267.00 250.00 270.00 41.17
265.00 275.00 248.00 266.00 36.66
296.00 255.00 258.00 275.00 42.18
283.00 256.00 264.00 280.00 37.40
275.00 273.00 267.00 279.00 40.64
269.00 287.00 257.00 278.00 38.30
288.00 263.00 245.00 281.00 38.36
285.00 263.00 259.00 267.00 38.20
261.00 253.00 251.00 277.00 42.29
293.00 263.00 265.00 284.00 40.27
300.00 275.00 258.00 272.00 42.24
276.00 258.00 252.00 270.00 40.16
272.00 248.00 247.00 261.00 37.67
280.00 253.00 246.00 254.00 41.54
266.00 230.00 236.00 255.00 42.55
267.00 231.00 237.00 242.00 40.00
257.00 264.00 236.00 256.00 40.38
270.00 275.00 240.00 257.00 42.29
270.00 253.00 236.00 256.00 41.97
264.00 241.00 230.00 244.00 42.18
266.00 251.00 242.00 259.00 42.50
277.00 250.00 242.00 253.00 37.45
266.00 242.00 244.00 259.00 42.29
275.00 248.00 237.00 251.00 41.60
259.00 242.00 250.00 257.00 40.22
244.00 234.00 237.00 263.00 37.35
244.00 246.00 246.00 252.00 41.33
253.00 232.00 251.00 233.00 37.77
247.00 238.00 227.00 243.00 40.96
276.00 239.00 232.00 250.00 40.54
266.00 235.00 252.00 257.00 36.92
269.00 270.00 251.00 255.00 36.39
265.00 244.00 237.00 258.00 42.29
271.00 263.00 245.00 257.00 41.17
272.00 268.00 263.00 253.00 40.06
278.00 259.00 254.00 256.00 40.27
267.00 266.00 246.00 254.00 36.50
264.00 265.00 260.00 258.00 42.55
266.00 259.00 251.00 239.00 41.39
268.00 258.00 247.00 229.00 40.11
259.00 243.00 243.00 230.00 41.01
273.00 238.00 233.00 236.00 42.50
268.00 260.00 228.00 232.00 41.07
258.00 249.00 228.00 229.00 38.20
272.00 234.00 240.00 230.00 36.87
260.00 256.00 237.00 226.00 36.92
254.00 248.00 232.00 212.00 38.20
247.00 241.00 248.00 209.00 41.81
237.00 244.00 235.00 209.00 40.91
238.00 247.00 233.00 210.00 42.77
238.00 254.00 239.00 203.00 42.50
223.00 252.00 227.00 208.00 36.76
221.00 256.00 227.00 203.00 42.13
218.00 253.00 244.00 209.00 35.91
213.00 256.00 228.00 210.00 40.80
210.00 235.00 229.00 203.00 37.14
199.00 247.00 226.00 199.00 41.86
209.00 246.00 213.00 210.00 42.82
201.00 226.00 231.00 229.00 40.85
186.00 236.00 233.00 226.00 41.76
183.00 229.00 224.00 224.00 37.83
176.00 239.00 224.00 210.00 39.47
175.00 239.00 230.00 208.00 42.66
174.00 227.00 222.00 209.00 40.32
174.00 225.00 224.00 208.00 37.03
170.00 231.00 216.00 218.00 41.44
171.00 236.00 215.00 207.00 42.82
165.00 234.00 231.00 204.00 42.55
164.00 234.00 232.00 202.00 39.90
163.00 227.00 240.00 204.00 35.70
165.00 244.00 240.00 203.00 39.95
163.00 253.00 237.00 219.00 36.50
163.00 229.00 226.00 222.00 40.00
161.00 230.00 222.00 219.00 42.77
160.00 250.00 231.00 220.00 41.12
160.00 245.00 231.00 223.00 40.00
158.00 255.00 233.00 223.00 35.75
157.00 239.00 243.00 215.00 35.91
159.00 247.00 227.00 244.00 41.60
164.00 242.00 224.00 221.00 38.89
160.00 242.00 227.00 245.00 37.19
160.00 219.00 229.00 241.00 41.60
157.00 225.00 208.00 217.00 42.50
154.00 215.00 205.00 209.00 37.14
153.00 223.00 230.00 211.00 37.88
152.00 227.00 228.00 211.00 38.14
155.00 228.00 217.00 218.00 42.02
154.00 217.00 224.00 222.00 41.01
153.00 211.00 230.00 213.00 41.86
156.00 216.00 220.00 213.00 42.18
158.00 225.00 220.00 209.00 38.36
156.00 229.00 222.00 213.00 40.96
157.00 219.00 217.00 218.00 35.91
154.00 217.00 229.00 212.00 38.25
156.00 208.00 217.00 212.00 41.12
157.00 213.00 226.00 209.00 40.64
157.00 208.00 233.00 209.00 42.34
154.00 202.00 231.00 210.00 42.02
155.00 227.00 238.00 209.00 35.97
156.00 227.00 225.00 211.00 42.66
157.00 227.00 216.00 212.00 38.09
155.00 221.00 231.00 210.00 41.49
151.00 220.00 211.00 204.00 40.27
148.00 228.00 214.00 198.00 42.34
148.00 233.00 223.00 197.00 41.97
147.00 225.00 211.00 195.00 41.97
145.00 216.00 201.00 190.00 39.26
144.00 201.00 201.00 185.00 34.80
142.00 205.00 187.00 183.00 34.80
141.00 204.00 183.00 180.00 35.86
139.00 200.00 174.00 176.00 35.81
138.00 181.00 171.00 172.00 34.00
136.00 169.00 174.00 171.00 35.22
137.00 174.00 172.00 170.00 41.70
136.00 172.00 176.00 170.00 40.80
136.00 164.00 179.00 169.00 37.93
135.00 156.00 168.00 169.00 39.31
135.00 152.00 171.00 169.00 35.81
135.00 149.00 166.00 168.00 38.09
134.00 147.00 163.00 168.00 39.79
132.00 145.00 158.00 169.00 40.64
134.00 141.00 152.00 170.00 37.29
133.00 144.00 157.00 170.00 41.28
135.00 141.00 154.00 170.00 40.43
136.00 142.00 148.00 171.00 32.46
135.00 138.00 146.00 168.00 36.98
135.00 138.00 142.00 170.00 39.90
136.00 139.00 140.00 171.00 40.85
134.00 139.00 144.00 168.00 40.43
133.00 140.00 144.00 167.00 37.45
132.00 139.00 148.00 166.00 34.16
132.00 138.00 151.00 164.00 35.49
133.00 134.00 151.00 168.00 33.47
132.00 135.00 160.00 167.00 33.95
133.00 134.00 156.00 165.00 29.17
125.00 131.00 148.00 156.00 39.74
121.00 125.00 46.00 39.00 28.95