2.00 0.00 32.00 0.00 31.29
8.00 6.00 32.00 4.00 25.82
8.00 19.00 50.00 9.00 29.75
16.00 64.00 75.00 12.00 21.99
18.00 131.00 90.00 13.00 21.94
22.00 185.00 123.00 15.00 31.82
26.00 264.00 156.00 17.00 23.80
36.00 373.00 231.00 28.00 21.94
70.00 485.00 252.00 48.00 35.12
113.00 476.00 251.00 80.00 36.50
164.00 509.00 248.00 126.00 25.08
229.00 512.00 245.00 166.00 26.19
280.00 532.00 243.00 202.00 31.40
291.00 522.00 261.00 289.00 26.83
293.00 511.00 257.00 289.00 33.84
289.00 511.00 254.00 293.00 34.05
297.00 513.00 258.00 295.00 33.47
291.00 497.00 252.00 296.00 35.81
292.00 505.00 249.00 295.00 35.22
292.00 455.00 253.00 314.00 30.71
302.00 443.00 266.00 306.00 30.39
295.00 418.00 251.00 304.00 38.84
299.00 417.00 250.00 297.00 35.97
289.00 411.00 255.00 304.00 39.58
313.00 389.00 253.00 318.00 34.37
297.00 391.00 258.00 307.00 39.63
314.00 385.00 267.00 314.00 32.25
305.00 400.00 269.00 315.00 33.26
301.00 420.00 269.00 307.00 36.18
307.00 385.00 275.00 316.00 41.33
305.00 353.00 281.00 309.00 34.69
329.00 336.00 272.00 313.00 41.60
306.00 308.00 257.00 283.00 34.27
294.00 295.00 248.00 286.00 38.04
294.00 312.00 255.00 290.00 35.06
296.00 298.00 246.00 282.00 40.91
292.00 287.00 236.00 275.00 41.65
281.00 307.00 240.00 266.00 38.14
300.00 294.00 237.00 271.00 36.66
294.00 304.00 251.00 266.00 40.96
298.00 306.00 236.00 291.00 40.54
304.00 291.00 253.00 276.00 35.17
311.00 304.00 261.00 277.00 37.83
302.00 310.00 259.00 288.00 38.73
289.00 308.00 247.00 298.00 40.80
291.00 310.00 243.00 296.00 42.29
290.00 314.00 254.00 291.00 35.22
298.00 304.00 246.00 277.00 36.55
285.00 295.00 229.00 292.00 39.05
305.00 280.00 228.00 280.00 41.81
300.00 286.00 213.00 262.00 40.85
290.00 289.00 211.00 278.00 37.35
279.00 306.00 227.00 278.00 36.29
297.00 308.00 225.00 280.00 38.73
291.00 311.00 231.00 275.00 34.90
290.00 297.00 238.00 287.00 41.65
298.00 296.00 227.00 287.00 36.76
297.00 304.00 243.00 291.00 42.34
300.00 305.00 251.00 310.00 39.69
302.00 319.00 221.00 277.00 35.75
304.00 299.00 239.00 274.00 37.08
280.00 302.00 240.00 275.00 36.13
294.00 318.00 246.00 277.00 41.23
284.00 321.00 254.00 276.00 36.29
301.00 318.00 227.00 279.00 39.63
329.00 326.00 229.00 297.00 35.75
308.00 317.00 246.00 294.00 40.54
289.00 335.00 225.00 302.00 36.98
300.00 295.00 198.00 268.00 42.18
295.00 314.00 236.00 280.00 41.33
305.00 293.00 248.00 289.00 41.39
304.00 303.00 241.00 294.00 42.50
289.00 333.00 240.00 295.00 36.23
281.00 296.00 217.00 295.00 38.68
305.00 315.00 240.00 293.00 42.39
296.00 336.00 238.00 288.00 35.12
268.00 313.00 233.00 280.00 41.92
276.00 313.00 232.00 272.00 37.29
297.00 332.00 253.00 285.00 40.64
307.00 360.00 265.00 294.00 35.22
306.00 342.00 245.00 293.00 40.06
314.00 332.00 255.00 277.00 42.39
287.00 308.00 229.00 273.00 37.45
290.00 315.00 242.00 275.00 36.82
284.00 322.00 232.00 289.00 37.83
285.00 334.00 247.00 282.00 37.35
299.00 344.00 238.00 298.00 42.18
297.00 324.00 245.00 292.00 41.86
303.00 328.00 244.00 301.00 35.70
282.00 335.00 224.00 294.00 42.34
280.00 301.00 221.00 270.00 36.50
293.00 298.00 212.00 284.00 37.61
276.00 287.00 234.00 284.00 42.50
274.00 304.00 242.00 303.00 38.14
299.00 332.00 225.00 276.00 38.46
277.00 325.00 227.00 291.00 41.70
295.00 312.00 248.00 305.00 39.63
307.00 325.00 240.00 317.00 38.52
304.00 319.00 232.00 250.00 35.59
279.00 301.00 246.00 260.00 42.45
273.00 330.00 216.00 240.00 37.03
285.00 307.00 234.00 291.00 36.71
302.00 311.00 245.00 278.00 37.24
278.00 314.00 230.00 285.00 42.50
279.00 322.00 239.00 299.00 42.34
291.00 338.00 268.00 285.00 42.24
283.00 334.00 235.00 283.00 41.01
265.00 304.00 229.00 271.00 42.50
289.00 310.00 243.00 285.00 40.38
289.00 315.00 248.00 291.00 42.39
279.00 330.00 272.00 299.00 42.55
279.00 326.00 253.00 284.00 40.11
275.00 320.00 252.00 288.00 38.36
297.00 311.00 222.00 292.00 35.81
277.00 308.00 232.00 268.00 36.82
305.00 309.00 250.00 302.00 35.43
310.00 316.00 252.00 267.00 39.10
283.00 322.00 203.00 249.00 40.96
267.00 312.00 225.00 277.00 39.47
298.00 307.00 218.00 287.00 36.82
282.00 309.00 243.00 268.00 36.39
274.00 318.00 231.00 216.00 41.86
295.00 306.00 227.00 256.00 36.66
298.00 332.00 216.00 266.00 36.55
280.00 312.00 257.00 228.00 37.24
273.00 305.00 256.00 259.00 41.81
283.00 318.00 235.00 287.00 39.84
279.00 316.00 258.00 299.00 35.54
281.00 295.00 234.00 302.00 41.12
292.00 323.00 233.00 251.00 42.39
295.00 299.00 227.00 299.00 39.21
289.00 314.00 251.00 298.00 42.13
308.00 317.00 250.00 297.00 41.92
284.00 314.00 255.00 299.00 35.59
291.00 328.00 245.00 288.00 40.54
272.00 335.00 255.00 265.00 42.45
295.00 319.00 232.00 300.00 39.10
298.00 318.00 238.00 309.00 37.88
309.00 336.00 265.00 291.00 41.33
286.00 345.00 241.00 298.00 38.36
283.00 336.00 253.00 273.00 39.90
282.00 340.00 262.00 255.00 41.07
273.00 334.00 258.00 298.00 41.12
293.00 344.00 245.00 284.00 36.71
289.00 320.00 241.00 265.00 42.61
282.00 327.00 248.00 277.00 41.07
300.00 327.00 254.00 272.00 40.11
284.00 345.00 227.00 269.00 42.24
285.00 344.00 212.00 278.00 36.34
288.00 340.00 242.00 277.00 35.75
289.00 335.00 242.00 267.00 35.70
269.00 362.00 230.00 270.00 42.50
283.00 350.00 229.00 280.00 40.64
275.00 366.00 216.00 274.00 42.61
248.00 370.00 211.00 259.00 39.58
285.00 386.00 209.00 278.00 35.75
282.00 384.00 243.00 254.00 40.85
273.00 381.00 209.00 287.00 35.70
262.00 379.00 225.00 258.00 42.13
267.00 385.00 239.00 273.00 40.64
268.00 363.00 243.00 303.00 41.28
274.00 372.00 238.00 278.00 38.89
285.00 378.00 239.00 289.00 40.96
291.00 345.00 215.00 303.00 41.60
267.00 358.00 244.00 284.00 42.77
289.00 380.00 256.00 255.00 42.45
265.00 362.00 253.00 256.00 40.85
279.00 363.00 263.00 296.00 38.09
293.00 355.00 243.00 284.00 41.28
307.00 367.00 243.00 263.00 37.08
280.00 370.00 261.00 258.00 35.91
286.00 368.00 247.00 219.00 38.68
285.00 339.00 249.00 282.00 40.27
272.00 341.00 227.00 294.00 41.44
259.00 330.00 232.00 271.00 36.82
268.00 336.00 236.00 242.00 41.70
264.00 308.00 231.00 256.00 35.38
273.00 293.00 239.00 271.00 42.55
266.00 293.00 236.00 255.00 35.49
251.00 299.00 223.00 253.00 42.45
262.00 282.00 227.00 249.00 38.46
262.00 288.00 231.00 265.00 40.43
264.00 292.00 225.00 274.00 36.76
259.00 280.00 234.00 280.00 37.35
263.00 293.00 232.00 280.00 39.21
269.00 304.00 240.00 254.00 42.45
255.00 289.00 251.00 253.00 40.32
265.00 278.00 241.00 269.00 42.45
259.00 278.00 248.00 260.00 36.39
245.00 269.00 248.00 247.00 41.39
249.00 284.00 248.00 259.00 39.74
248.00 260.00 235.00 274.00 40.80
234.00 292.00 225.00 284.00 35.33
237.00 291.00 218.00 264.00 35.70
234.00 318.00 248.00 248.00 35.38
244.00 310.00 217.00 239.00 37.93
246.00 315.00 244.00 277.00 40.59
242.00 301.00 224.00 267.00 37.56
250.00 314.00 235.00 275.00 38.20
257.00 303.00 227.00 265.00 36.87
258.00 283.00 224.00 297.00 35.33
248.00 296.00 247.00 279.00 35.33
245.00 291.00 251.00 284.00 42.50
243.00 288.00 249.00 271.00 36.23
237.00 295.00 245.00 273.00 40.43
236.00 280.00 244.00 273.00 42.39
231.00 256.00 230.00 261.00 42.02
228.00 248.00 242.00 260.00 35.12
229.00 256.00 224.00 261.00 42.08
229.00 242.00 212.00 258.00 37.72
231.00 235.00 214.00 262.00 42.29
229.00 241.00 225.00 265.00 40.54
226.00 247.00 227.00 266.00 35.28
223.00 234.00 227.00 266.00 34.32
223.00 234.00 226.00 266.00 41.92
225.00 243.00 238.00 266.00 41.81
220.00 245.00 235.00 266.00 35.28
221.00 245.00 224.00 266.00 40.38
227.00 240.00 225.00 264.00 41.33
225.00 239.00 240.00 258.00 41.17
222.00 240.00 229.00 264.00 41.28
224.00 244.00 226.00 266.00 40.91
219.00 243.00 210.00 267.00 39.31
217.00 239.00 221.00 264.00 32.78
217.00 244.00 212.00 256.00 37.14
210.00 248.00 214.00 261.00 40.22
211.00 250.00 212.00 260.00 38.09
207.00 250.00 209.00 257.00 40.54
204.00 249.00 204.00 248.00 35.17
203.00 246.00 206.00 244.00 38.46
204.00 245.00 192.00 248.00 38.78
205.00 248.00 196.00 254.00 29.27
225.00 248.00 198.00 263.00 37.56
212.00 253.00 194.00 252.00 39.74
207.00 241.00 194.00 246.00 39.21
210.00 250.00 195.00 237.00 39.58
209.00 240.00 186.00 232.00 27.84
217.00 253.00 192.00 248.00 29.48
211.00 248.00 193.00 244.00 29.38
217.00 267.00 189.00 248.00 38.46
231.00 266.00 187.00 235.00 28.00
237.00 258.00 193.00 247.00 28.42
235.00 257.00 187.00 246.00 38.89
233.00 261.00 187.00 248.00 33.73
230.00 243.00 180.00 253.00 30.44
217.00 253.00 176.00 116.00 31.56
44.00 98.00 37.00 32.00 29.17
47.00 14.00 40.00 22.00 37.56
54.00 47.00 11.00 28.00 37.93

