29.00 37.00 98.00 56.00 27.41
53.00 30.00 103.00 61.00 34.27
79.00 44.00 176.00 54.00 25.50
127.00 32.00 177.00 10.00 23.91
112.00 27.00 184.00 10.00 34.85
109.00 24.00 188.00 52.00 25.23
104.00 23.00 194.00 53.00 36.07
100.00 25.00 188.00 44.00 35.81
103.00 27.00 189.00 30.00 31.61
96.00 26.00 191.00 45.00 30.87
94.00 27.00 189.00 10.00 37.14
91.00 25.00 191.00 10.00 24.97
88.00 24.00 188.00 56.00 34.16
89.00 27.00 191.00 11.00 34.21
87.00 29.00 191.00 45.00 36.18
85.00 27.00 190.00 11.00 25.82
83.00 32.00 190.00 11.00 29.43
85.00 24.00 188.00 51.00 27.94
83.00 24.00 191.00 63.00 33.95
83.00 25.00 195.00 61.00 36.98
83.00 25.00 192.00 54.00 36.60
86.00 29.00 196.00 15.00 36.39
91.00 37.00 200.00 19.00 30.44
119.00 43.00 194.00 19.00 36.02
155.00 65.00 219.00 35.00 33.10
275.00 122.00 199.00 35.00 31.18
288.00 225.00 196.00 179.00 36.71
275.00 279.00 200.00 39.00 32.46
293.00 280.00 212.00 41.00 36.29
282.00 271.00 202.00 36.00 29.38
282.00 267.00 243.00 202.00 35.54
283.00 281.00 248.00 40.00 30.71
285.00 280.00 258.00 40.00 35.12
307.00 301.00 252.00 259.00 39.05
245.00 282.00 258.00 29.00 39.26
201.00 245.00 249.00 25.00 40.38
73.00 203.00 256.00 22.00 37.51
48.00 96.00 110.00 91.00 41.54
57.00 71.00 89.00 53.00 35.59
42.00 35.00 50.00 40.00 41.23
31.00 26.00 42.00 32.00 39.84
24.00 19.00 36.00 25.00 39.53
22.00 17.00 31.00 20.00 33.10
16.00 6.00 17.00 6.00 38.09
22.00 16.00 15.00 5.00 27.04
4.00 2.00 13.00 5.00 33.04
4.00 1.00 12.00 4.00 32.30
3.00 1.00 12.00 3.00 30.23
3.00 1.00 12.00 3.00 29.59
3.00 0.00 9.00 3.00 31.45
2.00 0.00 9.00 3.00 27.36
3.00 0.00 8.00 2.00 30.39
41.00 36.00 30.00 106.00 24.65
248.00 53.00 93.00 169.00 19.44
269.00 67.00 171.00 240.00 31.56
273.00 139.00 207.00 236.00 21.68
300.00 191.00 214.00 231.00 25.02
229.00 183.00 192.00 228.00 30.97
215.00 169.00 186.00 217.00 37.14
215.00 150.00 178.00 208.00 24.33
198.00 130.00 171.00 193.00 35.43
160.00 117.00 167.00 199.00 34.85
139.00 103.00 173.00 190.00 24.01
123.00 94.00 172.00 180.00 35.43
116.00 76.00 171.00 170.00 34.43
100.00 64.00 169.00 151.00 27.57
82.00 58.00 169.00 131.00 35.91
67.00 50.00 167.00 114.00 34.74
52.00 39.00 170.00 104.00 28.26
39.00 30.00 169.00 94.00 33.89
33.00 24.00 169.00 85.00 24.86
49.00 20.00 168.00 79.00 24.86
79.00 18.00 166.00 73.00 31.29
70.00 18.00 166.00 70.00 26.24
79.00 19.00 166.00 68.00 30.39
101.00 16.00 168.00 63.00 32.94
127.00 23.00 169.00 62.00 22.74
147.00 23.00 171.00 64.00 33.89
144.00 40.00 193.00 77.00 29.59
175.00 48.00 195.00 112.00 22.05
237.00 78.00 220.00 185.00 23.27
256.00 77.00 217.00 240.00 35.70
267.00 150.00 244.00 248.00 36.87
273.00 239.00 241.00 280.00 34.85
266.00 208.00 211.00 236.00 36.39
258.00 245.00 257.00 267.00 31.61
243.00 242.00 233.00 284.00 37.51
290.00 266.00 232.00 261.00 30.12
270.00 246.00 232.00 265.00 31.82
263.00 248.00 235.00 277.00 34.11
260.00 229.00 225.00 253.00 40.59
241.00 255.00 231.00 249.00 38.99
274.00 240.00 235.00 272.00 38.09
268.00 255.00 239.00 256.00 33.42
256.00 231.00 229.00 253.00 34.11
203.00 235.00 228.00 250.00 41.86
225.00 237.00 226.00 269.00 41.97
257.00 233.00 231.00 266.00 41.76
267.00 246.00 239.00 284.00 37.40
245.00 241.00 234.00 282.00 38.68
218.00 238.00 241.00 265.00 41.92
229.00 221.00 231.00 260.00 41.76
252.00 264.00 244.00 257.00 34.80
287.00 270.00 239.00 264.00 40.48
288.00 278.00 242.00 271.00 41.54
286.00 276.00 235.00 269.00 36.29
263.00 255.00 253.00 279.00 38.41
215.00 240.00 243.00 294.00 39.79
260.00 263.00 241.00 290.00 39.63
269.00 253.00 240.00 276.00 41.17
231.00 246.00 234.00 271.00 36.92
267.00 239.00 228.00 244.00 38.14
254.00 260.00 229.00 244.00 40.16
271.00 241.00 222.00 256.00 36.02
257.00 239.00 225.00 249.00 36.82
254.00 258.00 237.00 238.00 40.06
244.00 230.00 226.00 245.00 37.77
243.00 252.00 228.00 260.00 39.84
255.00 234.00 235.00 254.00 41.97
272.00 258.00 240.00 250.00 39.05
248.00 268.00 234.00 241.00 42.45
246.00 237.00 240.00 262.00 42.34
250.00 260.00 242.00 265.00 42.50
208.00 257.00 237.00 273.00 37.93
268.00 238.00 234.00 277.00 37.88
240.00 253.00 237.00 272.00 42.66
238.00 230.00 232.00 267.00 42.66
238.00 242.00 237.00 248.00 38.04
244.00 268.00 233.00 254.00 42.08
231.00 242.00 237.00 257.00 39.69
227.00 239.00 232.00 251.00 39.42
199.00 231.00 239.00 264.00 40.43
212.00 262.00 243.00 266.00 35.86
206.00 272.00 229.00 263.00 36.50
240.00 265.00 247.00 263.00 37.14
242.00 268.00 292.00 266.00 40.69
262.00 278.00 247.00 279.00 42.82
229.00 279.00 246.00 289.00 38.25
274.00 283.00 249.00 274.00 42.61
260.00 252.00 236.00 256.00 41.49
236.00 239.00 248.00 261.00 40.96
205.00 222.00 246.00 267.00 42.24
200.00 216.00 247.00 240.00 40.96
171.00 206.00 233.00 242.00 42.50
164.00 191.00 240.00 250.00 35.97
160.00 203.00 232.00 232.00 41.17
187.00 220.00 228.00 254.00 38.25
159.00 217.00 228.00 254.00 36.34
165.00 210.00 229.00 241.00 36.29
162.00 192.00 227.00 256.00 39.31
170.00 202.00 226.00 242.00 40.80
155.00 192.00 221.00 239.00 39.90
150.00 186.00 233.00 227.00 41.86
159.00 179.00 234.00 234.00 42.66
141.00 187.00 230.00 241.00 42.77
94.00 189.00 229.00 229.00 42.66
101.00 188.00 232.00 220.00 42.61
83.00 162.00 59.00 60.00 38.09
37.00 65.00 30.00 24.00 40.54
18.00 38.00 17.00 21.00 41.86
13.00 27.00 13.00 17.00 40.48
11.00 21.00 10.00 10.00 30.76
9.00 16.00 8.00 7.00 31.13
8.00 12.00 7.00 6.00 33.68
7.00 7.00 7.00 5.00 36.29
6.00 5.00 6.00 5.00 25.55
5.00 4.00 5.00 4.00 35.12
5.00 3.00 5.00 4.00 33.89
5.00 3.00 6.00 4.00 25.82
24.00 35.00 47.00 115.00 33.73
42.00 55.00 43.00 132.00 32.67
52.00 68.00 65.00 219.00 35.33
82.00 70.00 77.00 216.00 24.81
100.00 81.00 86.00 196.00 29.06
129.00 62.00 92.00 193.00 38.30
123.00 28.00 72.00 188.00 37.61
104.00 24.00 68.00 172.00 38.89
89.00 28.00 70.00 151.00 34.00
76.00 26.00 71.00 167.00 39.37
67.00 31.00 66.00 166.00 27.36
56.00 26.00 63.00 163.00 36.50
45.00 22.00 69.00 165.00 38.52
37.00 23.00 68.00 164.00 35.59
30.00 20.00 69.00 164.00 26.67
24.00 25.00 68.00 163.00 32.46
19.00 23.00 72.00 164.00 37.56
18.00 21.00 70.00 165.00 30.55
18.00 20.00 71.00 161.00 37.99
16.00 17.00 73.00 160.00 30.65
15.00 16.00 71.00 163.00 36.76
15.00 16.00 74.00 188.00 27.94
15.00 16.00 71.00 214.00 30.12
15.00 16.00 75.00 210.00 33.95
15.00 16.00 74.00 203.00 27.78
16.00 18.00 75.00 170.00 30.60
17.00 20.00 72.00 163.00 38.68
19.00 32.00 75.00 195.00 34.43
26.00 37.00 86.00 195.00 39.10
37.00 78.00 98.00 228.00 35.65
69.00 139.00 107.00 224.00 28.58
107.00 210.00 114.00 245.00 29.38
126.00 266.00 120.00 254.00 40.32
142.00 271.00 122.00 256.00 38.78
164.00 263.00 118.00 239.00 36.18
237.00 245.00 122.00 251.00 39.05
233.00 245.00 133.00 244.00 34.00
240.00 225.00 142.00 232.00 34.90
255.00 244.00 158.00 255.00 33.42
238.00 217.00 166.00 249.00 38.99
249.00 245.00 176.00 240.00 40.59
238.00 231.00 200.00 263.00 41.44
256.00 214.00 206.00 265.00 42.08
267.00 251.00 205.00 268.00 39.42
252.00 259.00 208.00 250.00 39.90
260.00 245.00 211.00 256.00 35.22
260.00 252.00 215.00 254.00 40.32
261.00 264.00 212.00 255.00 37.93
255.00 244.00 206.00 246.00 41.07
258.00 254.00 202.00 254.00 36.66
261.00 253.00 196.00 260.00 36.07
226.00 249.00 195.00 260.00 35.97
234.00 255.00 195.00 242.00 36.39
232.00 262.00 196.00 242.00 42.39
236.00 247.00 198.00 242.00 39.58
252.00 221.00 197.00 203.00 35.59
142.00 62.00 106.00 28.00 42.02
105.00 23.00 100.00 21.00 40.48
74.00 12.00 90.00 19.00 34.96
49.00 11.00 87.00 16.00 33.89
31.00 9.00 86.00 15.00 40.32
18.00 9.00 79.00 13.00 30.44
9.00 8.00 74.00 13.00 29.59
7.00 7.00 70.00 12.00 38.30
7.00 8.00 69.00 12.00 30.12
6.00 7.00 68.00 11.00 28.79
6.00 6.00 66.00 11.00 35.75
5.00 6.00 65.00 11.00 24.17
5.00 5.00 65.00 10.00 23.48
5.00 5.00 64.00 10.00 28.00
5.00 5.00 65.00 9.00 21.25
5.00 4.00 63.00 9.00 25.77
5.00 4.00 63.00 8.00 27.68
4.00 4.00 60.00 7.00 27.89
4.00 3.00 63.00 7.00 31.40
5.00 3.00 70.00 16.00 31.77

