49.00 198.00 198.00 124.00 34.05
57.00 196.00 202.00 149.00 37.29
72.00 195.00 204.00 168.00 33.84
54.00 203.00 187.00 196.00 27.09
72.00 208.00 197.00 203.00 32.83
80.00 207.00 192.00 198.00 30.87
96.00 212.00 205.00 207.00 36.34
96.00 199.00 194.00 202.00 33.89
106.00 201.00 206.00 207.00 33.52
117.00 212.00 200.00 210.00 33.58
135.00 211.00 210.00 215.00 36.34
139.00 212.00 211.00 216.00 31.56
147.00 214.00 208.00 211.00 35.97
154.00 212.00 202.00 210.00 36.23
164.00 212.00 213.00 210.00 35.70
170.00 210.00 218.00 205.00 37.45
174.00 209.00 213.00 213.00 30.97
179.00 216.00 232.00 203.00 34.37
193.00 212.00 208.00 208.00 41.28
204.00 208.00 217.00 200.00 31.88
203.00 207.00 208.00 201.00 41.07
202.00 209.00 209.00 194.00 41.12
202.00 208.00 195.00 199.00 41.23
203.00 207.00 193.00 195.00 31.88
192.00 201.00 211.00 200.00 37.77
208.00 216.00 215.00 199.00 38.46
208.00 215.00 191.00 197.00 32.46
203.00 219.00 209.00 204.00 39.79
195.00 214.00 210.00 202.00 37.35
206.00 215.00 205.00 194.00 34.64
202.00 220.00 195.00 191.00 41.39
206.00 219.00 194.00 187.00 39.42
200.00 211.00 208.00 188.00 40.32
195.00 208.00 214.00 190.00 40.75
192.00 209.00 210.00 187.00 41.12
200.00 201.00 216.00 195.00 41.01
197.00 204.00 199.00 196.00 35.59
196.00 202.00 206.00 192.00 35.97
199.00 201.00 193.00 192.00 35.17
195.00 199.00 185.00 188.00 39.74
194.00 199.00 200.00 195.00 41.23
200.00 196.00 185.00 186.00 35.49
198.00 201.00 197.00 192.00 35.97
212.00 177.00 206.00 198.00 36.55
209.00 180.00 216.00 213.00 38.25
207.00 202.00 212.00 188.00 33.52
220.00 199.00 214.00 191.00 41.49
192.00 203.00 190.00 190.00 36.76
210.00 192.00 197.00 191.00 37.61
210.00 206.00 196.00 201.00 41.12
207.00 209.00 204.00 180.00 41.65
209.00 211.00 204.00 174.00 39.95
203.00 213.00 208.00 198.00 41.76
204.00 214.00 203.00 195.00 41.65
219.00 215.00 185.00 194.00 41.28
217.00 209.00 185.00 179.00 33.42
211.00 219.00 181.00 175.00 41.01
206.00 210.00 198.00 201.00 34.80
208.00 198.00 194.00 188.00 33.47
217.00 203.00 205.00 185.00 40.48
208.00 209.00 184.00 180.00 35.22
210.00 213.00 201.00 191.00 37.08
206.00 206.00 197.00 186.00 34.85
202.00 209.00 174.00 178.00 41.07
222.00 208.00 199.00 191.00 37.24
201.00 211.00 199.00 190.00 38.14
216.00 205.00 198.00 183.00 40.43
208.00 209.00 190.00 176.00 41.60
206.00 204.00 195.00 185.00 42.08
208.00 223.00 182.00 190.00 42.13
223.00 193.00 196.00 192.00 42.08
210.00 185.00 192.00 183.00 41.17
208.00 196.00 197.00 193.00 33.95
209.00 193.00 200.00 190.00 42.08
208.00 196.00 199.00 182.00 35.81
210.00 206.00 206.00 183.00 39.31
204.00 206.00 201.00 223.00 40.38
218.00 210.00 178.00 196.00 37.67
218.00 214.00 186.00 191.00 39.90
216.00 211.00 206.00 203.00 37.67
224.00 212.00 206.00 197.00 36.71
211.00 203.00 197.00 187.00 37.45
218.00 198.00 182.00 187.00 36.34
204.00 204.00 203.00 186.00 40.69
202.00 203.00 177.00 184.00 35.49
197.00 207.00 180.00 188.00 38.78
201.00 208.00 179.00 188.00 34.85
207.00 210.00 176.00 192.00 39.84
203.00 195.00 185.00 191.00 37.56
207.00 208.00 190.00 187.00 40.22
208.00 208.00 189.00 191.00 36.76
206.00 202.00 187.00 189.00 40.06
210.00 205.00 185.00 188.00 41.44
205.00 205.00 194.00 194.00 40.91
205.00 209.00 193.00 187.00 37.83
209.00 196.00 193.00 186.00 42.24
213.00 201.00 196.00 199.00 42.39
203.00 199.00 187.00 201.00 41.92
207.00 215.00 199.00 192.00 38.36
191.00 213.00 186.00 187.00 39.42
206.00 211.00 194.00 203.00 34.48
211.00 203.00 193.00 193.00 40.91
219.00 212.00 191.00 192.00 42.02
211.00 207.00 198.00 193.00 36.34
212.00 198.00 188.00 205.00 38.73
215.00 203.00 196.00 187.00 42.13
223.00 217.00 199.00 191.00 34.37
212.00 209.00 199.00 195.00 34.96
200.00 203.00 195.00 202.00 41.17
203.00 209.00 218.00 190.00 34.64
210.00 208.00 190.00 192.00 35.97
213.00 205.00 186.00 205.00 34.32
211.00 208.00 194.00 192.00 41.70
210.00 206.00 208.00 198.00 39.79
203.00 205.00 201.00 204.00 41.97
206.00 206.00 199.00 200.00 35.49
204.00 214.00 197.00 195.00 39.90
201.00 215.00 193.00 189.00 41.33
209.00 227.00 193.00 191.00 37.56
196.00 212.00 199.00 191.00 36.07
208.00 206.00 206.00 193.00 34.64
205.00 198.00 210.00 201.00 35.54
206.00 204.00 207.00 197.00 41.81
215.00 213.00 201.00 191.00 41.92
215.00 217.00 184.00 196.00 38.20
213.00 217.00 200.00 199.00 39.37
229.00 217.00 195.00 197.00 34.43
214.00 216.00 204.00 188.00 40.38
219.00 222.00 196.00 223.00 39.90
220.00 208.00 196.00 198.00 38.89
219.00 215.00 205.00 188.00 36.18
223.00 214.00 194.00 188.00 42.34
223.00 219.00 197.00 187.00 35.38
220.00 210.00 202.00 199.00 34.53
217.00 214.00 198.00 192.00 41.12
205.00 217.00 201.00 191.00 40.48
213.00 215.00 192.00 199.00 40.54
217.00 213.00 207.00 204.00 41.28
213.00 214.00 194.00 207.00 36.39
211.00 213.00 194.00 189.00 34.48
219.00 209.00 195.00 198.00 35.75
210.00 208.00 192.00 201.00 42.24
208.00 216.00 207.00 200.00 39.90
198.00 198.00 186.00 201.00 38.99
208.00 204.00 193.00 218.00 35.97
199.00 206.00 192.00 215.00 41.65
210.00 212.00 184.00 190.00 38.84
200.00 195.00 185.00 202.00 42.29
168.00 215.00 192.00 202.00 41.12
203.00 196.00 201.00 214.00 41.70
207.00 213.00 204.00 211.00 40.91
197.00 218.00 209.00 216.00 35.43
200.00 217.00 214.00 213.00 34.32
202.00 216.00 200.00 191.00 41.97
205.00 213.00 207.00 209.00 38.52
199.00 204.00 201.00 211.00 35.28
200.00 194.00 197.00 208.00 41.44
181.00 190.00 195.00 200.00 37.35
188.00 193.00 199.00 193.00 40.32
197.00 201.00 201.00 209.00 42.24
215.00 206.00 203.00 213.00 39.47
207.00 198.00 214.00 199.00 35.91
189.00 201.00 197.00 200.00 39.84
197.00 191.00 199.00 194.00 34.80
205.00 194.00 200.00 191.00 41.49
190.00 188.00 194.00 190.00 41.86
204.00 199.00 202.00 204.00 34.48
198.00 194.00 189.00 211.00 35.70
202.00 196.00 193.00 201.00 36.50
194.00 203.00 203.00 203.00 40.48
210.00 202.00 207.00 213.00 40.38
205.00 207.00 197.00 215.00 37.77
201.00 203.00 196.00 214.00 42.13
206.00 210.00 200.00 219.00 38.99
224.00 217.00 205.00 199.00 40.27
207.00 205.00 192.00 192.00 36.98
185.00 202.00 191.00 184.00 34.80
191.00 189.00 201.00 197.00 41.60
194.00 186.00 191.00 193.00 35.38
203.00 195.00 186.00 200.00 37.51
189.00 203.00 192.00 192.00 39.74
190.00 193.00 191.00 199.00 41.44
202.00 190.00 199.00 191.00 42.18
189.00 194.00 191.00 202.00 40.69
207.00 196.00 207.00 210.00 36.92
193.00 195.00 194.00 193.00 42.29
204.00 193.00 204.00 194.00 41.54
198.00 202.00 185.00 205.00 38.52
197.00 204.00 187.00 193.00 38.14
204.00 204.00 208.00 192.00 35.43
206.00 205.00 196.00 202.00 34.53
198.00 208.00 188.00 201.00 37.67
199.00 203.00 184.00 198.00 39.58
197.00 201.00 175.00 195.00 42.13
190.00 205.00 173.00 191.00 35.38
198.00 202.00 178.00 176.00 40.91
178.00 205.00 170.00 180.00 37.29
191.00 205.00 161.00 181.00 34.53
190.00 204.00 165.00 194.00 41.39
198.00 204.00 183.00 213.00 40.38
205.00 205.00 179.00 207.00 42.29
207.00 202.00 179.00 157.00 40.38
184.00 198.00 177.00 211.00 42.29
190.00 197.00 180.00 186.00 39.21
203.00 200.00 179.00 184.00 39.53
191.00 186.00 172.00 195.00 35.65
193.00 189.00 176.00 181.00 41.76
189.00 199.00 175.00 188.00 40.75
202.00 207.00 190.00 184.00 38.52
212.00 213.00 177.00 195.00 42.02
206.00 208.00 166.00 192.00 36.55
208.00 206.00 178.00 182.00 41.07
201.00 203.00 182.00 183.00 40.75
200.00 208.00 168.00 190.00 37.72
203.00 192.00 173.00 198.00 35.17
202.00 197.00 176.00 176.00 41.81
191.00 194.00 174.00 183.00 37.83
183.00 199.00 166.00 187.00 42.08
193.00 201.00 169.00 183.00 41.81
193.00 204.00 177.00 188.00 40.32
200.00 209.00 161.00 190.00 37.77
207.00 205.00 181.00 190.00 41.97
200.00 207.00 166.00 188.00 35.38
200.00 204.00 169.00 192.00 36.60
202.00 208.00 167.00 190.00 35.12
193.00 220.00 161.00 184.00 36.55
212.00 228.00 170.00 187.00 40.69
181.00 211.00 158.00 184.00 40.32
190.00 199.00 156.00 181.00 39.63
175.00 191.00 150.00 183.00 41.86
201.00 201.00 158.00 186.00 36.98
198.00 203.00 146.00 179.00 37.14
213.00 210.00 148.00 186.00 35.54
201.00 206.00 149.00 196.00 42.13
195.00 207.00 153.00 197.00 34.48
190.00 204.00 160.00 182.00 38.41
172.00 203.00 160.00 187.00 35.91
207.00 208.00 176.00 185.00 41.17
129.00 209.00 158.00 185.00 41.60
198.00 205.00 171.00 175.00 39.58
190.00 207.00 156.00 182.00 42.13
189.00 207.00 167.00 204.00 40.22
187.00 208.00 156.00 181.00 36.60
174.00 210.00 164.00 180.00 40.43
152.00 207.00 192.00 180.00 41.86
130.00 207.00 188.00 178.00 34.69
158.00 205.00 187.00 182.00 37.67
208.00 188.00 164.00 197.00 41.86
203.00 213.00 158.00 180.00 34.80
202.00 196.00 146.00 193.00 41.44
201.00 182.00 152.00 183.00 36.55
199.00 182.00 163.00 177.00 38.30
190.00 186.00 165.00 192.00 41.60
97.00 200.00 151.00 188.00 35.17
157.00 206.00 189.00 197.00 38.73
202.00 197.00 160.00 196.00 41.70
209.00 213.00 151.00 194.00 41.28
210.00 215.00 186.00 199.00 41.92
129.00 222.00 184.00 217.00 37.72
208.00 214.00 170.00 200.00 40.11
222.00 216.00 166.00 194.00 37.93
202.00 213.00 165.00 195.00 34.27
195.00 216.00 183.00 175.00 38.14
160.00 210.00 169.00 179.00 36.02
189.00 230.00 184.00 184.00 36.44
205.00 215.00 162.00 198.00 42.18
205.00 215.00 175.00 172.00 41.81
199.00 207.00 153.00 172.00 42.13
187.00 207.00 176.00 183.00 41.39
192.00 204.00 165.00 178.00 40.75
137.00 200.00 164.00 174.00 42.13
190.00 201.00 156.00 177.00 40.38
192.00 200.00 161.00 172.00 39.21
185.00 198.00 165.00 171.00 41.76
186.00 202.00 165.00 168.00 39.10
193.00 199.00 174.00 176.00 42.24
171.00 188.00 175.00 183.00 37.77
136.00 192.00 174.00 170.00 40.85
190.00 194.00 175.00 176.00 38.30
188.00 191.00 172.00 174.00 40.85
130.00 193.00 197.00 190.00 35.33
184.00 182.00 172.00 200.00 42.13
180.00 179.00 171.00 177.00 34.80
168.00 188.00 184.00 191.00 37.93
174.00 184.00 168.00 183.00 39.69
173.00 184.00 148.00 175.00 42.08
171.00 182.00 191.00 171.00 40.96
185.00 181.00 193.00 175.00 34.11
156.00 184.00 186.00 174.00 42.02
181.00 172.00 182.00 170.00 40.06
163.00 178.00 186.00 184.00 34.00
172.00 174.00 188.00 176.00 34.80
167.00 176.00 184.00 180.00 41.65
154.00 180.00 182.00 177.00 40.54
157.00 190.00 182.00 176.00 32.35
159.00 192.00 182.00 187.00 40.00
159.00 186.00 175.00 170.00 37.03
159.00 174.00 169.00 168.00 37.99
155.00 164.00 179.00 167.00 37.56
156.00 162.00 169.00 164.00 40.27
161.00 163.00 166.00 167.00 37.29
164.00 166.00 161.00 170.00 33.63
163.00 168.00 164.00 164.00 31.45
168.00 161.00 168.00 171.00 30.55
165.00 159.00 171.00 172.00 39.21
167.00 158.00 172.00 171.00 39.95
164.00 157.00 168.00 164.00 36.13
162.00 156.00 159.00 161.00 39.42
163.00 156.00 149.00 161.00 33.79
164.00 156.00 142.00 155.00 31.77
163.00 156.00 140.00 158.00 34.48
166.00 157.00 140.00 162.00 36.82
164.00 156.00 141.00 161.00 39.74
165.00 157.00 143.00 160.00 39.53
162.00 155.00 151.00 162.00 39.90
166.00 152.00 66.00 61.00 38.14
47.00 48.00 34.00 33.00 39.53
77.00 49.00 45.00 41.00 39.84
28.00 9.00 27.00 40.00 29.59
44.00 26.00 27.00 22.00 39.37
47.00 16.00 33.00 37.00 32.73
44.00 14.00 32.00 37.00 29.64
39.00 11.00 33.00 44.00 39.90
51.00 17.00 27.00 32.00 37.08
48.00 20.00 32.00 2.00 29.17
45.00 21.00 17.00 23.00 36.66
28.00 47.00 52.00 133.00 35.49
41.00 46.00 44.00 185.00 31.45
57.00 76.00 80.00 253.00 33.79
142.00 69.00 244.00 234.00 26.88
161.00 29.00 243.00 203.00 27.47
152.00 23.00 225.00 201.00 38.68
150.00 23.00 245.00 195.00 36.92
146.00 21.00 240.00 195.00 38.57
146.00 20.00 232.00 195.00 27.68
145.00 20.00 227.00 195.00 27.36
147.00 20.00 227.00 195.00 25.50
148.00 21.00 226.00 196.00 37.61
148.00 22.00 224.00 195.00 37.29
150.00 22.00 223.00 194.00 28.58
148.00 22.00 220.00 192.00 35.91
146.00 22.00 221.00 193.00 24.76
145.00 22.00 219.00 192.00 31.50
145.00 21.00 217.00 192.00 29.64
145.00 21.00 216.00 192.00 24.86
143.00 21.00 215.00 191.00 36.82
145.00 20.00 214.00 192.00 29.86
145.00 21.00 216.00 196.00 36.92
148.00 20.00 212.00 193.00 32.46