31.00 28.00 36.00 26.00 37.24
30.00 55.00 54.00 119.00 36.29
51.00 74.00 83.00 225.00 30.65
170.00 119.00 85.00 266.00 26.03
250.00 153.00 111.00 278.00 36.07
234.00 115.00 237.00 264.00 29.59
215.00 272.00 238.00 256.00 38.89
237.00 268.00 238.00 268.00 37.29
241.00 281.00 245.00 272.00 33.79
250.00 290.00 251.00 268.00 31.72
252.00 279.00 247.00 259.00 29.64
243.00 274.00 241.00 259.00 40.11
245.00 266.00 244.00 253.00 34.74
240.00 263.00 243.00 249.00 36.98
233.00 269.00 238.00 252.00 38.84
233.00 272.00 238.00 249.00 38.09
238.00 261.00 244.00 236.00 33.15
233.00 258.00 234.00 231.00 34.85
237.00 260.00 234.00 226.00 39.58
227.00 260.00 235.00 226.00 35.75
228.00 262.00 232.00 224.00 28.69
223.00 263.00 235.00 228.00 34.00
231.00 265.00 229.00 222.00 34.21
233.00 269.00 230.00 224.00 39.37
232.00 250.00 230.00 222.00 39.84
228.00 264.00 235.00 221.00 39.05
225.00 246.00 240.00 228.00 39.26
233.00 286.00 258.00 253.00 32.51
240.00 293.00 265.00 281.00 35.75
249.00 280.00 267.00 281.00 39.69
265.00 305.00 261.00 288.00 32.30
260.00 278.00 276.00 284.00 35.06
275.00 290.00 273.00 282.00 39.37
262.00 300.00 275.00 295.00 41.01
285.00 329.00 264.00 294.00 35.22
273.00 328.00 266.00 298.00 39.90
259.00 320.00 261.00 305.00 40.11
274.00 302.00 260.00 271.00 38.94
269.00 308.00 267.00 289.00 39.10
280.00 299.00 269.00 269.00 38.25
276.00 297.00 283.00 310.00 36.02
257.00 291.00 267.00 291.00 40.80
276.00 300.00 267.00 295.00 36.23
272.00 290.00 269.00 280.00 41.23
247.00 280.00 268.00 274.00 35.38
267.00 299.00 274.00 276.00 36.82
265.00 283.00 261.00 272.00 35.33
263.00 278.00 266.00 279.00 35.43
254.00 271.00 263.00 296.00 42.08
246.00 294.00 248.00 277.00 39.84
257.00 281.00 255.00 277.00 42.50
258.00 282.00 272.00 279.00 42.29
254.00 282.00 250.00 266.00 42.61
251.00 277.00 251.00 273.00 38.73
261.00 296.00 270.00 270.00 42.66
248.00 285.00 243.00 265.00 41.44
243.00 296.00 254.00 255.00 36.13
245.00 276.00 243.00 279.00 35.81
249.00 269.00 257.00 269.00 42.18
251.00 289.00 258.00 276.00 37.93
247.00 279.00 239.00 269.00 42.34
250.00 283.00 254.00 256.00 40.48
257.00 282.00 243.00 270.00 42.82
258.00 281.00 242.00 290.00 40.80
249.00 277.00 256.00 275.00 42.61
247.00 284.00 252.00 263.00 36.39
259.00 281.00 256.00 275.00 42.08
235.00 288.00 241.00 271.00 42.39
248.00 285.00 264.00 287.00 37.40
247.00 293.00 268.00 267.00 42.18
245.00 290.00 268.00 267.00 42.66
242.00 284.00 256.00 270.00 41.01
253.00 280.00 263.00 274.00 40.16
254.00 292.00 248.00 275.00 36.13
229.00 288.00 254.00 272.00 42.24
234.00 270.00 252.00 274.00 36.13
230.00 277.00 248.00 273.00 39.31
231.00 265.00 250.00 265.00 40.69
226.00 273.00 249.00 272.00 42.71
239.00 271.00 241.00 260.00 41.12
244.00 277.00 256.00 266.00 42.77
235.00 262.00 242.00 269.00 41.54
242.00 273.00 255.00 264.00 42.02
228.00 270.00 259.00 261.00 36.98
248.00 263.00 249.00 266.00 36.18
245.00 264.00 253.00 266.00 40.69
256.00 272.00 244.00 275.00 40.96
236.00 274.00 256.00 278.00 39.47
233.00 267.00 242.00 258.00 36.29
244.00 276.00 273.00 259.00 41.92
244.00 282.00 242.00 262.00 42.66
232.00 273.00 252.00 271.00 36.39
227.00 271.00 253.00 266.00 38.20
225.00 261.00 258.00 278.00 38.36
228.00 273.00 263.00 266.00 42.13
252.00 257.00 261.00 283.00 39.95
248.00 281.00 252.00 263.00 41.33
220.00 269.00 252.00 258.00 38.14
225.00 271.00 251.00 272.00 39.69
227.00 274.00 243.00 271.00 37.88
229.00 252.00 252.00 269.00 36.71
221.00 269.00 241.00 267.00 39.47
235.00 263.00 254.00 266.00 42.77
240.00 271.00 251.00 262.00 41.12
223.00 247.00 242.00 275.00 37.03
235.00 274.00 259.00 279.00 36.76
242.00 260.00 258.00 276.00 42.18
256.00 277.00 262.00 270.00 41.65
235.00 278.00 262.00 282.00 40.91
258.00 262.00 256.00 272.00 40.11
245.00 273.00 263.00 272.00 39.74
239.00 270.00 240.00 271.00 39.47
241.00 267.00 234.00 259.00 39.95
222.00 248.00 232.00 274.00 36.92
189.00 248.00 244.00 254.00 36.39
183.00 229.00 238.00 269.00 42.82
199.00 245.00 220.00 261.00 40.48
202.00 235.00 240.00 269.00 36.23
201.00 257.00 239.00 270.00 40.27
208.00 254.00 230.00 265.00 42.66
205.00 240.00 222.00 272.00 40.00
200.00 259.00 223.00 275.00 42.82
204.00 251.00 209.00 252.00 42.77
208.00 260.00 239.00 262.00 38.52
215.00 256.00 255.00 246.00 40.69
206.00 250.00 237.00 225.00 39.05
208.00 256.00 231.00 211.00 42.29
204.00 252.00 224.00 239.00 42.45
188.00 247.00 210.00 239.00 41.86
180.00 251.00 204.00 224.00 40.11
175.00 257.00 204.00 206.00 41.81
175.00 253.00 192.00 199.00 39.90
172.00 244.00 183.00 195.00 35.22
171.00 265.00 189.00 192.00 38.99
167.00 250.00 180.00 186.00 34.37
170.00 231.00 176.00 188.00 33.36
168.00 232.00 190.00 189.00 33.84
168.00 228.00 183.00 188.00 38.14
167.00 230.00 184.00 185.00 39.42
170.00 233.00 186.00 186.00 39.58
165.00 232.00 182.00 180.00 33.58
166.00 231.00 179.00 180.00 40.54
162.00 221.00 176.00 175.00 39.84
158.00 219.00 175.00 173.00 31.45
158.00 219.00 174.00 172.00 40.27
155.00 215.00 170.00 169.00 40.11
156.00 227.00 167.00 168.00 36.18
153.00 228.00 167.00 166.00 37.88
155.00 213.00 163.00 166.00 34.11
153.00 215.00 163.00 164.00 29.59
154.00 216.00 163.00 163.00 38.73
153.00 219.00 162.00 164.00 29.43
152.00 214.00 161.00 163.00 32.57
152.00 208.00 158.00 162.00 36.50
150.00 219.00 159.00 161.00 34.32
151.00 219.00 158.00 162.00 37.08
156.00 210.00 146.00 151.00 37.72
143.00 204.00 88.00 74.00 33.15
99.00 37.00 78.00 51.00 35.12
76.00 87.00 86.00 75.00 28.90
84.00 42.00 1.00 7.00 36.07

