34.00 32.00 56.00 64.00 28.10
20.00 20.00 81.00 65.00 20.56
18.00 18.00 86.00 75.00 29.01
18.00 17.00 79.00 107.00 23.48
18.00 19.00 79.00 108.00 25.13
17.00 23.00 89.00 145.00 33.10
18.00 20.00 97.00 167.00 31.72
21.00 22.00 81.00 209.00 27.15
21.00 22.00 82.00 226.00 29.22
19.00 21.00 73.00 220.00 22.42
21.00 22.00 78.00 223.00 30.18
20.00 22.00 76.00 218.00 31.56
21.00 23.00 74.00 219.00 25.08
20.00 23.00 73.00 222.00 34.21
20.00 23.00 73.00 218.00 34.27
20.00 23.00 79.00 222.00 33.15
21.00 25.00 78.00 226.00 28.00
21.00 26.00 78.00 217.00 26.08
22.00 28.00 78.00 221.00 34.21
21.00 24.00 72.00 217.00 34.16
21.00 26.00 75.00 225.00 26.88
21.00 26.00 78.00 226.00 23.43
25.00 28.00 80.00 236.00 33.89
27.00 32.00 95.00 239.00 24.97
27.00 31.00 118.00 224.00 26.88
28.00 36.00 124.00 241.00 24.65
30.00 30.00 152.00 248.00 34.96
69.00 38.00 191.00 242.00 26.46
116.00 50.00 205.00 262.00 26.99
188.00 72.00 210.00 259.00 36.66
201.00 85.00 207.00 252.00 29.91
192.00 118.00 208.00 252.00 25.82
208.00 130.00 239.00 253.00 27.04
221.00 132.00 229.00 249.00 34.74
228.00 151.00 232.00 270.00 35.97
246.00 190.00 257.00 279.00 29.22
235.00 210.00 266.00 266.00 29.22
220.00 212.00 257.00 266.00 29.17
238.00 208.00 251.00 243.00 40.27
229.00 219.00 256.00 248.00 40.06
226.00 230.00 254.00 267.00 35.54
237.00 235.00 261.00 262.00 31.13
252.00 228.00 258.00 257.00 31.18
244.00 226.00 263.00 261.00 31.45
249.00 218.00 260.00 262.00 34.64
249.00 219.00 259.00 265.00 40.27
230.00 224.00 267.00 267.00 39.21
229.00 231.00 261.00 257.00 32.99
236.00 257.00 271.00 254.00 40.16
247.00 253.00 261.00 262.00 35.49
254.00 224.00 261.00 259.00 33.52
258.00 229.00 247.00 255.00 36.23
239.00 234.00 243.00 258.00 38.41
239.00 246.00 248.00 268.00 35.17
257.00 243.00 254.00 259.00 34.05
240.00 235.00 243.00 251.00 39.79
229.00 233.00 237.00 259.00 39.79
243.00 228.00 251.00 262.00 35.59
248.00 222.00 264.00 256.00 33.84
262.00 273.00 268.00 258.00 41.60
246.00 258.00 254.00 254.00 41.07
229.00 241.00 268.00 247.00 40.38
200.00 235.00 241.00 253.00 37.35
229.00 234.00 243.00 253.00 37.88
248.00 231.00 241.00 254.00 38.04
238.00 249.00 259.00 259.00 40.91
211.00 247.00 257.00 251.00 41.23
223.00 236.00 254.00 257.00 40.64
257.00 226.00 254.00 234.00 42.13
213.00 240.00 256.00 252.00 34.53
252.00 243.00 262.00 250.00 38.41
283.00 240.00 261.00 262.00 37.29
232.00 239.00 259.00 261.00 42.13
192.00 236.00 264.00 257.00 34.21
243.00 240.00 232.00 250.00 42.13
204.00 267.00 262.00 270.00 42.24
245.00 256.00 243.00 266.00 41.86
237.00 240.00 244.00 263.00 35.12
262.00 239.00 246.00 256.00 36.44
250.00 252.00 243.00 261.00 41.54
249.00 271.00 258.00 255.00 39.15
255.00 263.00 258.00 249.00 39.10
224.00 269.00 261.00 252.00 34.64
230.00 259.00 237.00 242.00 36.92
244.00 248.00 259.00 251.00 41.97
265.00 257.00 264.00 257.00 42.29
225.00 282.00 274.00 235.00 42.24
237.00 259.00 254.00 253.00 38.14
232.00 246.00 250.00 262.00 35.17
226.00 250.00 254.00 247.00 35.91
228.00 240.00 272.00 271.00 41.97
261.00 250.00 264.00 272.00 41.97
206.00 249.00 260.00 267.00 41.39
259.00 253.00 252.00 250.00 38.52
233.00 232.00 234.00 235.00 35.38
220.00 259.00 253.00 239.00 38.20
222.00 256.00 249.00 257.00 37.93
258.00 269.00 252.00 260.00 36.98
211.00 268.00 251.00 266.00 41.49
220.00 276.00 253.00 246.00 42.39
257.00 267.00 242.00 237.00 38.94
209.00 259.00 242.00 231.00 38.41
249.00 252.00 249.00 248.00 40.00
232.00 254.00 270.00 251.00 42.08
218.00 274.00 262.00 248.00 40.11
233.00 257.00 258.00 253.00 35.75
213.00 261.00 257.00 259.00 42.29
257.00 238.00 241.00 252.00 39.95
183.00 258.00 258.00 255.00 41.60
248.00 262.00 277.00 271.00 39.31
249.00 263.00 256.00 253.00 42.45
236.00 249.00 261.00 242.00 42.45
216.00 256.00 252.00 255.00 38.68
216.00 249.00 252.00 257.00 42.02
214.00 245.00 249.00 254.00 42.39
203.00 269.00 260.00 264.00 35.91
244.00 260.00 267.00 264.00 37.83
256.00 243.00 256.00 254.00 36.60
237.00 243.00 246.00 241.00 35.65
258.00 229.00 258.00 234.00 35.65
220.00 255.00 242.00 235.00 42.08
251.00 241.00 257.00 265.00 42.02
265.00 278.00 262.00 258.00 42.18
235.00 275.00 271.00 253.00 35.54
213.00 274.00 261.00 243.00 36.13
187.00 265.00 238.00 239.00 42.29
216.00 241.00 258.00 235.00 40.75
226.00 274.00 249.00 252.00 35.12
171.00 270.00 248.00 250.00 39.79
216.00 273.00 273.00 262.00 42.29
214.00 266.00 262.00 241.00 39.31
257.00 241.00 256.00 225.00 36.55
206.00 253.00 250.00 234.00 37.14
204.00 246.00 246.00 259.00 35.17
204.00 251.00 255.00 259.00 38.14
198.00 277.00 275.00 269.00 40.96
222.00 264.00 268.00 254.00 42.34
243.00 264.00 248.00 255.00 40.38
232.00 263.00 246.00 243.00 41.49
195.00 243.00 256.00 258.00 41.17
222.00 237.00 255.00 238.00 38.25
249.00 238.00 263.00 265.00 35.43
275.00 251.00 257.00 248.00 39.21
249.00 250.00 262.00 240.00 39.37
239.00 260.00 241.00 240.00 35.33
254.00 249.00 250.00 243.00 40.54
251.00 252.00 252.00 239.00 42.39
226.00 273.00 253.00 236.00 41.65
229.00 256.00 268.00 256.00 42.08
251.00 261.00 264.00 264.00 36.44
195.00 273.00 260.00 243.00 40.59
199.00 271.00 254.00 242.00 42.45
219.00 265.00 246.00 253.00 41.60
235.00 249.00 253.00 230.00 35.97
188.00 253.00 236.00 247.00 38.52
240.00 276.00 263.00 247.00 42.29
251.00 257.00 246.00 238.00 39.21
239.00 254.00 254.00 232.00 42.39
201.00 254.00 231.00 236.00 35.86
231.00 257.00 242.00 239.00 40.96
251.00 247.00 222.00 267.00 39.79
271.00 257.00 243.00 245.00 35.65
255.00 249.00 212.00 251.00 42.24
235.00 259.00 251.00 248.00 42.34
243.00 268.00 247.00 223.00 42.13
192.00 247.00 244.00 250.00 36.92
245.00 269.00 245.00 246.00 41.23
221.00 257.00 264.00 242.00 40.80
198.00 253.00 254.00 254.00 36.13
200.00 260.00 245.00 232.00 37.83
211.00 253.00 244.00 230.00 38.68
225.00 241.00 242.00 258.00 38.62
223.00 273.00 240.00 235.00 42.45
202.00 264.00 252.00 241.00 38.73
206.00 259.00 248.00 243.00 37.56
206.00 254.00 243.00 239.00 40.80
198.00 258.00 256.00 250.00 35.97
253.00 261.00 256.00 236.00 35.91
230.00 270.00 256.00 252.00 42.34
230.00 268.00 236.00 239.00 36.23
196.00 260.00 222.00 248.00 42.50
204.00 250.00 241.00 249.00 42.50
204.00 255.00 240.00 257.00 40.11
256.00 255.00 235.00 256.00 35.59
227.00 271.00 248.00 251.00 42.45
240.00 256.00 249.00 250.00 38.09
235.00 259.00 217.00 234.00 36.66
216.00 241.00 225.00 227.00 40.64
205.00 261.00 253.00 232.00 36.76
218.00 274.00 252.00 252.00 38.78
215.00 274.00 243.00 241.00 40.48
199.00 269.00 244.00 248.00 38.09
227.00 253.00 229.00 240.00 34.90
184.00 259.00 219.00 235.00 35.91
200.00 269.00 214.00 249.00 37.03
186.00 261.00 211.00 248.00 36.71
208.00 252.00 211.00 241.00 36.98
213.00 254.00 196.00 241.00 35.43
199.00 239.00 194.00 240.00 37.67
201.00 242.00 193.00 238.00 40.69
195.00 251.00 205.00 255.00 39.63
198.00 252.00 207.00 252.00 41.01
227.00 248.00 196.00 241.00 38.36
199.00 235.00 195.00 243.00 39.69
203.00 234.00 190.00 239.00 37.56
203.00 233.00 193.00 242.00 38.20
210.00 248.00 200.00 250.00 33.15
214.00 247.00 193.00 228.00 37.56
207.00 252.00 187.00 226.00 40.00
178.00 232.00 188.00 237.00 33.10
198.00 235.00 187.00 236.00 40.32
175.00 229.00 186.00 237.00 39.42
195.00 232.00 185.00 240.00 40.11
194.00 224.00 188.00 244.00 32.62
207.00 232.00 199.00 244.00 31.45
199.00 239.00 196.00 244.00 34.11
200.00 220.00 193.00 237.00 31.45
193.00 219.00 189.00 239.00 40.11
215.00 223.00 188.00 238.00 34.43
199.00 228.00 191.00 237.00 39.21
199.00 226.00 200.00 251.00 40.48
217.00 237.00 202.00 242.00 40.85
204.00 236.00 199.00 230.00 34.96
192.00 224.00 191.00 236.00 31.13
205.00 228.00 189.00 233.00 37.56
207.00 220.00 192.00 237.00 37.51
192.00 235.00 199.00 241.00 31.08
211.00 241.00 196.00 239.00 38.09
204.00 239.00 195.00 244.00 34.85
202.00 220.00 191.00 244.00 31.50
199.00 214.00 187.00 240.00 36.87
197.00 221.00 193.00 234.00 31.08
199.00 219.00 191.00 235.00 40.80
219.00 230.00 204.00 241.00 40.06
211.00 233.00 199.00 236.00 40.11
210.00 234.00 194.00 228.00 39.10
209.00 224.00 192.00 228.00 34.00
184.00 220.00 179.00 215.00 39.37
192.00 233.00 187.00 219.00 34.21
218.00 234.00 189.00 231.00 39.10
210.00 232.00 186.00 230.00 37.88
210.00 215.00 185.00 230.00 39.79
204.00 221.00 192.00 235.00 39.10
209.00 231.00 201.00 241.00 40.75
210.00 245.00 193.00 233.00 30.81
199.00 232.00 188.00 233.00 32.09
198.00 228.00 178.00 230.00 39.79
201.00 216.00 180.00 229.00 30.65
195.00 229.00 187.00 236.00 35.70
205.00 236.00 186.00 237.00 40.75
213.00 238.00 185.00 220.00 40.48
195.00 219.00 183.00 226.00 40.80
201.00 225.00 184.00 224.00 40.80
204.00 220.00 195.00 228.00 34.80
216.00 233.00 194.00 229.00 35.28
222.00 227.00 194.00 220.00 34.80
223.00 216.00 182.00 209.00 30.39
212.00 207.00 171.00 202.00 36.76
206.00 201.00 174.00 198.00 39.31
195.00 203.00 175.00 212.00 38.94
201.00 227.00 178.00 206.00 39.26
195.00 225.00 174.00 198.00 40.11
188.00 216.00 170.00 195.00 38.99
184.00 217.00 169.00 191.00 37.56
183.00 211.00 168.00 190.00 40.11
187.00 201.00 169.00 190.00 38.36
190.00 222.00 171.00 197.00 39.31
191.00 221.00 173.00 189.00 28.90
195.00 210.00 171.00 186.00 39.90
187.00 209.00 166.00 183.00 39.58
184.00 211.00 164.00 181.00 34.69
184.00 209.00 162.00 179.00 28.05
184.00 210.00 163.00 184.00 35.49
183.00 214.00 163.00 186.00 39.42
188.00 218.00 172.00 185.00 28.63
187.00 217.00 170.00 184.00 28.05
186.00 210.00 166.00 179.00 28.21
182.00 209.00 164.00 176.00 39.21
179.00 206.00 162.00 176.00 39.10
177.00 204.00 162.00 175.00 35.86
178.00 204.00 161.00 176.00 34.37
177.00 211.00 162.00 180.00 35.22
178.00 219.00 170.00 180.00 38.78
181.00 214.00 167.00 181.00 37.14
177.00 214.00 165.00 178.00 32.73
173.00 209.00 161.00 177.00 26.88
170.00 211.00 159.00 176.00 32.19
168.00 210.00 158.00 176.00 31.29
166.00 207.00 159.00 177.00 36.13
167.00 215.00 157.00 177.00 33.31
165.00 216.00 159.00 184.00 38.20
173.00 208.00 164.00 186.00 38.52
170.00 216.00 163.00 178.00 27.52
171.00 213.00 160.00 182.00 32.14
170.00 213.00 159.00 177.00 36.02
167.00 211.00 157.00 175.00 30.81
165.00 215.00 157.00 172.00 38.52
162.00 215.00 156.00 176.00 33.26
163.00 217.00 160.00 177.00 27.36
170.00 214.00 162.00 177.00 26.03
167.00 219.00 159.00 176.00 30.60
163.00 215.00 158.00 173.00 27.73
161.00 214.00 155.00 173.00 37.56
156.00 215.00 155.00 171.00 37.40
156.00 213.00 154.00 173.00 29.01
153.00 209.00 158.00 176.00 25.55
166.00 215.00 159.00 171.00 34.27
161.00 217.00 155.00 171.00 31.34
154.00 211.00 154.00 168.00 38.09
153.00 210.00 152.00 169.00 25.50
152.00 210.00 153.00 166.00 37.45
149.00 213.00 153.00 169.00 27.15
151.00 217.00 160.00 173.00 25.55
157.00 221.00 158.00 171.00 36.18
155.00 214.00 154.00 167.00 32.78
151.00 209.00 152.00 163.00 30.92
148.00 211.00 149.00 162.00 26.88
145.00 208.00 152.00 165.00 36.50
147.00 213.00 152.00 169.00 37.93
151.00 218.00 160.00 166.00 35.54
153.00 216.00 156.00 167.00 36.34
149.00 212.00 153.00 166.00 35.54
150.00 215.00 151.00 161.00 37.67
146.00 213.00 150.00 160.00 30.76
144.00 216.00 148.00 162.00 35.81
146.00 214.00 150.00 164.00 30.28
147.00 215.00 156.00 169.00 26.93
150.00 215.00 155.00 164.00 27.04
149.00 215.00 153.00 162.00 37.67
144.00 209.00 149.00 160.00 34.90
142.00 210.00 149.00 159.00 37.72
139.00 212.00 147.00 160.00 32.57
141.00 211.00 151.00 161.00 37.61
148.00 216.00 155.00 162.00 26.30
145.00 198.00 151.00 161.00 30.97
141.00 194.00 145.00 159.00 26.88
137.00 191.00 144.00 158.00 27.25
136.00 189.00 143.00 158.00 26.56
134.00 189.00 145.00 157.00 25.13
137.00 188.00 146.00 158.00 37.45
141.00 192.00 149.00 159.00 36.87
139.00 190.00 146.00 159.00 25.71
135.00 185.00 145.00 156.00 24.92
135.00 186.00 143.00 155.00 24.65
133.00 186.00 144.00 155.00 36.87
134.00 185.00 143.00 156.00 29.01
133.00 186.00 143.00 155.00 36.66
136.00 190.00 148.00 159.00 35.59
140.00 187.00 147.00 159.00 31.18
133.00 181.00 139.00 155.00 24.86
129.00 175.00 136.00 85.00 23.64
69.00 73.00 72.00 89.00 35.97
72.00 92.00 75.00 70.00 31.40
67.00 25.00 5.00 7.00 23.53

