22.00 29.00 30.00 64.00 54.35
89.00 48.00 34.00 89.00 54.35
100.00 19.00 29.00 94.00 54.35
135.00 23.00 34.00 100.00 54.35
172.00 25.00 36.00 121.00 54.35
182.00 50.00 50.00 158.00 54.35
196.00 72.00 60.00 166.00 54.35
199.00 93.00 61.00 191.00 54.35
198.00 141.00 100.00 213.00 54.35
204.00 194.00 166.00 220.00 54.35
196.00 203.00 215.00 211.00 54.35
204.00 206.00 220.00 209.00 54.35
204.00 200.00 220.00 210.00 54.35
213.00 204.00 221.00 199.00 54.35
191.00 198.00 202.00 206.00 54.35
200.00 184.00 206.00 214.00 54.35
209.00 205.00 209.00 227.00 54.35
228.00 216.00 198.00 224.00 54.35
228.00 212.00 212.00 195.00 54.35
236.00 215.00 227.00 221.00 54.35
238.00 212.00 215.00 222.00 54.35
245.00 220.00 224.00 226.00 54.35
247.00 226.00 243.00 212.00 54.35
215.00 250.00 223.00 196.00 54.35
233.00 225.00 246.00 228.00 54.35
235.00 216.00 242.00 222.00 54.35
229.00 210.00 219.00 227.00 54.35
227.00 212.00 211.00 232.00 54.35
225.00 236.00 219.00 228.00 54.35
233.00 236.00 224.00 225.00 54.35
238.00 227.00 222.00 222.00 54.35
245.00 234.00 249.00 226.00 54.35
253.00 253.00 265.00 227.00 54.35
244.00 242.00 251.00 230.00 54.35
241.00 242.00 237.00 233.00 54.35
243.00 231.00 226.00 229.00 54.35
239.00 230.00 216.00 224.00 54.35
225.00 237.00 215.00 220.00 54.35
228.00 220.00 205.00 216.00 54.35
225.00 238.00 212.00 205.00 54.35
223.00 245.00 216.00 194.00 54.35
223.00 230.00 222.00 214.00 54.35
239.00 245.00 228.00 223.00 54.35
245.00 240.00 245.00 220.00 54.35
229.00 245.00 225.00 212.00 54.35
234.00 243.00 222.00 216.00 54.35
225.00 256.00 233.00 225.00 54.35
252.00 243.00 232.00 217.00 54.35
256.00 257.00 225.00 220.00 54.35
246.00 249.00 226.00 202.00 54.35
238.00 247.00 221.00 219.00 54.35
237.00 238.00 219.00 202.00 54.35
221.00 240.00 225.00 197.00 54.35
221.00 226.00 214.00 183.00 54.35
220.00 228.00 204.00 190.00 54.35
205.00 226.00 206.00 175.00 54.35
227.00 223.00 208.00 191.00 54.35
228.00 222.00 205.00 187.00 54.35
207.00 224.00 211.00 185.00 54.35
217.00 232.00 208.00 191.00 54.35
222.00 227.00 209.00 190.00 54.35
214.00 223.00 204.00 198.00 54.35
207.00 231.00 214.00 207.00 54.35
235.00 235.00 219.00 199.00 54.35
216.00 214.00 205.00 206.00 54.35
236.00 214.00 202.00 186.00 54.35
231.00 219.00 201.00 174.00 54.35
222.00 197.00 206.00 185.00 54.35
222.00 226.00 200.00 189.00 54.35
215.00 229.00 214.00 192.00 54.35
239.00 234.00 210.00 204.00 54.35
215.00 236.00 218.00 194.00 54.35
225.00 237.00 213.00 196.00 54.35
230.00 218.00 201.00 170.00 54.35
214.00 209.00 206.00 184.00 54.35
231.00 217.00 197.00 189.00 54.35
227.00 225.00 204.00 197.00 54.35
208.00 226.00 203.00 194.00 54.35
230.00 227.00 214.00 194.00 54.35
238.00 230.00 185.00 180.00 54.35
220.00 214.00 192.00 191.00 54.35
228.00 213.00 189.00 194.00 54.35
210.00 220.00 202.00 194.00 54.35
216.00 228.00 204.00 196.00 54.35
204.00 231.00 203.00 198.00 54.35
234.00 227.00 191.00 200.00 54.35
205.00 235.00 198.00 206.00 54.35
213.00 239.00 200.00 207.00 54.35
211.00 244.00 207.00 211.00 54.35
229.00 238.00 190.00 206.00 54.35
198.00 224.00 200.00 178.00 54.35
183.00 223.00 185.00 187.00 54.35
204.00 224.00 194.00 194.00 54.35
180.00 234.00 187.00 197.00 54.35
196.00 231.00 206.00 205.00 54.35
192.00 237.00 196.00 209.00 54.35
204.00 232.00 195.00 214.00 54.35
197.00 242.00 200.00 208.00 54.35
158.00 225.00 194.00 184.00 54.35
167.00 211.00 185.00 193.00 54.35
148.00 200.00 195.00 182.00 54.35
124.00 192.00 191.00 189.00 54.35
122.00 204.00 199.00 186.00 54.35
144.00 199.00 195.00 211.00 54.35
152.00 202.00 208.00 195.00 54.35
139.00 216.00 206.00 214.00 54.35
134.00 206.00 201.00 199.00 54.35
104.00 201.00 199.00 195.00 54.35
93.00 211.00 185.00 189.00 54.35
77.00 193.00 183.00 194.00 54.35
65.00 199.00 181.00 185.00 54.35
68.00 204.00 177.00 185.00 54.35
60.00 206.00 182.00 186.00 54.35
59.00 203.00 185.00 192.00 54.35
61.00 217.00 190.00 201.00 54.35
64.00 210.00 187.00 190.00 54.35
64.00 200.00 189.00 199.00 54.35
59.00 207.00 192.00 187.00 54.35
63.00 210.00 190.00 186.00 54.35
59.00 208.00 188.00 193.00 54.35
66.00 207.00 187.00 188.00 54.35
66.00 198.00 180.00 191.00 54.35
66.00 214.00 183.00 184.00 54.35
61.00 214.00 180.00 190.00 54.35
71.00 196.00 179.00 188.00 54.35
73.00 199.00 185.00 188.00 54.35
72.00 196.00 192.00 191.00 54.35
68.00 191.00 201.00 201.00 54.35
81.00 162.00 201.00 183.00 54.35
83.00 100.00 225.00 200.00 54.35
84.00 86.00 212.00 197.00 54.35
87.00 83.00 183.00 184.00 54.35
93.00 34.00 187.00 183.00 54.35
97.00 39.00 163.00 192.00 54.35
94.00 44.00 168.00 191.00 54.35
91.00 35.00 172.00 193.00 54.35
103.00 34.00 182.00 200.00 54.35
102.00 46.00 185.00 200.00 54.35
102.00 52.00 185.00 197.00 54.35
108.00 34.00 179.00 198.00 54.35
108.00 48.00 180.00 198.00 54.35
125.00 44.00 175.00 205.00 54.35
129.00 58.00 26.00 49.00 54.35
37.00 22.00 18.00 40.00 54.35
25.00 13.00 18.00 32.00 54.35
39.00 25.00 0.00 11.00 54.35
2.00 38.00 0.00 4.00 54.35
0.00 36.00 0.00 5.00 54.35
0.00 33.00 0.00 4.00 54.35
0.00 33.00 0.00 3.00 54.35
0.00 31.00 0.00 2.00 54.35
0.00 30.00 0.00 3.00 54.35
0.00 30.00 0.00 0.00 54.35
0.00 28.00 0.00 1.00 54.35
0.00 27.00 0.00 0.00 54.35
0.00 26.00 0.00 0.00 54.35
0.00 26.00 0.00 0.00 54.35
0.00 23.00 0.00 0.00 54.35
0.00 24.00 0.00 0.00 54.35
0.00 22.00 0.00 0.00 54.35
