13.00 16.00 49.00 32.00 54.35
44.00 46.00 113.00 66.00 54.35
20.00 21.00 59.00 72.00 44.63
23.00 63.00 103.00 68.00 54.35
34.00 93.00 142.00 76.00 54.35
45.00 107.00 169.00 77.00 54.35
46.00 112.00 184.00 92.00 54.35
41.00 119.00 201.00 114.00 50.63
42.00 142.00 247.00 120.00 54.35
34.00 204.00 247.00 138.00 54.35
48.00 220.00 248.00 136.00 54.35
49.00 215.00 202.00 149.00 53.55
42.00 210.00 204.00 162.00 54.35
48.00 249.00 256.00 173.00 54.35
70.00 250.00 266.00 186.00 54.35
94.00 249.00 269.00 184.00 54.35
101.00 259.00 268.00 200.00 54.35
120.00 269.00 279.00 211.00 54.35
113.00 279.00 282.00 175.00 54.35
181.00 209.00 205.00 224.00 54.35
250.00 261.00 258.00 223.00 54.35
281.00 287.00 292.00 276.00 54.35
292.00 281.00 300.00 274.00 54.35
284.00 280.00 291.00 277.00 54.35
297.00 303.00 293.00 278.00 54.35
306.00 297.00 291.00 267.00 54.35
300.00 286.00 290.00 264.00 54.35
289.00 282.00 264.00 245.00 54.35
257.00 277.00 264.00 238.00 54.35
268.00 278.00 275.00 244.00 54.35
273.00 273.00 265.00 238.00 54.35
286.00 282.00 286.00 239.00 54.35
281.00 265.00 274.00 244.00 54.35
277.00 290.00 278.00 246.00 54.35
282.00 282.00 273.00 250.00 54.35
281.00 279.00 279.00 261.00 54.35
285.00 273.00 290.00 253.00 54.35
289.00 287.00 274.00 269.00 54.35
293.00 291.00 294.00 269.00 54.35
292.00 311.00 283.00 286.00 54.35
298.00 301.00 272.00 268.00 54.35
296.00 289.00 275.00 271.00 54.35
292.00 295.00 274.00 267.00 54.35
299.00 306.00 272.00 255.00 54.35
267.00 125.00 250.00 286.00 54.35
268.00 236.00 271.00 284.00 54.35
321.00 285.00 310.00 311.00 54.35
318.00 282.00 306.00 308.00 54.35
310.00 276.00 289.00 291.00 54.35
313.00 294.00 291.00 305.00 54.35
314.00 299.00 308.00 302.00 54.35
335.00 318.00 319.00 323.00 54.35
329.00 328.00 325.00 304.00 54.35
315.00 319.00 307.00 317.00 54.35
326.00 314.00 305.00 332.00 54.35
345.00 304.00 303.00 300.00 54.35
317.00 298.00 305.00 297.00 54.35
305.00 318.00 305.00 286.00 54.35
314.00 303.00 302.00 297.00 54.35
321.00 307.00 310.00 317.00 54.35
316.00 323.00 315.00 317.00 54.35
290.00 326.00 320.00 290.00 54.35
316.00 337.00 327.00 321.00 54.35
319.00 322.00 322.00 300.00 54.35
300.00 306.00 287.00 281.00 54.35
282.00 319.00 302.00 291.00 54.35
313.00 313.00 281.00 276.00 54.35
314.00 308.00 284.00 283.00 54.35
317.00 297.00 283.00 292.00 54.35
304.00 304.00 291.00 295.00 54.35
322.00 283.00 282.00 289.00 54.35
305.00 277.00 277.00 303.00 54.35
334.00 282.00 285.00 325.00 54.35
331.00 283.00 283.00 296.00 54.35
301.00 291.00 282.00 308.00 54.35
318.00 294.00 275.00 315.00 54.35
318.00 267.00 280.00 309.00 54.35
350.00 279.00 287.00 298.00 54.35
339.00 291.00 297.00 312.00 54.35
324.00 288.00 296.00 312.00 54.35
324.00 294.00 294.00 301.00 54.35
335.00 290.00 284.00 305.00 54.35
297.00 287.00 287.00 303.00 54.35
321.00 283.00 287.00 308.00 54.35
311.00 287.00 286.00 297.00 54.35
325.00 288.00 290.00 292.00 54.35
331.00 290.00 283.00 309.00 54.35
298.00 290.00 286.00 313.00 54.35
322.00 283.00 301.00 301.00 54.35
314.00 289.00 286.00 314.00 54.35
287.00 248.00 295.00 324.00 54.35
296.00 301.00 279.00 315.00 54.35
296.00 292.00 275.00 282.00 54.35
301.00 278.00 272.00 330.00 54.35
284.00 283.00 270.00 305.00 54.35
307.00 299.00 276.00 301.00 54.35
329.00 307.00 284.00 301.00 54.35
317.00 296.00 293.00 342.00 54.35
296.00 284.00 303.00 305.00 54.35
298.00 295.00 292.00 291.00 54.35
289.00 268.00 288.00 286.00 54.35
299.00 277.00 282.00 290.00 54.35
294.00 273.00 283.00 298.00 54.35
297.00 278.00 280.00 296.00 54.35
310.00 285.00 277.00 288.00 54.35
313.00 289.00 275.00 313.00 54.35
328.00 296.00 286.00 296.00 54.35
316.00 292.00 290.00 303.00 54.35
321.00 288.00 283.00 312.00 54.35
334.00 282.00 294.00 302.00 54.35
311.00 271.00 263.00 210.00 54.35
258.00 243.00 251.00 274.00 54.35
283.00 263.00 262.00 309.00 54.35
270.00 284.00 289.00 297.00 54.35
295.00 283.00 297.00 291.00 54.35
298.00 291.00 287.00 316.00 54.35
311.00 293.00 292.00 330.00 54.35
301.00 303.00 289.00 304.00 54.35
315.00 309.00 291.00 310.00 54.35
308.00 287.00 281.00 305.00 54.35
290.00 285.00 282.00 262.00 54.35
283.00 269.00 276.00 281.00 54.35
298.00 279.00 276.00 284.00 54.35
303.00 279.00 282.00 290.00 54.35
299.00 278.00 277.00 297.00 54.35
297.00 284.00 276.00 259.00 54.35
295.00 283.00 281.00 257.00 54.35
305.00 295.00 289.00 275.00 54.35
291.00 289.00 271.00 283.00 54.35
289.00 290.00 278.00 271.00 54.35
300.00 296.00 300.00 295.00 54.35
314.00 287.00 294.00 292.00 54.35
308.00 280.00 293.00 290.00 54.35
311.00 284.00 284.00 274.00 54.35
286.00 278.00 270.00 295.00 54.35
301.00 310.00 281.00 285.00 54.35
306.00 299.00 277.00 297.00 54.35
299.00 301.00 265.00 271.00 54.35
291.00 289.00 272.00 294.00 54.35
303.00 287.00 268.00 286.00 54.35
301.00 284.00 278.00 280.00 54.35
309.00 277.00 273.00 290.00 54.35
295.00 274.00 276.00 282.00 54.35
290.00 280.00 289.00 254.00 54.35
276.00 281.00 282.00 288.00 54.35
288.00 281.00 275.00 289.00 54.35
308.00 295.00 281.00 284.00 54.35
303.00 292.00 277.00 288.00 54.35
300.00 285.00 278.00 284.00 54.35
294.00 288.00 279.00 279.00 54.35
292.00 285.00 270.00 275.00 54.35
286.00 277.00 275.00 272.00 54.35
280.00 277.00 269.00 265.00 54.35
285.00 269.00 278.00 266.00 54.35
273.00 270.00 276.00 258.00 54.35
254.00 268.00 265.00 280.00 54.35
291.00 280.00 268.00 269.00 54.35
267.00 275.00 284.00 268.00 54.35
280.00 284.00 289.00 269.00 54.35
269.00 279.00 275.00 269.00 54.35
251.00 266.00 273.00 273.00 54.35
258.00 260.00 272.00 267.00 54.35
247.00 258.00 273.00 262.00 54.35
258.00 260.00 271.00 261.00 54.35
241.00 258.00 270.00 256.00 54.35
252.00 259.00 269.00 257.00 54.35
255.00 260.00 267.00 257.00 54.35
252.00 261.00 264.00 258.00 54.35
257.00 251.00 266.00 260.00 54.35
250.00 251.00 254.00 261.00 54.35
243.00 253.00 259.00 252.00 54.35
237.00 255.00 250.00 254.00 54.35
224.00 246.00 248.00 256.00 54.35
211.00 240.00 253.00 251.00 54.35
206.00 241.00 241.00 258.00 54.35
213.00 251.00 239.00 236.00 54.35
231.00 247.00 243.00 227.00 54.35
236.00 252.00 245.00 229.00 54.35
239.00 238.00 250.00 231.00 54.35
240.00 241.00 265.00 240.00 54.35
236.00 247.00 264.00 237.00 54.35
242.00 241.00 272.00 232.00 54.35
252.00 246.00 279.00 246.00 54.35
261.00 253.00 271.00 243.00 54.35
251.00 256.00 264.00 243.00 54.35
245.00 254.00 263.00 230.00 54.35
255.00 241.00 259.00 228.00 54.35
227.00 249.00 246.00 233.00 54.35
221.00 233.00 248.00 232.00 54.35
219.00 231.00 249.00 227.00 54.35
220.00 229.00 256.00 229.00 54.35
227.00 235.00 249.00 240.00 54.35
235.00 239.00 252.00 223.00 54.35
244.00 241.00 243.00 214.00 54.35
238.00 232.00 249.00 213.00 54.35
237.00 231.00 247.00 217.00 54.35
234.00 226.00 250.00 210.00 54.35
236.00 221.00 257.00 207.00 54.35
220.00 227.00 238.00 214.00 54.35
206.00 220.00 239.00 213.00 54.35
204.00 228.00 240.00 212.00 54.35
206.00 233.00 235.00 206.00 54.35
202.00 229.00 240.00 202.00 54.35
200.00 230.00 238.00 199.00 54.35
200.00 228.00 240.00 198.00 54.35
201.00 229.00 240.00 196.00 54.35
202.00 222.00 239.00 194.00 54.35
200.00 219.00 235.00 193.00 54.35
200.00 215.00 235.00 191.00 54.35
205.00 212.00 245.00 188.00 54.35
203.00 208.00 244.00 202.00 54.35
203.00 198.00 241.00 201.00 54.35
198.00 195.00 241.00 208.00 54.35
196.00 191.00 238.00 200.00 54.35
197.00 195.00 229.00 182.00 54.35
188.00 203.00 214.00 181.00 54.35
187.00 203.00 217.00 180.00 54.35
185.00 201.00 216.00 180.00 54.35
185.00 203.00 214.00 182.00 54.35
185.00 199.00 220.00 180.00 54.35
186.00 198.00 218.00 181.00 54.35
191.00 198.00 213.00 180.00 54.35
184.00 208.00 210.00 180.00 54.35
190.00 207.00 203.00 184.00 54.35
187.00 205.00 213.00 186.00 54.35
189.00 200.00 213.00 181.00 54.35
186.00 165.00 194.00 175.00 54.35
184.00 163.00 197.00 168.00 54.35
181.00 169.00 185.00 166.00 54.35
172.00 161.00 207.00 162.00 54.35
173.00 155.00 218.00 164.00 54.35
174.00 158.00 216.00 159.00 54.35
168.00 160.00 213.00 158.00 54.35
166.00 161.00 214.00 157.00 54.35
171.00 158.00 212.00 156.00 54.35
166.00 161.00 206.00 156.00 54.35
163.00 164.00 199.00 154.00 54.35
161.00 165.00 204.00 154.00 54.35
163.00 159.00 209.00 154.00 54.35
167.00 156.00 204.00 152.00 54.35
159.00 161.00 201.00 151.00 54.35
157.00 148.00 189.00 144.00 54.35
157.00 139.00 176.00 55.00 54.35
49.00 14.00 40.00 28.00 54.35
53.00 6.00 40.00 21.00 54.35
44.00 0.00 11.00 2.00 54.35
4.00 0.00 1.00 0.00 54.35
2.00 0.00 0.00 0.00 54.35
0.00 0.00 0.00 0.00 54.35
0.00 0.00 0.00 0.00 54.35
0.00 0.00 0.00 0.00 54.35
0.00 0.00 0.00 0.00 54.35
0.00 0.00 0.00 0.00 54.35
0.00 0.00 0.00 0.00 54.35
0.00 0.00 0.00 0.00 54.35
