6.00 26.00 33.00 19.00 54.35
29.00 72.00 49.00 27.00 54.35
72.00 108.00 48.00 28.00 54.35
140.00 164.00 68.00 32.00 54.35
233.00 220.00 112.00 36.00 54.35
217.00 230.00 147.00 79.00 54.35
266.00 237.00 185.00 121.00 54.35
231.00 234.00 234.00 146.00 54.35
270.00 235.00 233.00 157.00 54.35
273.00 248.00 241.00 193.00 54.35
268.00 252.00 242.00 222.00 54.35
267.00 261.00 257.00 241.00 54.35
263.00 259.00 261.00 240.00 54.35
294.00 267.00 253.00 230.00 54.35
272.00 245.00 237.00 231.00 54.35
262.00 236.00 243.00 222.00 54.35
266.00 239.00 252.00 226.00 54.35
278.00 265.00 264.00 231.00 54.35
290.00 277.00 260.00 239.00 54.35
293.00 276.00 266.00 240.00 54.35
291.00 280.00 267.00 249.00 54.35
294.00 286.00 275.00 247.00 54.35
295.00 288.00 280.00 249.00 54.35
292.00 275.00 259.00 250.00 54.35
279.00 270.00 246.00 239.00 54.35
281.00 262.00 257.00 236.00 54.35
279.00 269.00 239.00 239.00 54.35
276.00 269.00 254.00 253.00 54.35
286.00 283.00 264.00 255.00 54.35
280.00 269.00 255.00 247.00 54.35
287.00 282.00 267.00 262.00 54.35
284.00 273.00 261.00 263.00 54.35
254.00 269.00 235.00 250.00 54.35
261.00 265.00 234.00 255.00 54.35
252.00 266.00 230.00 239.00 54.35
262.00 251.00 213.00 245.00 54.35
263.00 267.00 224.00 247.00 54.35
275.00 270.00 223.00 253.00 54.35
297.00 274.00 232.00 254.00 54.35
295.00 258.00 244.00 256.00 54.35
291.00 264.00 218.00 256.00 54.35
260.00 272.00 240.00 261.00 54.35
254.00 241.00 232.00 245.00 54.35
255.00 245.00 241.00 238.00 54.35
256.00 250.00 243.00 246.00 54.35
247.00 246.00 231.00 249.00 54.35
255.00 249.00 253.00 253.00 54.35
266.00 261.00 209.00 252.00 54.35
256.00 257.00 223.00 268.00 54.35
272.00 259.00 235.00 262.00 54.35
284.00 262.00 237.00 254.00 54.35
281.00 262.00 218.00 256.00 54.35
275.00 253.00 204.00 260.00 54.35
247.00 235.00 217.00 235.00 54.35
255.00 249.00 201.00 233.00 54.35
236.00 237.00 209.00 242.00 54.35
250.00 240.00 208.00 253.00 54.35
269.00 248.00 211.00 252.00 54.35
253.00 254.00 215.00 242.00 54.35
241.00 263.00 221.00 256.00 54.35
262.00 276.00 212.00 255.00 54.35
266.00 252.00 204.00 236.00 54.35
274.00 258.00 175.00 230.00 54.35
238.00 252.00 197.00 236.00 54.35
267.00 261.00 193.00 236.00 54.35
234.00 268.00 218.00 243.00 54.35
276.00 269.00 172.00 260.00 54.35
230.00 267.00 199.00 247.00 54.35
263.00 285.00 210.00 260.00 54.35
245.00 285.00 176.00 253.00 54.35
252.00 276.00 208.00 240.00 54.35
256.00 264.00 188.00 233.00 54.35
230.00 260.00 183.00 231.00 54.35
222.00 260.00 202.00 232.00 54.35
209.00 254.00 226.00 238.00 54.35
268.00 259.00 150.00 246.00 54.35
249.00 264.00 210.00 253.00 54.35
197.00 269.00 186.00 248.00 54.35
252.00 268.00 187.00 260.00 54.35
257.00 261.00 216.00 252.00 54.35
211.00 258.00 197.00 251.00 54.35
272.00 257.00 170.00 233.00 54.35
262.00 252.00 175.00 231.00 54.35
256.00 252.00 182.00 237.00 54.35
258.00 262.00 200.00 229.00 54.35
271.00 261.00 219.00 250.00 54.35
255.00 264.00 166.00 260.00 54.35
283.00 263.00 220.00 248.00 54.35
214.00 266.00 213.00 245.00 54.35
247.00 257.00 201.00 243.00 54.35
271.00 250.00 188.00 233.00 54.35
232.00 259.00 228.00 234.00 54.35
276.00 255.00 173.00 247.00 54.35
246.00 268.00 235.00 248.00 54.35
227.00 270.00 232.00 253.00 54.35
215.00 264.00 216.00 250.00 54.35
287.00 259.00 216.00 256.00 54.35
262.00 254.00 237.00 227.00 54.35
249.00 247.00 201.00 220.00 54.35
247.00 249.00 246.00 229.00 54.35
258.00 260.00 206.00 235.00 54.35
252.00 263.00 216.00 229.00 54.35
253.00 258.00 181.00 230.00 54.35
265.00 252.00 190.00 236.00 54.35
256.00 254.00 191.00 235.00 54.35
255.00 267.00 197.00 222.00 54.35
247.00 259.00 209.00 216.00 54.35
235.00 251.00 190.00 215.00 54.35
227.00 245.00 204.00 217.00 54.35
223.00 245.00 201.00 216.00 54.35
228.00 247.00 206.00 230.00 54.35
236.00 248.00 236.00 229.00 54.35
232.00 248.00 214.00 233.00 54.35
231.00 251.00 205.00 243.00 54.35
237.00 241.00 213.00 228.00 54.35
222.00 226.00 199.00 217.00 54.35
225.00 225.00 186.00 214.00 54.35
230.00 227.00 209.00 228.00 54.35
250.00 231.00 200.00 237.00 54.35
259.00 236.00 207.00 241.00 54.35
264.00 237.00 209.00 244.00 54.35
265.00 223.00 207.00 244.00 54.35
267.00 228.00 215.00 232.00 54.35
252.00 222.00 217.00 232.00 54.35
259.00 228.00 222.00 218.00 54.35
259.00 230.00 222.00 230.00 54.35
268.00 234.00 193.00 242.00 54.35
272.00 237.00 218.00 232.00 54.35
270.00 238.00 219.00 241.00 54.35
273.00 228.00 218.00 233.00 54.35
263.00 221.00 197.00 231.00 54.35
254.00 221.00 217.00 228.00 54.35
258.00 219.00 205.00 239.00 54.35
257.00 225.00 197.00 234.00 54.35
257.00 224.00 211.00 240.00 54.35
257.00 225.00 208.00 232.00 54.35
264.00 230.00 213.00 226.00 54.35
261.00 229.00 206.00 241.00 54.35
267.00 231.00 236.00 244.00 54.35
272.00 236.00 230.00 236.00 54.35
263.00 232.00 225.00 241.00 54.35
261.00 236.00 225.00 249.00 54.35
262.00 234.00 239.00 246.00 54.35
255.00 228.00 246.00 237.00 54.35
239.00 205.00 216.00 225.00 54.35
235.00 196.00 226.00 254.00 54.35
230.00 193.00 198.00 222.00 54.35
215.00 190.00 190.00 219.00 54.35
215.00 191.00 192.00 217.00 54.35
213.00 193.00 196.00 227.00 54.35
221.00 197.00 209.00 239.00 54.35
228.00 195.00 203.00 258.00 54.35
226.00 199.00 198.00 267.00 54.35
227.00 192.00 200.00 238.00 54.35
222.00 192.00 186.00 233.00 54.35
211.00 191.00 183.00 225.00 54.35
210.00 190.00 186.00 239.00 54.35
209.00 190.00 195.00 236.00 54.35
215.00 190.00 200.00 245.00 54.35
217.00 195.00 204.00 251.00 54.35
222.00 199.00 210.00 252.00 54.35
219.00 193.00 198.00 233.00 54.35
216.00 180.00 185.00 228.00 54.35
203.00 182.00 180.00 219.00 54.35
202.00 182.00 182.00 223.00 54.35
207.00 179.00 181.00 223.00 54.35
204.00 179.00 180.00 227.00 54.35
204.00 179.00 178.00 203.00 54.35
201.00 181.00 180.00 189.00 54.35
203.00 182.00 177.00 193.00 54.35
199.00 176.00 179.00 188.00 54.35
194.00 180.00 173.00 190.00 54.35
193.00 175.00 173.00 175.00 54.35
195.00 172.00 173.00 176.00 54.35
187.00 170.00 171.00 184.00 54.35
188.00 168.00 171.00 176.00 54.35
187.00 170.00 175.00 183.00 54.35
190.00 170.00 176.00 177.00 54.35
192.00 169.00 178.00 177.00 54.35
192.00 170.00 180.00 182.00 54.35
193.00 171.00 182.00 183.00 54.35
189.00 170.00 174.00 181.00 54.35
188.00 168.00 172.00 180.00 54.35
181.00 166.00 176.00 174.00 54.35
178.00 165.00 179.00 176.00 54.35
181.00 166.00 186.00 182.00 54.35
182.00 164.00 192.00 182.00 54.35
185.00 165.00 188.00 183.00 54.35
187.00 164.00 185.00 185.00 54.35
182.00 158.00 179.00 171.00 54.35
182.00 157.00 165.00 168.00 54.35
79.00 95.00 39.00 43.00 54.35
61.00 11.00 34.00 19.00 54.35
29.00 0.00 23.00 6.00 54.35
34.00 0.00 15.00 11.00 54.35
27.00 0.00 16.00 9.00 54.35
24.00 0.00 19.00 9.00 54.35
26.00 4.00 16.00 3.00 54.35
23.00 5.00 15.00 2.00 54.35
24.00 7.00 14.00 1.00 54.35
20.00 3.00 14.00 2.00 54.35
21.00 2.00 18.00 4.00 54.35
18.00 1.00 13.00 5.00 54.35
18.00 0.00 14.00 2.00 54.35
