9.00 35.00 16.00 11.00 54.35
2.00 34.00 28.00 43.00 54.35
6.00 35.00 9.00 37.00 54.35
92.00 52.00 28.00 97.00 54.35
148.00 36.00 51.00 125.00 54.35
177.00 37.00 39.00 152.00 54.35
219.00 41.00 45.00 226.00 54.35
232.00 55.00 53.00 234.00 54.35
235.00 61.00 71.00 242.00 54.35
242.00 68.00 105.00 249.00 54.35
251.00 81.00 143.00 258.00 54.35
260.00 96.00 173.00 263.00 54.35
262.00 107.00 206.00 263.00 54.35
262.00 117.00 225.00 256.00 54.35
250.00 123.00 224.00 250.00 54.35
252.00 131.00 218.00 252.00 54.35
250.00 139.00 222.00 243.00 54.35
231.00 141.00 223.00 231.00 54.35
244.00 140.00 227.00 248.00 54.35
234.00 153.00 238.00 255.00 54.35
257.00 158.00 241.00 264.00 54.35
258.00 185.00 236.00 267.00 54.35
270.00 206.00 229.00 259.00 54.35
258.00 240.00 227.00 264.00 54.35
248.00 233.00 220.00 253.00 54.35
240.00 225.00 216.00 252.00 54.35
224.00 232.00 226.00 253.00 54.35
226.00 239.00 232.00 261.00 54.35
226.00 254.00 228.00 264.00 54.35
223.00 242.00 223.00 255.00 54.35
216.00 231.00 218.00 252.00 54.35
212.00 231.00 217.00 241.00 54.35
206.00 221.00 212.00 234.00 54.35
203.00 238.00 221.00 233.00 54.35
223.00 243.00 223.00 236.00 54.35
226.00 244.00 224.00 227.00 54.35
218.00 231.00 219.00 217.00 54.35
218.00 237.00 221.00 209.00 54.35
220.00 240.00 214.00 203.00 54.35
216.00 231.00 215.00 198.00 54.35
215.00 227.00 214.00 199.00 54.35
216.00 229.00 221.00 204.00 54.35
227.00 233.00 232.00 225.00 54.35
248.00 246.00 237.00 249.00 54.35
263.00 243.00 232.00 255.00 54.35
252.00 254.00 224.00 264.00 54.35
258.00 246.00 222.00 256.00 54.35
260.00 255.00 229.00 262.00 54.35
263.00 257.00 228.00 249.00 54.35
252.00 256.00 222.00 246.00 54.35
233.00 231.00 220.00 252.00 54.35
246.00 242.00 227.00 253.00 54.35
266.00 252.00 220.00 274.00 54.35
264.00 247.00 251.00 270.00 54.35
284.00 274.00 240.00 270.00 54.35
282.00 286.00 237.00 274.00 54.35
236.00 269.00 234.00 270.00 54.35
244.00 261.00 211.00 281.00 54.35
246.00 258.00 231.00 263.00 54.35
243.00 261.00 225.00 239.00 54.35
239.00 252.00 222.00 259.00 54.35
232.00 267.00 227.00 254.00 54.35
238.00 241.00 235.00 264.00 54.35
261.00 268.00 220.00 255.00 54.35
246.00 263.00 224.00 258.00 54.35
233.00 252.00 217.00 261.00 54.35
257.00 258.00 225.00 271.00 54.35
249.00 230.00 221.00 265.00 54.35
237.00 226.00 230.00 248.00 54.35
241.00 225.00 226.00 255.00 54.35
238.00 249.00 232.00 284.00 54.35
253.00 255.00 235.00 289.00 54.35
257.00 240.00 236.00 283.00 54.35
235.00 240.00 228.00 267.00 54.35
263.00 219.00 232.00 263.00 54.35
235.00 228.00 221.00 268.00 54.35
242.00 244.00 223.00 262.00 54.35
271.00 228.00 236.00 265.00 54.35
265.00 243.00 240.00 264.00 54.35
267.00 263.00 234.00 260.00 54.35
268.00 242.00 232.00 276.00 54.35
255.00 235.00 236.00 255.00 54.35
259.00 252.00 227.00 276.00 54.35
238.00 254.00 245.00 272.00 54.35
212.00 250.00 229.00 281.00 54.35
241.00 254.00 241.00 259.00 54.35
271.00 251.00 219.00 242.00 54.35
260.00 240.00 225.00 248.00 54.35
248.00 228.00 214.00 243.00 54.35
245.00 228.00 214.00 242.00 54.35
246.00 230.00 212.00 246.00 54.35
256.00 241.00 217.00 255.00 54.35
276.00 246.00 242.00 258.00 54.35
261.00 227.00 242.00 276.00 54.35
259.00 224.00 215.00 238.00 54.35
230.00 226.00 203.00 216.00 54.35
253.00 243.00 207.00 252.00 54.35
262.00 242.00 230.00 254.00 54.35
267.00 248.00 232.00 259.00 54.35
278.00 243.00 235.00 264.00 54.35
277.00 251.00 232.00 258.00 54.35
258.00 239.00 235.00 246.00 54.35
267.00 238.00 222.00 249.00 54.35
261.00 226.00 219.00 234.00 54.35
248.00 222.00 218.00 234.00 54.35
232.00 236.00 218.00 249.00 54.35
237.00 220.00 214.00 248.00 54.35
238.00 224.00 216.00 255.00 54.35
233.00 218.00 236.00 248.00 54.35
250.00 224.00 225.00 246.00 54.35
236.00 248.00 229.00 238.00 54.35
209.00 221.00 232.00 243.00 54.35
226.00 239.00 233.00 231.00 54.35
237.00 244.00 233.00 237.00 54.35
248.00 244.00 234.00 241.00 54.35
258.00 230.00 235.00 247.00 54.35
257.00 228.00 230.00 241.00 54.35
257.00 228.00 232.00 235.00 54.35
259.00 225.00 221.00 231.00 54.35
240.00 223.00 226.00 233.00 54.35
259.00 233.00 221.00 261.00 54.35
247.00 234.00 225.00 269.00 54.35
266.00 241.00 226.00 256.00 54.35
274.00 247.00 233.00 252.00 54.35
271.00 233.00 227.00 241.00 54.35
226.00 227.00 223.00 239.00 54.35
226.00 222.00 221.00 243.00 54.35
228.00 233.00 225.00 233.00 54.35
215.00 207.00 221.00 241.00 54.35
255.00 230.00 219.00 260.00 54.35
250.00 235.00 242.00 269.00 54.35
274.00 236.00 251.00 265.00 54.35
252.00 234.00 250.00 242.00 54.35
229.00 229.00 220.00 236.00 54.35
221.00 226.00 222.00 222.00 54.35
222.00 223.00 221.00 228.00 54.35
239.00 220.00 223.00 222.00 54.35
230.00 221.00 236.00 232.00 54.35
239.00 225.00 221.00 232.00 54.35
230.00 241.00 238.00 239.00 54.35
227.00 238.00 243.00 234.00 54.35
226.00 228.00 246.00 222.00 54.35
224.00 219.00 227.00 218.00 54.35
215.00 216.00 229.00 228.00 54.35
212.00 211.00 221.00 234.00 54.35
216.00 218.00 238.00 235.00 54.35
234.00 219.00 224.00 231.00 54.35
222.00 216.00 222.00 232.00 54.35
214.00 220.00 218.00 220.00 54.35
214.00 237.00 212.00 229.00 54.35
219.00 242.00 209.00 215.00 54.35
241.00 229.00 226.00 217.00 54.35
233.00 214.00 229.00 219.00 54.35
214.00 227.00 223.00 221.00 54.35
223.00 232.00 228.00 227.00 54.35
229.00 229.00 211.00 220.00 54.35
249.00 243.00 215.00 224.00 54.35
232.00 240.00 206.00 223.00 54.35
223.00 221.00 203.00 226.00 54.35
225.00 212.00 229.00 180.00 54.35
239.00 215.00 228.00 237.00 54.35
249.00 222.00 243.00 242.00 54.35
244.00 244.00 243.00 253.00 54.35
240.00 243.00 233.00 248.00 54.35
226.00 226.00 228.00 244.00 54.35
232.00 222.00 225.00 240.00 54.35
231.00 221.00 232.00 221.00 54.35
239.00 243.00 234.00 252.00 54.35
239.00 231.00 235.00 225.00 54.35
218.00 227.00 229.00 244.00 54.35
190.00 218.00 225.00 245.00 54.35
186.00 208.00 217.00 190.00 54.35
210.00 207.00 237.00 249.00 54.35
212.00 221.00 237.00 234.00 54.35
208.00 211.00 232.00 239.00 54.35
203.00 216.00 222.00 229.00 54.35
190.00 214.00 208.00 222.00 54.35
179.00 208.00 210.00 232.00 54.35
177.00 209.00 228.00 235.00 54.35
189.00 215.00 225.00 263.00 54.35
191.00 220.00 228.00 213.00 54.35
199.00 217.00 209.00 244.00 54.35
186.00 213.00 221.00 215.00 54.35
186.00 205.00 225.00 209.00 54.35
182.00 209.00 218.00 239.00 54.35
198.00 220.00 219.00 256.00 54.35
204.00 217.00 219.00 233.00 54.35
198.00 206.00 217.00 223.00 54.35
192.00 201.00 216.00 229.00 54.35
188.00 204.00 210.00 234.00 54.35
186.00 203.00 211.00 231.00 54.35
197.00 212.00 216.00 231.00 54.35
208.00 211.00 224.00 233.00 54.35
218.00 215.00 216.00 232.00 54.35
201.00 204.00 209.00 224.00 54.35
200.00 195.00 215.00 214.00 54.35
190.00 195.00 212.00 195.00 54.35
191.00 199.00 208.00 196.00 54.35
189.00 203.00 206.00 187.00 54.35
186.00 201.00 210.00 195.00 54.35
202.00 198.00 200.00 186.00 54.35
182.00 190.00 197.00 190.00 54.35
175.00 182.00 196.00 183.00 54.35
181.00 184.00 212.00 194.00 54.35
183.00 180.00 208.00 184.00 54.35
186.00 182.00 201.00 179.00 54.35
171.00 177.00 197.00 168.00 54.35
172.00 171.00 193.00 165.00 54.35
164.00 168.00 197.00 166.00 54.35
166.00 168.00 189.00 170.00 54.35
167.00 169.00 196.00 193.00 54.35
169.00 174.00 184.00 176.00 54.35
171.00 173.00 178.00 176.00 54.35
164.00 170.00 177.00 165.00 54.35
168.00 168.00 172.00 166.00 54.35
164.00 166.00 169.00 171.00 54.35
162.00 164.00 168.00 172.00 54.35
163.00 164.00 168.00 172.00 54.35
164.00 162.00 164.00 170.00 54.35
162.00 159.00 155.00 166.00 54.35
160.00 158.00 151.00 166.00 54.35
159.00 157.00 149.00 167.00 54.35
163.00 155.00 144.00 161.00 54.35
154.00 146.00 138.00 161.00 54.35
152.00 139.00 102.00 14.00 54.35
45.00 10.00 20.00 8.00 54.35
38.00 16.00 10.00 0.00 54.35
0.00 0.00 0.00 0.00 54.35
0.00 0.00 0.00 0.00 54.35
0.00 0.00 0.00 0.00 54.35
0.00 0.00 0.00 0.00 54.35
0.00 0.00 0.00 0.00 54.35
0.00 0.00 0.00 0.00 54.35
0.00 0.00 0.00 0.00 54.35
0.00 0.00 0.00 0.00 54.35
0.00 0.00 0.00 0.00 54.35
