17.00 31.00 17.00 0.00 20.35
17.00 33.00 17.00 5.00 21.30
19.00 35.00 17.00 4.00 19.28
17.00 36.00 17.00 4.00 18.65
16.00 37.00 17.00 3.00 30.28
17.00 40.00 17.00 3.00 28.58
17.00 45.00 17.00 6.00 22.79
22.00 79.00 17.00 3.00 21.36
28.00 103.00 22.00 11.00 25.50
28.00 138.00 18.00 11.00 21.52
29.00 175.00 26.00 10.00 28.63
35.00 192.00 31.00 12.00 23.43
35.00 242.00 37.00 15.00 28.48
56.00 244.00 38.00 17.00 20.61
64.00 243.00 41.00 28.00 23.85
76.00 237.00 55.00 93.00 20.88
105.00 249.00 78.00 130.00 21.04
141.00 245.00 101.00 234.00 32.94
186.00 254.00 116.00 238.00 31.56
217.00 254.00 130.00 230.00 23.43
247.00 261.00 137.00 242.00 27.68
255.00 257.00 142.00 244.00 30.49
247.00 267.00 186.00 263.00 36.66
257.00 305.00 220.00 270.00 34.48
278.00 293.00 243.00 281.00 36.29
269.00 271.00 260.00 294.00 26.67
265.00 274.00 234.00 270.00 30.18
264.00 286.00 255.00 250.00 29.96
259.00 269.00 271.00 253.00 36.76
273.00 278.00 263.00 272.00 28.53
261.00 272.00 263.00 268.00 38.52
269.00 265.00 258.00 249.00 33.10
276.00 276.00 246.00 251.00 36.87
260.00 248.00 244.00 269.00 34.00
276.00 265.00 241.00 253.00 36.18
259.00 276.00 238.00 273.00 39.15
264.00 272.00 241.00 260.00 30.33
261.00 268.00 240.00 265.00 37.93
272.00 257.00 240.00 274.00 40.06
280.00 278.00 247.00 265.00 40.32
269.00 264.00 247.00 265.00 40.22
273.00 267.00 247.00 264.00 35.01
274.00 240.00 225.00 270.00 35.06
278.00 276.00 252.00 267.00 40.96
281.00 272.00 258.00 276.00 32.46
293.00 275.00 265.00 238.00 40.96
272.00 254.00 237.00 254.00 40.64
310.00 261.00 248.00 256.00 38.04
287.00 252.00 240.00 264.00 35.54
272.00 257.00 241.00 243.00 32.35
285.00 255.00 236.00 241.00 40.59
314.00 264.00 246.00 268.00 40.64
291.00 261.00 244.00 268.00 32.46
286.00 223.00 234.00 252.00 39.05
275.00 268.00 241.00 238.00 38.99
278.00 275.00 258.00 251.00 33.58
276.00 264.00 245.00 246.00 41.07
276.00 238.00 249.00 250.00 38.30
295.00 263.00 256.00 247.00 32.99
316.00 240.00 285.00 258.00 37.88
316.00 294.00 303.00 280.00 41.39
297.00 220.00 273.00 240.00 35.06
280.00 262.00 272.00 251.00 41.49
286.00 265.00 267.00 252.00 37.77
263.00 269.00 268.00 225.00 33.79
267.00 277.00 265.00 279.00 41.28
315.00 265.00 273.00 266.00 40.16
276.00 260.00 264.00 247.00 35.65
258.00 256.00 268.00 296.00 41.33
243.00 267.00 268.00 255.00 41.49
267.00 272.00 276.00 245.00 41.01
279.00 268.00 280.00 269.00 34.69
282.00 269.00 283.00 250.00 35.81
302.00 273.00 268.00 248.00 38.84
283.00 288.00 264.00 226.00 33.26
257.00 214.00 262.00 248.00 36.23
272.00 280.00 266.00 236.00 33.68
272.00 271.00 265.00 235.00 34.96
275.00 262.00 269.00 252.00 41.01
266.00 261.00 263.00 232.00 41.07
265.00 260.00 266.00 243.00 34.58
277.00 239.00 263.00 231.00 38.99
272.00 262.00 264.00 238.00 41.60
241.00 272.00 259.00 234.00 33.47
248.00 270.00 260.00 227.00 33.63
230.00 261.00 260.00 250.00 40.69
267.00 269.00 255.00 234.00 36.60
254.00 257.00 260.00 247.00 38.73
269.00 267.00 263.00 237.00 40.16
264.00 275.00 258.00 254.00 33.52
266.00 267.00 263.00 233.00 36.18
234.00 238.00 260.00 243.00 41.44
260.00 255.00 255.00 243.00 34.32
268.00 259.00 260.00 240.00 39.31
272.00 258.00 264.00 236.00 35.91
253.00 260.00 262.00 242.00 36.50
256.00 265.00 263.00 243.00 39.37
239.00 258.00 257.00 227.00 39.31
236.00 257.00 253.00 219.00 33.58
232.00 259.00 265.00 219.00 40.59
257.00 266.00 260.00 235.00 41.76
245.00 268.00 260.00 234.00 41.81
226.00 271.00 254.00 231.00 35.33
234.00 270.00 268.00 247.00 39.10
263.00 222.00 251.00 231.00 41.39
221.00 260.00 269.00 230.00 39.90
229.00 265.00 251.00 233.00 38.36
249.00 265.00 256.00 264.00 37.45
258.00 269.00 256.00 244.00 39.05
228.00 252.00 257.00 248.00 36.98
236.00 272.00 264.00 235.00 34.21
234.00 267.00 250.00 227.00 35.33
240.00 261.00 249.00 232.00 38.78
223.00 261.00 243.00 253.00 36.02
256.00 215.00 241.00 240.00 40.48
257.00 258.00 261.00 241.00 39.05
263.00 268.00 247.00 251.00 33.84
255.00 271.00 239.00 246.00 34.16
268.00 272.00 249.00 260.00 35.22
256.00 269.00 266.00 250.00 38.09
266.00 271.00 259.00 244.00 41.92
265.00 256.00 235.00 241.00 38.78
258.00 237.00 230.00 267.00 34.53
265.00 265.00 252.00 256.00 37.03
269.00 257.00 260.00 247.00 34.90
261.00 230.00 259.00 254.00 33.79
247.00 269.00 274.00 258.00 42.02
272.00 260.00 281.00 261.00 37.14
274.00 266.00 247.00 261.00 39.95
247.00 248.00 257.00 257.00 35.17
250.00 253.00 263.00 258.00 41.97
249.00 250.00 243.00 235.00 38.94
231.00 234.00 244.00 248.00 38.14
252.00 257.00 250.00 242.00 35.28
240.00 242.00 251.00 224.00 34.53
242.00 226.00 224.00 249.00 41.28
260.00 257.00 243.00 242.00 41.44
235.00 272.00 262.00 249.00 36.66
262.00 262.00 248.00 249.00 34.16
251.00 268.00 266.00 258.00 34.58
280.00 268.00 250.00 246.00 35.33
264.00 291.00 270.00 258.00 34.32
259.00 289.00 261.00 256.00 34.96
259.00 272.00 257.00 251.00 35.17
262.00 255.00 248.00 248.00 37.35
257.00 247.00 259.00 226.00 35.33
257.00 263.00 241.00 231.00 41.97
267.00 265.00 247.00 238.00 35.33
262.00 271.00 244.00 249.00 35.97
250.00 267.00 249.00 247.00 41.49
243.00 259.00 254.00 257.00 41.07
237.00 267.00 248.00 236.00 41.76
256.00 271.00 248.00 260.00 37.77
271.00 256.00 237.00 264.00 39.31
279.00 249.00 230.00 282.00 41.65
304.00 283.00 249.00 248.00 39.53
253.00 211.00 252.00 258.00 41.12
277.00 255.00 237.00 247.00 39.26
271.00 267.00 255.00 242.00 34.11
259.00 261.00 264.00 270.00 41.28
250.00 250.00 283.00 252.00 41.70
280.00 271.00 249.00 255.00 42.13
251.00 269.00 250.00 252.00 38.84
283.00 257.00 259.00 236.00 34.58
253.00 260.00 260.00 255.00 41.60
251.00 263.00 249.00 258.00 38.20
274.00 271.00 256.00 253.00 42.29
270.00 256.00 274.00 243.00 39.84
218.00 254.00 252.00 255.00 38.62
250.00 276.00 252.00 267.00 36.71
246.00 259.00 253.00 250.00 40.48
242.00 265.00 248.00 256.00 41.54
243.00 255.00 251.00 255.00 37.67
275.00 262.00 248.00 248.00 40.00
260.00 259.00 242.00 263.00 37.67
246.00 269.00 254.00 260.00 41.39
259.00 253.00 242.00 247.00 37.51
254.00 253.00 248.00 258.00 41.60
265.00 251.00 249.00 243.00 42.18
277.00 247.00 243.00 259.00 38.62
265.00 251.00 241.00 255.00 41.92
259.00 253.00 248.00 243.00 34.43
256.00 257.00 242.00 253.00 39.05
250.00 249.00 250.00 246.00 38.25
241.00 258.00 248.00 234.00 41.17
249.00 264.00 245.00 260.00 38.25
243.00 250.00 233.00 261.00 34.11
250.00 248.00 253.00 242.00 39.53
244.00 259.00 242.00 263.00 42.13
251.00 245.00 247.00 244.00 34.80
270.00 232.00 249.00 253.00 34.21
257.00 251.00 234.00 252.00 39.05
245.00 245.00 240.00 236.00 41.54
248.00 252.00 248.00 234.00 41.92
256.00 262.00 240.00 237.00 38.04
263.00 263.00 240.00 249.00 39.05
256.00 244.00 241.00 255.00 41.07
248.00 248.00 252.00 250.00 41.97
253.00 241.00 244.00 241.00 42.02
245.00 245.00 241.00 245.00 38.30
250.00 246.00 249.00 233.00 41.76
262.00 243.00 240.00 242.00 37.61
236.00 234.00 244.00 248.00 38.36
253.00 238.00 255.00 244.00 36.82
244.00 237.00 238.00 234.00 34.74
232.00 252.00 254.00 227.00 41.76
242.00 229.00 250.00 258.00 34.27
262.00 236.00 246.00 253.00 34.58
252.00 251.00 242.00 249.00 40.48
268.00 253.00 236.00 245.00 41.97
248.00 244.00 248.00 252.00 39.69
254.00 258.00 240.00 242.00 41.92
245.00 263.00 236.00 234.00 41.76
247.00 260.00 226.00 248.00 38.41
256.00 257.00 244.00 243.00 36.55
237.00 233.00 237.00 259.00 38.20
238.00 240.00 249.00 234.00 42.18
249.00 230.00 234.00 244.00 35.38
259.00 224.00 238.00 241.00 41.60
241.00 239.00 238.00 236.00 40.85
266.00 241.00 227.00 242.00 42.39
248.00 229.00 245.00 230.00 40.80
253.00 233.00 247.00 245.00 39.79
234.00 238.00 250.00 228.00 35.97
242.00 235.00 237.00 241.00 35.01
243.00 236.00 229.00 244.00 39.79
239.00 241.00 256.00 252.00 34.43
243.00 244.00 243.00 241.00 34.48
253.00 240.00 245.00 264.00 41.92
239.00 254.00 256.00 252.00 41.70
250.00 242.00 238.00 255.00 41.65
248.00 255.00 226.00 266.00 34.48
244.00 259.00 236.00 277.00 38.89
279.00 255.00 253.00 278.00 40.38
273.00 253.00 256.00 259.00 37.61
259.00 245.00 241.00 264.00 34.21
245.00 249.00 237.00 283.00 35.81
249.00 240.00 251.00 256.00 38.20
253.00 240.00 248.00 259.00 38.36
227.00 234.00 231.00 270.00 34.48
233.00 225.00 243.00 264.00 41.17
239.00 236.00 246.00 255.00 36.92
232.00 227.00 248.00 246.00 38.62
260.00 230.00 250.00 247.00 39.90
253.00 240.00 239.00 231.00 41.07
251.00 233.00 245.00 239.00 42.13
234.00 230.00 230.00 238.00 34.48
226.00 228.00 247.00 156.00 36.13
185.00 200.00 226.00 262.00 41.65
271.00 189.00 241.00 273.00 38.62
282.00 196.00 236.00 261.00 41.39
251.00 195.00 229.00 246.00 34.32
252.00 198.00 225.00 254.00 36.50
257.00 213.00 233.00 228.00 42.02
253.00 217.00 233.00 244.00 39.31
255.00 220.00 234.00 274.00 41.97
249.00 248.00 245.00 278.00 42.02
273.00 250.00 238.00 285.00 40.80
270.00 273.00 231.00 278.00 41.28
263.00 253.00 238.00 287.00 36.50
259.00 260.00 233.00 267.00 36.66
275.00 273.00 243.00 273.00 39.95
260.00 295.00 240.00 246.00 41.54
238.00 280.00 221.00 259.00 34.00
250.00 261.00 235.00 258.00 41.49
271.00 258.00 233.00 283.00 37.93
227.00 254.00 208.00 269.00 35.91
247.00 273.00 236.00 279.00 41.23
230.00 227.00 242.00 260.00 39.05
257.00 222.00 230.00 265.00 35.91
267.00 220.00 224.00 283.00 39.37
263.00 234.00 226.00 258.00 38.94
229.00 239.00 222.00 259.00 41.12
243.00 248.00 221.00 253.00 33.89
250.00 248.00 213.00 258.00 41.33
264.00 249.00 237.00 251.00 35.75
250.00 241.00 227.00 250.00 35.28
242.00 244.00 254.00 286.00 39.05
227.00 208.00 260.00 275.00 37.35
222.00 205.00 231.00 240.00 39.05
209.00 197.00 228.00 251.00 34.05
233.00 186.00 218.00 220.00 35.91
254.00 187.00 222.00 260.00 39.05
265.00 212.00 266.00 270.00 41.86
279.00 195.00 230.00 257.00 34.96
234.00 186.00 233.00 269.00 34.48
244.00 198.00 216.00 264.00 39.90
239.00 190.00 224.00 287.00 36.34
238.00 200.00 235.00 294.00 37.99
275.00 191.00 229.00 271.00 37.35
242.00 205.00 237.00 267.00 37.19
212.00 181.00 226.00 243.00 40.38
217.00 185.00 247.00 239.00 40.32
224.00 203.00 232.00 240.00 36.44
217.00 177.00 235.00 241.00 35.01
209.00 177.00 224.00 259.00 36.87
211.00 174.00 210.00 223.00 36.71
210.00 174.00 219.00 237.00 33.63
219.00 177.00 208.00 240.00 35.81
228.00 179.00 203.00 250.00 40.80
219.00 172.00 215.00 237.00 37.29
217.00 172.00 217.00 257.00 33.26
229.00 173.00 218.00 259.00 41.60
232.00 176.00 203.00 253.00 40.48
231.00 182.00 207.00 234.00 34.11
234.00 179.00 207.00 253.00 40.00
220.00 179.00 213.00 255.00 41.33
218.00 179.00 204.00 253.00 39.63
244.00 179.00 196.00 241.00 32.57
229.00 179.00 200.00 257.00 38.04
241.00 180.00 205.00 266.00 41.07
248.00 181.00 195.00 258.00 33.15
244.00 181.00 187.00 287.00 41.28
232.00 181.00 197.00 254.00 31.93
246.00 180.00 190.00 237.00 40.43
237.00 180.00 204.00 237.00 37.99
230.00 181.00 209.00 254.00 37.40
220.00 179.00 210.00 246.00 40.96
223.00 180.00 206.00 245.00 40.27
219.00 177.00 198.00 230.00 34.74
218.00 177.00 208.00 223.00 34.32
202.00 174.00 188.00 233.00 37.67
194.00 173.00 188.00 220.00 30.81
187.00 172.00 184.00 223.00 36.39
187.00 170.00 173.00 222.00 38.62
184.00 170.00 168.00 212.00 31.50
184.00 169.00 163.00 209.00 38.57
184.00 167.00 159.00 219.00 31.88
187.00 167.00 159.00 219.00 37.40
191.00 166.00 157.00 240.00 40.00
189.00 167.00 155.00 233.00 32.83
189.00 166.00 155.00 238.00 40.06
187.00 165.00 152.00 217.00 38.04
186.00 165.00 153.00 235.00 35.86
185.00 164.00 152.00 203.00 38.62
181.00 166.00 152.00 215.00 34.21
186.00 163.00 151.00 212.00 38.46
181.00 162.00 152.00 208.00 37.72
181.00 162.00 151.00 216.00 29.48
182.00 160.00 152.00 225.00 39.69
183.00 160.00 152.00 210.00 29.48
187.00 159.00 151.00 218.00 35.81
183.00 159.00 149.00 210.00 37.83
183.00 158.00 147.00 224.00 31.40
183.00 158.00 147.00 216.00 39.58
183.00 158.00 147.00 220.00 33.79
183.00 157.00 146.00 229.00 37.83
184.00 156.00 146.00 213.00 39.84
183.00 156.00 147.00 220.00 36.29
183.00 155.00 146.00 224.00 30.12
184.00 155.00 145.00 217.00 32.30
183.00 154.00 145.00 223.00 29.59
183.00 153.00 144.00 211.00 36.92
183.00 153.00 143.00 215.00 40.54
183.00 152.00 143.00 232.00 40.00
184.00 151.00 142.00 217.00 37.61
184.00 150.00 142.00 215.00 31.24
184.00 150.00 141.00 229.00 39.15
184.00 149.00 141.00 210.00 38.73
183.00 149.00 141.00 215.00 39.79
184.00 150.00 140.00 204.00 39.21
184.00 148.00 139.00 203.00 33.95
183.00 148.00 139.00 216.00 33.36
185.00 147.00 140.00 227.00 39.63
184.00 147.00 138.00 228.00 34.69
184.00 147.00 138.00 237.00 36.71
186.00 146.00 138.00 215.00 32.78
183.00 145.00 137.00 214.00 32.73
183.00 145.00 137.00 218.00 37.51
182.00 144.00 137.00 222.00 40.22
183.00 144.00 136.00 220.00 32.73
183.00 144.00 138.00 236.00 29.64
185.00 144.00 146.00 205.00 34.90
183.00 147.00 136.00 215.00 37.77
184.00 143.00 136.00 223.00 39.47
181.00 142.00 138.00 218.00 40.54
181.00 141.00 136.00 218.00 40.64
181.00 144.00 139.00 229.00 32.14
181.00 141.00 135.00 215.00 30.60
180.00 140.00 136.00 217.00 40.22
180.00 140.00 138.00 217.00 40.38
181.00 140.00 137.00 226.00 39.63
187.00 147.00 140.00 216.00 32.83
181.00 149.00 148.00 216.00 32.88
180.00 137.00 136.00 198.00 39.42
183.00 137.00 135.00 214.00 38.36
179.00 137.00 137.00 224.00 40.27
179.00 136.00 135.00 209.00 30.76
178.00 136.00 137.00 216.00 34.74
179.00 136.00 134.00 221.00 35.97
178.00 135.00 134.00 208.00 32.46
178.00 134.00 133.00 213.00 38.14
177.00 137.00 133.00 207.00 29.11
175.00 133.00 135.00 223.00 39.95
175.00 127.00 131.00 208.00 37.51
172.00 132.00 131.00 222.00 36.13
172.00 131.00 130.00 220.00 35.28
172.00 131.00 129.00 229.00 38.78
172.00 130.00 128.00 220.00 32.35
172.00 129.00 127.00 201.00 40.22
172.00 129.00 127.00 214.00 29.96
172.00 129.00 127.00 214.00 33.73
174.00 128.00 126.00 210.00 36.82
174.00 128.00 125.00 221.00 37.08
175.00 127.00 126.00 220.00 31.88
176.00 127.00 126.00 225.00 33.79
174.00 127.00 126.00 207.00 29.64
173.00 126.00 125.00 217.00 37.29
174.00 126.00 125.00 202.00 33.84
173.00 126.00 124.00 233.00 38.30
172.00 125.00 124.00 221.00 30.18
172.00 125.00 125.00 212.00 34.74
176.00 125.00 124.00 215.00 31.98
173.00 124.00 124.00 201.00 35.86
172.00 123.00 123.00 210.00 40.06
172.00 123.00 124.00 215.00 38.20
173.00 123.00 123.00 205.00 35.12
173.00 122.00 123.00 214.00 33.52
194.00 122.00 123.00 203.00 40.22
176.00 122.00 122.00 208.00 29.17
174.00 121.00 123.00 203.00 37.93
171.00 120.00 122.00 206.00 30.44
172.00 120.00 122.00 205.00 33.20
171.00 120.00 123.00 213.00 39.10
171.00 129.00 125.00 216.00 39.10
173.00 122.00 125.00 231.00 38.94
184.00 122.00 124.00 198.00 33.31
176.00 120.00 123.00 208.00 30.81
173.00 119.00 122.00 206.00 34.05
171.00 118.00 122.00 221.00 39.31
172.00 116.00 121.00 203.00 38.57
173.00 117.00 122.00 229.00 31.88
172.00 117.00 121.00 217.00 35.97
172.00 117.00 120.00 202.00 40.11
170.00 117.00 120.00 219.00 30.92
171.00 117.00 121.00 216.00 37.29
172.00 117.00 120.00 217.00 32.25
171.00 114.00 124.00 219.00 32.41
170.00 115.00 120.00 216.00 35.43
177.00 112.00 120.00 213.00 34.90
171.00 115.00 119.00 209.00 33.31
171.00 114.00 119.00 216.00 34.58
170.00 114.00 119.00 198.00 28.32
169.00 114.00 118.00 213.00 30.07
170.00 114.00 118.00 178.00 39.26
168.00 114.00 117.00 219.00 38.04
167.00 113.00 117.00 216.00 36.39
167.00 114.00 117.00 236.00 29.01
167.00 113.00 117.00 238.00 34.21
167.00 113.00 117.00 238.00 35.17
167.00 113.00 116.00 221.00 39.47
166.00 113.00 116.00 217.00 39.15
172.00 114.00 117.00 221.00 36.87
167.00 113.00 116.00 215.00 36.07
161.00 110.00 107.00 180.00 38.36
156.00 111.00 107.00 188.00 29.54
157.00 113.00 111.00 177.00 32.73
157.00 112.00 103.00 173.00 28.58
158.00 111.00 102.00 175.00 38.20
157.00 111.00 102.00 175.00 35.91
156.00 110.00 101.00 174.00 34.85
156.00 109.00 101.00 172.00 30.18
155.00 109.00 101.00 172.00 36.34
155.00 109.00 101.00 174.00 34.90
155.00 109.00 101.00 174.00 30.87
155.00 109.00 101.00 170.00 33.26
155.00 110.00 101.00 169.00 29.01
155.00 109.00 106.00 178.00 33.36
155.00 112.00 104.00 181.00 25.61
150.00 106.00 98.00 172.00 23.91
152.00 105.00 95.00 185.00 34.11
153.00 105.00 95.00 196.00 23.75
154.00 106.00 95.00 200.00 24.12
144.00 88.00 95.00 165.00 22.53
106.00 77.00 58.00 110.00 34.21
98.00 84.00 39.00 93.00 33.68
60.00 56.00 43.00 59.00 32.03
62.00 6.00 8.00 26.00 22.21

