160.00 85.00 119.00 86.00 25.34
173.00 133.00 162.00 90.00 27.20
170.00 160.00 179.00 103.00 30.44
173.00 192.00 193.00 128.00 26.35
193.00 233.00 200.00 185.00 30.76
207.00 238.00 211.00 249.00 25.29
214.00 232.00 221.00 251.00 29.59
212.00 234.00 227.00 278.00 28.69
218.00 239.00 237.00 269.00 30.39
229.00 238.00 221.00 271.00 27.84
220.00 239.00 214.00 258.00 31.08
217.00 232.00 234.00 281.00 33.73
250.00 256.00 228.00 275.00 39.90
231.00 241.00 223.00 275.00 39.10
225.00 245.00 212.00 273.00 33.95
233.00 255.00 225.00 282.00 36.60
234.00 275.00 238.00 286.00 33.73
234.00 268.00 235.00 279.00 32.09
220.00 260.00 213.00 275.00 34.48
224.00 249.00 229.00 271.00 32.94
221.00 264.00 234.00 288.00 39.90
236.00 258.00 239.00 286.00 41.49
229.00 252.00 229.00 279.00 34.64
227.00 231.00 222.00 289.00 35.91
226.00 233.00 230.00 280.00 41.81
219.00 259.00 235.00 276.00 40.32
252.00 254.00 238.00 270.00 41.23
245.00 241.00 221.00 268.00 40.43
239.00 229.00 227.00 270.00 35.33
229.00 244.00 223.00 265.00 42.24
226.00 246.00 220.00 270.00 39.15
253.00 244.00 239.00 287.00 41.23
241.00 243.00 230.00 271.00 42.29
259.00 223.00 240.00 243.00 37.56
216.00 228.00 183.00 264.00 35.12
255.00 234.00 224.00 259.00 35.54
263.00 247.00 225.00 289.00 41.97
260.00 250.00 236.00 292.00 37.14
249.00 250.00 230.00 283.00 40.11
263.00 259.00 219.00 279.00 37.72
270.00 232.00 225.00 275.00 42.50
270.00 255.00 230.00 257.00 36.23
263.00 253.00 238.00 282.00 42.55
280.00 254.00 234.00 291.00 37.08
283.00 263.00 222.00 273.00 40.11
268.00 253.00 223.00 274.00 35.43
265.00 249.00 228.00 280.00 36.50
247.00 241.00 218.00 234.00 42.55
281.00 259.00 234.00 292.00 39.69
252.00 256.00 230.00 275.00 40.64
268.00 255.00 220.00 266.00 35.65
264.00 255.00 225.00 273.00 42.24
257.00 242.00 216.00 265.00 41.28
254.00 248.00 217.00 292.00 39.15
263.00 263.00 229.00 282.00 41.33
265.00 254.00 240.00 281.00 42.39
279.00 251.00 233.00 282.00 39.53
259.00 258.00 226.00 280.00 41.86
253.00 252.00 219.00 275.00 42.66
257.00 263.00 219.00 267.00 42.82
269.00 261.00 227.00 293.00 41.23
271.00 255.00 228.00 272.00 38.57
260.00 253.00 224.00 282.00 39.95
266.00 254.00 225.00 275.00 42.18
260.00 248.00 220.00 216.00 36.50
255.00 251.00 206.00 291.00 36.07
268.00 264.00 220.00 287.00 42.66
258.00 254.00 238.00 281.00 42.24
246.00 265.00 226.00 284.00 37.83
254.00 253.00 217.00 278.00 36.34
259.00 238.00 223.00 286.00 41.76
261.00 246.00 232.00 295.00 42.77
260.00 233.00 229.00 227.00 41.33
273.00 256.00 228.00 286.00 41.92
246.00 238.00 230.00 281.00 42.77
263.00 253.00 218.00 287.00 38.52
262.00 252.00 221.00 282.00 42.82
272.00 268.00 239.00 276.00 41.17
267.00 254.00 231.00 294.00 39.05
264.00 252.00 229.00 295.00 37.72
254.00 242.00 214.00 282.00 37.45
235.00 233.00 216.00 286.00 38.89
249.00 232.00 222.00 288.00 40.22
250.00 254.00 228.00 294.00 40.16
263.00 263.00 237.00 285.00 36.34
251.00 254.00 233.00 285.00 39.42
246.00 243.00 217.00 276.00 42.13
257.00 240.00 223.00 284.00 42.13
254.00 248.00 218.00 282.00 42.82
252.00 237.00 224.00 286.00 37.14
268.00 252.00 231.00 300.00 36.71
240.00 258.00 230.00 254.00 39.63
264.00 267.00 234.00 282.00 40.43
252.00 255.00 216.00 293.00 37.19
252.00 248.00 214.00 288.00 42.55
238.00 240.00 220.00 294.00 38.20
254.00 265.00 229.00 297.00 37.24
253.00 261.00 231.00 300.00 40.91
246.00 257.00 234.00 278.00 40.38
225.00 255.00 222.00 294.00 39.15
220.00 255.00 226.00 281.00 42.93
232.00 249.00 221.00 293.00 37.35
252.00 259.00 234.00 293.00 41.65
251.00 276.00 223.00 285.00 42.24
248.00 272.00 218.00 263.00 36.44
261.00 257.00 221.00 296.00 42.77
243.00 243.00 212.00 288.00 40.96
254.00 266.00 234.00 297.00 42.29
257.00 275.00 237.00 287.00 39.31
264.00 262.00 220.00 279.00 42.13
263.00 254.00 222.00 262.00 37.61
259.00 242.00 216.00 264.00 40.27
243.00 236.00 220.00 241.00 42.13
237.00 243.00 225.00 292.00 40.54
240.00 243.00 224.00 282.00 40.75
257.00 241.00 212.00 275.00 42.98
251.00 241.00 211.00 285.00 42.66
243.00 253.00 219.00 300.00 40.48
259.00 266.00 230.00 290.00 36.66
254.00 246.00 224.00 287.00 37.24
234.00 254.00 211.00 281.00 39.05
263.00 263.00 212.00 246.00 40.96
229.00 240.00 205.00 285.00 43.03
240.00 247.00 226.00 288.00 42.50
263.00 262.00 228.00 282.00 41.39
259.00 250.00 231.00 280.00 37.88
250.00 250.00 214.00 281.00 37.56
237.00 249.00 192.00 289.00 40.64
217.00 239.00 220.00 280.00 37.19
274.00 259.00 213.00 286.00 37.19
239.00 250.00 207.00 269.00 42.08
239.00 245.00 214.00 275.00 41.07
241.00 223.00 216.00 285.00 38.52
246.00 260.00 229.00 301.00 38.30
251.00 257.00 223.00 293.00 40.54
238.00 267.00 221.00 279.00 40.75
226.00 258.00 219.00 262.00 38.68
234.00 252.00 217.00 288.00 41.97
254.00 258.00 233.00 275.00 41.92
220.00 243.00 222.00 288.00 37.56
232.00 244.00 214.00 253.00 41.23
244.00 232.00 211.00 259.00 39.74
250.00 253.00 221.00 292.00 41.65
257.00 279.00 227.00 278.00 40.85
253.00 258.00 213.00 272.00 41.60
230.00 242.00 211.00 230.00 37.72
231.00 238.00 213.00 254.00 37.77
240.00 261.00 233.00 256.00 38.46
240.00 255.00 223.00 282.00 42.71
234.00 250.00 207.00 231.00 36.76
225.00 233.00 214.00 269.00 39.69
259.00 249.00 218.00 289.00 42.82
244.00 233.00 218.00 244.00 36.82
230.00 228.00 212.00 285.00 37.99
241.00 256.00 224.00 293.00 38.94
224.00 262.00 217.00 290.00 41.44
230.00 238.00 222.00 277.00 41.81
237.00 237.00 216.00 275.00 40.11
234.00 239.00 230.00 259.00 42.77
236.00 265.00 235.00 277.00 41.70
227.00 253.00 227.00 275.00 37.72
214.00 227.00 215.00 247.00 38.41
215.00 235.00 218.00 262.00 43.09
226.00 253.00 224.00 274.00 42.66
226.00 260.00 224.00 258.00 40.48
221.00 243.00 210.00 261.00 38.46
216.00 247.00 219.00 259.00 38.57
224.00 245.00 209.00 263.00 43.09
235.00 251.00 234.00 243.00 40.48
237.00 259.00 207.00 260.00 38.57
226.00 250.00 207.00 250.00 39.47
220.00 256.00 205.00 262.00 38.57
209.00 251.00 229.00 258.00 42.98
229.00 255.00 228.00 263.00 36.60
232.00 256.00 206.00 259.00 40.32
226.00 249.00 215.00 252.00 43.09
223.00 237.00 195.00 229.00 43.14
230.00 233.00 201.00 264.00 41.07
224.00 226.00 209.00 282.00 38.20
228.00 273.00 233.00 278.00 41.70
214.00 265.00 225.00 273.00 42.98
211.00 257.00 225.00 245.00 37.29
207.00 241.00 214.00 248.00 39.47
219.00 247.00 203.00 264.00 42.08
223.00 249.00 222.00 249.00 40.11
236.00 245.00 215.00 264.00 40.80
236.00 235.00 207.00 252.00 41.39
219.00 248.00 219.00 260.00 40.11
211.00 241.00 217.00 266.00 36.39
214.00 244.00 208.00 249.00 36.98
234.00 254.00 229.00 269.00 37.83
236.00 249.00 212.00 244.00 42.18
230.00 233.00 220.00 263.00 42.34
224.00 228.00 217.00 245.00 37.08
223.00 218.00 228.00 273.00 42.18
224.00 227.00 244.00 264.00 42.24
231.00 248.00 224.00 261.00 42.13
229.00 246.00 228.00 274.00 42.98
226.00 228.00 218.00 268.00 40.00
223.00 245.00 216.00 265.00 36.98
224.00 217.00 231.00 269.00 36.98
240.00 254.00 237.00 276.00 42.98
239.00 238.00 222.00 254.00 42.82
230.00 235.00 210.00 233.00 37.24
214.00 227.00 211.00 268.00 40.11
214.00 223.00 238.00 254.00 42.93
229.00 225.00 228.00 263.00 39.69
231.00 229.00 230.00 249.00 41.23
208.00 219.00 215.00 243.00 42.18
200.00 204.00 227.00 263.00 37.88
197.00 210.00 207.00 253.00 42.61
208.00 233.00 213.00 263.00 37.03
209.00 220.00 221.00 251.00 42.98
209.00 212.00 209.00 248.00 42.66
208.00 207.00 226.00 271.00 42.61
216.00 204.00 206.00 260.00 40.75
213.00 214.00 222.00 270.00 38.41
211.00 223.00 221.00 253.00 37.14
212.00 226.00 227.00 249.00 42.98
208.00 206.00 222.00 261.00 39.63
217.00 207.00 227.00 252.00 37.35
221.00 212.00 242.00 266.00 42.98
224.00 217.00 245.00 251.00 42.71
219.00 215.00 239.00 254.00 36.34
211.00 224.00 247.00 251.00 39.90
210.00 241.00 244.00 256.00 36.29
227.00 228.00 236.00 248.00 36.82
216.00 219.00 235.00 259.00 42.93
212.00 212.00 239.00 256.00 41.12
203.00 204.00 219.00 255.00 42.93
205.00 203.00 236.00 258.00 40.75
215.00 206.00 231.00 267.00 42.77
213.00 201.00 240.00 247.00 41.70
206.00 195.00 239.00 245.00 41.33
197.00 192.00 246.00 256.00 36.23
203.00 204.00 238.00 260.00 42.34
207.00 208.00 234.00 255.00 36.55
201.00 199.00 241.00 254.00 41.44
195.00 197.00 233.00 242.00 36.82
192.00 199.00 245.00 252.00 36.18
207.00 207.00 256.00 256.00 42.77
198.00 213.00 243.00 249.00 41.60
193.00 214.00 238.00 252.00 41.60
190.00 209.00 235.00 250.00 37.35
192.00 211.00 240.00 259.00 42.66
198.00 212.00 239.00 258.00 39.31
193.00 210.00 218.00 247.00 39.42
190.00 200.00 208.00 243.00 41.70
185.00 196.00 206.00 243.00 38.46
186.00 197.00 213.00 249.00 42.66
193.00 208.00 221.00 248.00 38.68
190.00 204.00 215.00 240.00 42.61
183.00 199.00 212.00 247.00 42.08
178.00 195.00 211.00 248.00 35.65
177.00 195.00 218.00 247.00 35.43
182.00 202.00 221.00 245.00 37.03
184.00 204.00 220.00 250.00 41.07
179.00 194.00 214.00 237.00 41.65
176.00 191.00 208.00 238.00 35.06
175.00 191.00 198.00 219.00 42.29
177.00 191.00 201.00 224.00 35.65
182.00 198.00 202.00 217.00 40.27
179.00 190.00 198.00 214.00 33.52
175.00 187.00 196.00 213.00 41.39
173.00 185.00 197.00 210.00 32.88
171.00 188.00 199.00 211.00 41.39
179.00 194.00 205.00 209.00 40.80
175.00 189.00 200.00 202.00 39.63
171.00 184.00 197.00 202.00 33.63
168.00 186.00 195.00 198.00 31.50
166.00 185.00 193.00 201.00 33.79
169.00 186.00 195.00 200.00 40.43
169.00 183.00 190.00 194.00 32.09
166.00 182.00 190.00 193.00 29.54
166.00 180.00 187.00 193.00 29.27
168.00 183.00 187.00 194.00 35.86
164.00 180.00 182.00 185.00 39.95
154.00 176.00 116.00 91.00 34.11
72.00 54.00 64.00 65.00 37.35
52.00 25.00 52.00 45.00 38.52
51.00 19.00 18.00 13.00 35.54

