13.00 13.00 16.00 42.00 54.35
40.00 32.00 23.00 100.00 54.35
29.00 33.00 68.00 136.00 54.35
41.00 37.00 95.00 138.00 54.35
43.00 45.00 205.00 154.00 54.35
89.00 44.00 229.00 214.00 54.35
177.00 87.00 242.00 253.00 54.35
282.00 249.00 258.00 248.00 54.35
254.00 268.00 252.00 248.00 54.35
282.00 260.00 252.00 250.00 54.35
202.00 272.00 266.00 253.00 54.35
261.00 255.00 263.00 256.00 54.35
254.00 275.00 267.00 263.00 54.35
189.00 265.00 276.00 259.00 54.35
218.00 288.00 258.00 260.00 54.35
253.00 281.00 271.00 271.00 54.35
235.00 286.00 262.00 265.00 54.35
254.00 288.00 263.00 267.00 54.35
221.00 286.00 240.00 271.00 54.35
181.00 282.00 265.00 280.00 54.35
303.00 294.00 274.00 275.00 54.35
281.00 308.00 280.00 277.00 54.35
321.00 302.00 256.00 278.00 54.35
302.00 318.00 267.00 279.00 54.35
269.00 305.00 271.00 281.00 54.35
313.00 313.00 274.00 285.00 54.35
198.00 306.00 249.00 274.00 54.35
291.00 305.00 266.00 267.00 54.35
291.00 296.00 269.00 264.00 54.35
187.00 293.00 261.00 258.00 54.35
195.00 279.00 250.00 251.00 54.35
216.00 287.00 259.00 262.00 54.35
219.00 280.00 251.00 250.00 54.35
219.00 294.00 253.00 257.00 54.35
199.00 294.00 266.00 268.00 54.35
280.00 287.00 268.00 259.00 54.35
281.00 288.00 263.00 263.00 54.35
276.00 287.00 267.00 256.00 54.35
185.00 279.00 223.00 253.00 54.35
227.00 283.00 276.00 236.00 54.35
188.00 278.00 226.00 243.00 54.35
186.00 277.00 261.00 241.00 54.35
188.00 273.00 252.00 253.00 54.35
163.00 266.00 263.00 246.00 54.35
198.00 266.00 225.00 254.00 54.35
207.00 266.00 206.00 251.00 54.35
160.00 263.00 249.00 257.00 54.35
203.00 270.00 263.00 253.00 54.35
192.00 279.00 261.00 254.00 54.35
168.00 290.00 264.00 255.00 54.35
199.00 280.00 238.00 263.00 54.35
206.00 272.00 249.00 246.00 54.35
185.00 280.00 230.00 254.00 54.35
208.00 278.00 262.00 248.00 54.35
241.00 264.00 257.00 240.00 54.35
231.00 266.00 212.00 250.00 54.35
231.00 269.00 231.00 252.00 54.35
239.00 266.00 252.00 236.00 54.35
216.00 271.00 214.00 242.00 54.35
239.00 276.00 253.00 242.00 54.35
199.00 256.00 216.00 239.00 54.35
202.00 269.00 271.00 243.00 54.35
245.00 268.00 286.00 241.00 54.35
242.00 277.00 283.00 252.00 54.35
212.00 271.00 257.00 251.00 54.35
213.00 277.00 256.00 255.00 54.35
185.00 277.00 243.00 255.00 54.35
239.00 273.00 283.00 244.00 54.35
198.00 281.00 224.00 251.00 54.35
201.00 261.00 254.00 237.00 54.35
239.00 264.00 242.00 240.00 54.35
219.00 263.00 252.00 230.00 54.35
232.00 243.00 267.00 235.00 54.35
215.00 266.00 241.00 231.00 54.35
220.00 253.00 210.00 225.00 54.35
253.00 256.00 223.00 229.00 54.35
256.00 246.00 216.00 227.00 54.35
226.00 261.00 212.00 243.00 54.35
207.00 258.00 241.00 247.00 54.35
221.00 272.00 250.00 248.00 54.35
205.00 270.00 259.00 244.00 54.35
260.00 273.00 262.00 258.00 54.35
251.00 272.00 266.00 252.00 54.35
268.00 273.00 231.00 245.00 54.35
227.00 284.00 229.00 239.00 54.35
233.00 275.00 230.00 240.00 54.35
216.00 261.00 216.00 247.00 54.35
222.00 258.00 215.00 247.00 54.35
243.00 275.00 225.00 224.00 54.35
205.00 268.00 205.00 241.00 54.35
229.00 254.00 230.00 255.00 54.35
184.00 277.00 250.00 261.00 54.35
220.00 276.00 235.00 270.00 54.35
240.00 269.00 233.00 256.00 54.35
227.00 278.00 244.00 231.00 54.35
173.00 254.00 226.00 246.00 54.35
201.00 248.00 248.00 248.00 54.35
198.00 248.00 222.00 238.00 54.35
232.00 237.00 241.00 247.00 54.35
169.00 258.00 238.00 238.00 54.35
241.00 265.00 227.00 242.00 54.35
176.00 268.00 236.00 252.00 54.35
246.00 268.00 238.00 261.00 54.35
269.00 243.00 231.00 244.00 54.35
248.00 272.00 237.00 253.00 54.35
248.00 270.00 244.00 253.00 54.35
253.00 263.00 248.00 238.00 54.35
226.00 256.00 238.00 240.00 54.35
203.00 254.00 234.00 240.00 54.35
192.00 250.00 236.00 227.00 54.35
203.00 250.00 225.00 227.00 54.35
218.00 244.00 238.00 227.00 54.35
198.00 240.00 233.00 226.00 54.35
205.00 241.00 223.00 236.00 54.35
195.00 245.00 239.00 228.00 54.35
183.00 247.00 212.00 228.00 54.35
196.00 242.00 218.00 243.00 54.35
229.00 242.00 223.00 242.00 54.35
235.00 265.00 241.00 253.00 54.35
234.00 260.00 234.00 240.00 54.35
214.00 261.00 242.00 235.00 54.35
241.00 247.00 245.00 242.00 54.35
227.00 244.00 225.00 254.00 54.35
245.00 252.00 228.00 240.00 54.35
231.00 252.00 235.00 223.00 54.35
230.00 248.00 211.00 218.00 54.35
245.00 232.00 231.00 230.00 54.35
248.00 247.00 223.00 231.00 54.35
174.00 251.00 225.00 220.00 54.35
238.00 239.00 227.00 226.00 54.35
242.00 252.00 223.00 241.00 54.35
272.00 254.00 227.00 238.00 54.35
225.00 263.00 224.00 238.00 54.35
235.00 255.00 221.00 232.00 54.35
260.00 240.00 203.00 225.00 54.35
240.00 251.00 205.00 227.00 54.35
261.00 249.00 224.00 238.00 54.35
225.00 244.00 218.00 236.00 54.35
200.00 235.00 210.00 236.00 54.35
249.00 234.00 208.00 238.00 54.35
240.00 230.00 220.00 239.00 54.35
267.00 241.00 211.00 232.00 54.35
261.00 238.00 205.00 225.00 54.35
259.00 233.00 204.00 239.00 54.35
272.00 238.00 211.00 241.00 54.35
259.00 253.00 210.00 235.00 54.35
266.00 245.00 207.00 233.00 54.35
222.00 248.00 210.00 219.00 54.35
233.00 236.00 208.00 227.00 54.35
230.00 243.00 204.00 230.00 54.35
263.00 250.00 209.00 228.00 54.35
260.00 244.00 207.00 221.00 54.35
228.00 241.00 207.00 222.00 54.35
253.00 233.00 191.00 211.00 54.35
244.00 223.00 183.00 203.00 54.35
244.00 232.00 177.00 198.00 54.35
242.00 230.00 175.00 193.00 54.35
240.00 208.00 168.00 192.00 54.35
240.00 198.00 167.00 195.00 54.35
237.00 199.00 167.00 207.00 54.35
235.00 199.00 172.00 205.00 54.35
234.00 203.00 169.00 200.00 54.35
226.00 201.00 161.00 195.00 54.35
224.00 194.00 157.00 193.00 54.35
215.00 191.00 157.00 191.00 54.35
218.00 192.00 160.00 194.00 54.35
225.00 190.00 152.00 197.00 54.35
235.00 193.00 160.00 191.00 54.35
224.00 203.00 159.00 197.00 54.35
215.00 196.00 157.00 199.00 54.35
217.00 198.00 158.00 202.00 54.35
210.00 195.00 157.00 195.00 54.35
198.00 190.00 152.00 190.00 54.35
192.00 187.00 151.00 186.00 54.35
187.00 188.00 149.00 185.00 54.35
183.00 189.00 149.00 186.00 54.35
176.00 186.00 150.00 187.00 54.35
171.00 184.00 152.00 189.00 54.35
168.00 183.00 150.00 178.00 54.35
161.00 175.00 147.00 174.00 54.35
156.00 174.00 137.00 174.00 54.35
151.00 170.00 143.00 178.00 54.35
153.00 168.00 130.00 102.00 54.35
21.00 17.00 2.00 0.00 54.35
0.00 7.00 0.00 0.00 54.35
0.00 7.00 0.00 0.00 54.35
0.00 6.00 0.00 0.00 54.35
0.00 11.00 0.00 0.00 54.35
0.00 12.00 0.00 0.00 54.35
0.00 15.00 0.00 0.00 54.35
0.00 17.00 0.00 0.00 54.35
0.00 18.00 0.00 0.00 54.35
