3.00 6.00 32.00 0.00 54.35
0.00 5.00 32.00 0.00 54.35
2.00 5.00 33.00 0.00 54.35
1.00 6.00 32.00 0.00 54.35
3.00 3.00 32.00 0.00 54.35
2.00 5.00 33.00 0.00 54.35
2.00 7.00 34.00 0.00 54.35
4.00 9.00 59.00 0.00 54.35
9.00 11.00 120.00 0.00 54.35
14.00 16.00 179.00 12.00 54.35
27.00 38.00 197.00 17.00 54.35
53.00 64.00 192.00 17.00 54.35
86.00 95.00 204.00 24.00 54.35
123.00 123.00 202.00 28.00 54.35
136.00 147.00 204.00 29.00 54.35
166.00 183.00 210.00 39.00 54.35
227.00 219.00 208.00 44.00 54.35
246.00 218.00 214.00 56.00 54.35
248.00 239.00 213.00 63.00 54.35
254.00 224.00 221.00 68.00 54.35
255.00 238.00 222.00 80.00 54.35
256.00 234.00 222.00 83.00 54.35
257.00 241.00 222.00 94.00 54.35
251.00 236.00 216.00 111.00 54.35
244.00 223.00 222.00 120.00 54.35
238.00 225.00 217.00 134.00 54.35
252.00 224.00 217.00 136.00 54.35
223.00 227.00 209.00 142.00 54.35
238.00 208.00 215.00 161.00 54.35
249.00 226.00 197.00 207.00 54.35
251.00 230.00 199.00 210.00 54.35
227.00 233.00 187.00 213.00 54.35
230.00 232.00 190.00 224.00 54.35
256.00 223.00 188.00 220.00 54.35
233.00 223.00 192.00 222.00 54.35
236.00 222.00 188.00 222.00 54.35
248.00 225.00 192.00 216.00 54.35
234.00 221.00 198.00 219.00 54.35
250.00 221.00 215.00 220.00 54.35
262.00 228.00 212.00 226.00 54.35
256.00 230.00 217.00 233.00 54.35
246.00 238.00 229.00 230.00 54.35
264.00 229.00 229.00 239.00 54.35
267.00 235.00 235.00 233.00 54.35
272.00 244.00 238.00 239.00 54.35
269.00 242.00 230.00 230.00 54.35
266.00 236.00 220.00 222.00 54.35
262.00 235.00 233.00 222.00 54.35
247.00 244.00 224.00 227.00 54.35
254.00 238.00 220.00 221.00 54.35
258.00 230.00 218.00 215.00 54.35
237.00 220.00 215.00 219.00 54.35
239.00 228.00 213.00 223.00 54.35
223.00 238.00 220.00 210.00 54.35
239.00 216.00 216.00 210.00 54.35
243.00 215.00 226.00 228.00 54.35
236.00 217.00 218.00 207.00 54.35
238.00 217.00 222.00 220.00 54.35
255.00 227.00 220.00 222.00 54.35
248.00 225.00 232.00 220.00 54.35
252.00 225.00 228.00 222.00 54.35
270.00 221.00 219.00 218.00 54.35
242.00 214.00 218.00 212.00 54.35
247.00 230.00 218.00 202.00 54.35
253.00 217.00 220.00 210.00 54.35
252.00 219.00 217.00 221.00 54.35
256.00 216.00 222.00 220.00 54.35
261.00 216.00 221.00 219.00 54.35
245.00 224.00 219.00 224.00 54.35
246.00 218.00 218.00 224.00 54.35
248.00 220.00 219.00 209.00 54.35
233.00 208.00 217.00 223.00 54.35
218.00 214.00 219.00 213.00 54.35
245.00 219.00 206.00 211.00 54.35
210.00 211.00 223.00 208.00 54.35
217.00 206.00 220.00 210.00 54.35
241.00 215.00 222.00 213.00 54.35
230.00 221.00 228.00 221.00 54.35
263.00 237.00 228.00 229.00 54.35
251.00 232.00 230.00 237.00 54.35
272.00 233.00 235.00 220.00 54.35
257.00 240.00 232.00 222.00 54.35
244.00 234.00 231.00 212.00 54.35
251.00 236.00 217.00 224.00 54.35
272.00 227.00 226.00 223.00 54.35
254.00 231.00 229.00 228.00 54.35
229.00 241.00 232.00 226.00 54.35
236.00 229.00 226.00 223.00 54.35
256.00 221.00 220.00 233.00 54.35
239.00 235.00 226.00 222.00 54.35
225.00 230.00 221.00 221.00 54.35
255.00 227.00 222.00 226.00 54.35
250.00 231.00 222.00 223.00 54.35
250.00 233.00 229.00 229.00 54.35
268.00 240.00 228.00 232.00 54.35
260.00 241.00 231.00 231.00 54.35
277.00 249.00 229.00 234.00 54.35
255.00 250.00 230.00 237.00 54.35
258.00 234.00 230.00 232.00 54.35
258.00 246.00 228.00 242.00 54.35
272.00 246.00 233.00 242.00 54.35
258.00 252.00 222.00 225.00 54.35
248.00 228.00 225.00 222.00 54.35
251.00 239.00 217.00 220.00 54.35
240.00 220.00 223.00 214.00 54.35
252.00 228.00 208.00 220.00 54.35
252.00 215.00 224.00 223.00 54.35
243.00 220.00 224.00 224.00 54.35
242.00 211.00 220.00 226.00 54.35
243.00 237.00 218.00 220.00 54.35
230.00 217.00 222.00 209.00 54.35
219.00 219.00 223.00 210.00 54.35
230.00 235.00 222.00 212.00 54.35
235.00 223.00 226.00 220.00 54.35
248.00 227.00 226.00 212.00 54.35
225.00 220.00 233.00 222.00 54.35
261.00 223.00 223.00 212.00 54.35
251.00 240.00 238.00 220.00 54.35
235.00 238.00 234.00 238.00 54.35
242.00 242.00 237.00 234.00 54.35
216.00 232.00 235.00 214.00 54.35
242.00 245.00 227.00 213.00 54.35
250.00 231.00 224.00 229.00 54.35
264.00 223.00 228.00 231.00 54.35
212.00 226.00 229.00 231.00 54.35
200.00 229.00 222.00 222.00 54.35
255.00 223.00 223.00 229.00 54.35
246.00 226.00 218.00 221.00 54.35
241.00 230.00 223.00 219.00 54.35
210.00 232.00 219.00 230.00 54.35
241.00 232.00 222.00 233.00 54.35
212.00 238.00 229.00 226.00 54.35
262.00 238.00 227.00 225.00 54.35
227.00 240.00 221.00 224.00 54.35
241.00 241.00 237.00 239.00 54.35
219.00 245.00 230.00 236.00 54.35
236.00 254.00 227.00 222.00 54.35
246.00 253.00 219.00 231.00 54.35
231.00 241.00 236.00 240.00 54.35
243.00 242.00 227.00 244.00 54.35
216.00 238.00 229.00 236.00 54.35
231.00 244.00 229.00 235.00 54.35
210.00 249.00 225.00 242.00 54.35
213.00 246.00 229.00 242.00 54.35
219.00 235.00 231.00 223.00 54.35
237.00 234.00 229.00 243.00 54.35
229.00 236.00 224.00 225.00 54.35
233.00 247.00 231.00 212.00 54.35
239.00 245.00 228.00 208.00 54.35
238.00 232.00 225.00 212.00 54.35
248.00 233.00 219.00 222.00 54.35
251.00 224.00 222.00 204.00 54.35
207.00 223.00 221.00 234.00 54.35
199.00 232.00 229.00 224.00 54.35
238.00 221.00 216.00 221.00 54.35
237.00 231.00 219.00 205.00 54.35
222.00 213.00 213.00 197.00 54.35
166.00 227.00 215.00 218.00 54.35
252.00 213.00 213.00 223.00 54.35
241.00 208.00 212.00 213.00 54.35
198.00 213.00 207.00 217.00 54.35
246.00 212.00 211.00 221.00 54.35
231.00 218.00 221.00 215.00 54.35
215.00 222.00 220.00 213.00 54.35
216.00 224.00 229.00 230.00 54.35
248.00 238.00 225.00 237.00 54.35
235.00 232.00 228.00 229.00 54.35
241.00 237.00 228.00 222.00 54.35
247.00 237.00 225.00 224.00 54.35
231.00 227.00 231.00 234.00 54.35
248.00 229.00 215.00 224.00 54.35
222.00 229.00 213.00 229.00 54.35
234.00 230.00 219.00 224.00 54.35
227.00 226.00 215.00 227.00 54.35
249.00 216.00 209.00 222.00 54.35
236.00 220.00 206.00 226.00 54.35
217.00 221.00 214.00 219.00 54.35
186.00 223.00 213.00 219.00 54.35
222.00 212.00 208.00 222.00 54.35
212.00 217.00 204.00 220.00 54.35
249.00 221.00 208.00 222.00 54.35
243.00 223.00 207.00 221.00 54.35
243.00 221.00 205.00 209.00 54.35
214.00 223.00 211.00 210.00 54.35
234.00 231.00 219.00 228.00 54.35
231.00 225.00 215.00 218.00 54.35
217.00 223.00 218.00 230.00 54.35
250.00 232.00 229.00 233.00 54.35
243.00 248.00 216.00 230.00 54.35
247.00 231.00 220.00 234.00 54.35
260.00 235.00 224.00 231.00 54.35
251.00 224.00 214.00 239.00 54.35
213.00 207.00 208.00 228.00 54.35
187.00 208.00 217.00 230.00 54.35
234.00 203.00 212.00 226.00 54.35
248.00 193.00 214.00 225.00 54.35
173.00 196.00 216.00 221.00 54.35
195.00 195.00 215.00 215.00 54.35
208.00 192.00 210.00 210.00 54.35
191.00 197.00 207.00 215.00 54.35
212.00 196.00 208.00 218.00 54.35
199.00 195.00 214.00 217.00 54.35
209.00 193.00 203.00 215.00 54.35
187.00 191.00 202.00 212.00 54.35
177.00 193.00 201.00 208.00 54.35
209.00 195.00 203.00 206.00 54.35
190.00 197.00 197.00 215.00 54.35
183.00 203.00 199.00 217.00 54.35
232.00 195.00 206.00 217.00 54.35
183.00 203.00 195.00 216.00 54.35
213.00 200.00 196.00 216.00 54.35
216.00 198.00 195.00 212.00 54.35
236.00 196.00 190.00 208.00 54.35
214.00 188.00 180.00 213.00 54.35
211.00 185.00 166.00 209.00 54.35
209.00 186.00 181.00 217.00 54.35
225.00 194.00 171.00 220.00 54.35
231.00 195.00 176.00 211.00 54.35
216.00 188.00 169.00 212.00 54.35
224.00 185.00 167.00 207.00 54.35
223.00 184.00 162.00 206.00 54.35
216.00 182.00 157.00 210.00 54.35
225.00 193.00 173.00 213.00 54.35
212.00 194.00 171.00 222.00 54.35
228.00 197.00 166.00 212.00 54.35
215.00 197.00 161.00 215.00 54.35
225.00 198.00 156.00 210.00 54.35
211.00 189.00 163.00 208.00 54.35
205.00 186.00 160.00 213.00 54.35
229.00 194.00 168.00 215.00 54.35
228.00 192.00 165.00 210.00 54.35
214.00 188.00 162.00 208.00 54.35
219.00 187.00 158.00 202.00 54.35
214.00 187.00 156.00 207.00 54.35
220.00 190.00 155.00 207.00 54.35
221.00 188.00 166.00 210.00 54.35
214.00 194.00 163.00 215.00 54.35
223.00 188.00 160.00 209.00 54.35
219.00 182.00 155.00 202.00 54.35
211.00 183.00 152.00 197.00 54.35
199.00 186.00 149.00 202.00 54.35
196.00 184.00 153.00 195.00 54.35
193.00 182.00 158.00 203.00 54.35
195.00 186.00 154.00 202.00 54.35
190.00 186.00 154.00 199.00 54.35
186.00 181.00 148.00 193.00 54.35
177.00 180.00 146.00 196.00 54.35
181.00 181.00 153.00 200.00 54.35
176.00 179.00 146.00 196.00 54.35
168.00 177.00 148.00 196.00 54.35
166.00 178.00 149.00 195.00 54.35
167.00 182.00 151.00 191.00 54.35
168.00 180.00 149.00 189.00 54.35
162.00 174.00 145.00 178.00 54.35
152.00 172.00 142.00 172.00 54.35
150.00 173.00 141.00 165.00 54.35
151.00 168.00 140.00 163.00 54.35
143.00 168.00 140.00 164.00 54.35
151.00 169.00 141.00 165.00 54.35
149.00 172.00 143.00 162.00 54.35
147.00 174.00 140.00 160.00 54.35
144.00 172.00 142.00 158.00 54.35
144.00 178.00 137.00 160.00 54.35
141.00 188.00 140.00 164.00 54.35
144.00 194.00 140.00 173.00 54.35
150.00 154.00 129.00 150.00 54.35
140.00 167.00 128.00 139.00 54.35
138.00 161.00 123.00 139.00 54.35
132.00 156.00 115.00 133.00 54.35
128.00 149.00 107.00 128.00 54.35
115.00 134.00 40.00 36.00 54.35
48.00 69.00 34.00 24.00 54.35
29.00 0.00 0.00 0.00 54.35
0.00 0.00 0.00 0.00 54.35
0.00 0.00 0.00 0.00 54.35
0.00 0.00 0.00 0.00 54.35
0.00 0.00 0.00 0.00 54.35
0.00 0.00 0.00 0.00 54.35
0.00 0.00 0.00 0.00 54.35
0.00 0.00 0.00 0.00 54.35
0.00 0.00 0.00 0.00 54.35
