12.00 44.00 41.00 33.00 29.80
26.00 28.00 67.00 45.00 25.18
55.00 61.00 122.00 81.00 25.13
79.00 95.00 264.00 96.00 31.77
44.00 109.00 274.00 79.00 30.02
38.00 163.00 268.00 80.00 29.01
46.00 214.00 280.00 87.00 23.80
42.00 249.00 289.00 97.00 36.55
46.00 263.00 288.00 109.00 25.93
63.00 262.00 234.00 99.00 35.43
32.00 119.00 81.00 18.00 38.89
16.00 29.00 36.00 10.00 39.05
9.00 13.00 17.00 7.00 36.92
6.00 9.00 15.00 6.00 24.70
5.00 8.00 25.00 8.00 33.68
24.00 10.00 16.00 11.00 30.12
12.00 12.00 20.00 12.00 22.26
20.00 16.00 25.00 34.00 26.40
52.00 29.00 31.00 40.00 32.78
99.00 45.00 50.00 49.00 27.04
135.00 42.00 45.00 42.00 23.75
173.00 42.00 95.00 50.00 26.56
223.00 52.00 161.00 60.00 29.54
217.00 75.00 199.00 61.00 34.11
229.00 85.00 240.00 65.00 35.12
234.00 115.00 254.00 81.00 26.51
232.00 164.00 248.00 84.00 32.46
255.00 196.00 249.00 94.00 31.88
239.00 252.00 249.00 105.00 35.75
260.00 243.00 246.00 122.00 26.24
237.00 270.00 247.00 245.00 35.28
226.00 265.00 258.00 279.00 36.39
231.00 263.00 253.00 267.00 32.57
231.00 261.00 246.00 245.00 32.03
207.00 254.00 247.00 262.00 37.29
187.00 255.00 239.00 246.00 38.30
237.00 244.00 226.00 248.00 33.58
253.00 236.00 218.00 245.00 34.37
216.00 220.00 218.00 262.00 28.37
256.00 220.00 219.00 244.00 38.94
130.00 233.00 247.00 256.00 37.93
201.00 234.00 241.00 265.00 31.18
184.00 222.00 249.00 261.00 32.78
212.00 232.00 252.00 268.00 31.50
237.00 223.00 256.00 269.00 35.81
225.00 228.00 249.00 266.00 33.10
226.00 228.00 261.00 254.00 40.43
193.00 242.00 267.00 260.00 37.83
212.00 246.00 262.00 299.00 37.45
239.00 256.00 259.00 292.00 35.75
246.00 233.00 258.00 255.00 37.35
198.00 254.00 269.00 258.00 33.52
244.00 265.00 264.00 252.00 41.17
254.00 252.00 272.00 246.00 40.64
240.00 267.00 266.00 269.00 41.17
194.00 256.00 256.00 273.00 40.69
251.00 240.00 261.00 263.00 40.32
209.00 264.00 263.00 273.00 35.81
212.00 236.00 264.00 279.00 41.12
253.00 258.00 277.00 292.00 33.58
238.00 230.00 261.00 277.00 37.99
235.00 247.00 265.00 273.00 41.60
185.00 249.00 262.00 287.00 41.07
230.00 252.00 274.00 285.00 41.28
164.00 253.00 257.00 276.00 33.73
219.00 251.00 270.00 257.00 34.00
237.00 244.00 261.00 267.00 40.64
206.00 260.00 265.00 269.00 39.58
156.00 263.00 266.00 252.00 37.03
236.00 246.00 261.00 269.00 36.23
221.00 254.00 255.00 269.00 41.92
191.00 260.00 258.00 266.00 40.69
230.00 253.00 259.00 252.00 38.89
231.00 236.00 256.00 286.00 35.38
203.00 259.00 264.00 256.00 40.22
172.00 248.00 254.00 260.00 34.53
226.00 251.00 246.00 272.00 41.86
166.00 259.00 247.00 266.00 40.32
216.00 234.00 247.00 242.00 42.18
212.00 236.00 239.00 259.00 41.28
221.00 235.00 247.00 258.00 38.20
195.00 252.00 247.00 273.00 37.83
232.00 242.00 237.00 252.00 37.35
201.00 236.00 241.00 279.00 35.86
182.00 228.00 241.00 257.00 36.44
215.00 243.00 241.00 270.00 38.30
224.00 238.00 237.00 270.00 41.23
239.00 239.00 245.00 274.00 39.90
225.00 236.00 248.00 241.00 37.45
172.00 255.00 243.00 252.00 38.89
219.00 247.00 253.00 253.00 36.18
227.00 232.00 253.00 242.00 35.70
233.00 261.00 249.00 285.00 36.29
221.00 245.00 251.00 287.00 36.34
227.00 245.00 251.00 263.00 40.11
239.00 244.00 251.00 305.00 38.62
235.00 248.00 245.00 265.00 35.12
172.00 242.00 248.00 235.00 40.16
203.00 259.00 245.00 295.00 40.22
262.00 248.00 241.00 208.00 41.65
231.00 247.00 246.00 283.00 36.60
226.00 260.00 239.00 305.00 40.80
227.00 238.00 243.00 250.00 37.19
245.00 247.00 244.00 304.00 42.18
259.00 263.00 235.00 242.00 36.71
240.00 256.00 238.00 251.00 37.35
244.00 256.00 238.00 226.00 35.70
250.00 260.00 241.00 243.00 42.39
250.00 258.00 240.00 251.00 42.29
242.00 255.00 240.00 255.00 36.55
233.00 266.00 235.00 244.00 35.49
238.00 262.00 238.00 240.00 35.81
234.00 260.00 236.00 237.00 37.40
244.00 258.00 239.00 256.00 41.49
234.00 264.00 234.00 235.00 36.39
241.00 262.00 236.00 261.00 36.44
234.00 262.00 226.00 261.00 38.46
217.00 258.00 232.00 204.00 41.28
222.00 256.00 227.00 272.00 42.13
221.00 251.00 225.00 220.00 39.95
211.00 251.00 220.00 231.00 39.84
232.00 236.00 230.00 256.00 35.65
216.00 220.00 222.00 215.00 41.44
224.00 237.00 216.00 246.00 38.36
209.00 241.00 225.00 247.00 42.08
207.00 233.00 225.00 250.00 35.65
199.00 237.00 218.00 246.00 41.33
199.00 245.00 224.00 236.00 41.23
207.00 241.00 223.00 249.00 42.13
222.00 232.00 222.00 238.00 41.97
214.00 224.00 223.00 252.00 36.39
199.00 222.00 217.00 201.00 38.62
192.00 219.00 221.00 240.00 39.21
196.00 222.00 219.00 227.00 40.54
198.00 219.00 217.00 250.00 40.91
187.00 221.00 210.00 237.00 39.47
179.00 224.00 215.00 188.00 41.54
174.00 223.00 218.00 211.00 41.97
182.00 224.00 223.00 236.00 41.97
182.00 223.00 224.00 229.00 35.38
189.00 223.00 224.00 224.00 37.83
204.00 226.00 232.00 244.00 40.11
212.00 225.00 235.00 237.00 39.10
209.00 228.00 231.00 239.00 41.49
203.00 227.00 224.00 185.00 41.54
212.00 229.00 229.00 249.00 38.36
205.00 233.00 227.00 242.00 40.06
218.00 229.00 228.00 202.00 35.22
217.00 222.00 219.00 222.00 36.98
207.00 220.00 225.00 210.00 34.21
214.00 219.00 216.00 225.00 34.27
209.00 216.00 218.00 225.00 35.01
207.00 214.00 217.00 176.00 35.59
207.00 216.00 212.00 231.00 39.15
197.00 216.00 213.00 229.00 41.28
189.00 213.00 213.00 245.00 36.71
181.00 214.00 206.00 225.00 34.64
185.00 214.00 206.00 216.00 42.02
186.00 217.00 206.00 186.00 34.27
187.00 216.00 215.00 235.00 41.60
194.00 216.00 215.00 239.00 42.02
199.00 220.00 212.00 241.00 41.65
203.00 220.00 203.00 214.00 34.21
208.00 220.00 220.00 235.00 40.85
200.00 222.00 214.00 232.00 38.89
192.00 225.00 208.00 232.00 38.57
200.00 224.00 215.00 251.00 36.44
205.00 227.00 213.00 221.00 38.09
215.00 226.00 212.00 235.00 39.69
203.00 229.00 204.00 221.00 40.64
203.00 220.00 204.00 212.00 33.84
202.00 219.00 198.00 233.00 38.62
194.00 218.00 213.00 226.00 36.92
186.00 216.00 192.00 222.00 35.17
181.00 215.00 182.00 213.00 33.36
176.00 214.00 181.00 201.00 34.74
176.00 213.00 179.00 198.00 41.54
173.00 212.00 180.00 198.00 33.20
174.00 212.00 180.00 197.00 31.88
173.00 212.00 181.00 197.00 32.25
176.00 212.00 179.00 197.00 40.22
174.00 209.00 177.00 196.00 37.35
176.00 211.00 180.00 197.00 39.21
175.00 208.00 169.00 195.00 33.36
173.00 205.00 164.00 196.00 38.20
174.00 204.00 164.00 197.00 40.43
174.00 205.00 163.00 197.00 40.11
174.00 204.00 163.00 197.00 32.94
174.00 199.00 162.00 196.00 37.45
172.00 196.00 161.00 197.00 30.23
173.00 194.00 164.00 195.00 36.07
171.00 193.00 164.00 194.00 28.79
173.00 192.00 164.00 194.00 39.15
172.00 193.00 164.00 193.00 27.78
172.00 192.00 164.00 191.00 31.82
170.00 187.00 158.00 189.00 32.62
172.00 180.00 82.00 114.00 31.66
70.00 32.00 78.00 28.00 34.21
52.00 17.00 69.00 22.00 38.09


