36.00 6.00 9.00 44.00 54.35
59.00 10.00 12.00 69.00 54.35
79.00 12.00 14.00 80.00 54.35
84.00 15.00 15.00 93.00 54.35
94.00 15.00 16.00 105.00 54.35
110.00 16.00 20.00 109.00 54.35
120.00 18.00 20.00 122.00 54.35
130.00 22.00 25.00 140.00 54.35
162.00 25.00 32.00 161.00 54.35
194.00 33.00 38.00 191.00 54.35
180.00 49.00 45.00 199.00 54.35
180.00 83.00 67.00 185.00 54.35
183.00 109.00 94.00 180.00 54.35
188.00 125.00 128.00 199.00 54.35
189.00 130.00 165.00 198.00 54.35
239.00 134.00 199.00 205.00 54.35
198.00 137.00 209.00 211.00 54.35
214.00 137.00 213.00 207.00 54.35
234.00 135.00 207.00 217.00 54.35
207.00 140.00 206.00 186.00 54.35
183.00 142.00 206.00 187.00 54.35
173.00 144.00 207.00 181.00 54.35
169.00 149.00 209.00 187.00 54.35
170.00 151.00 210.00 191.00 54.35
170.00 157.00 211.00 189.00 54.35
172.00 167.00 210.00 194.00 54.35
176.00 187.00 214.00 196.00 54.35
177.00 208.00 218.00 196.00 54.35
176.00 207.00 225.00 196.00 54.35
216.00 214.00 222.00 203.00 54.35
231.00 211.00 221.00 205.00 54.35
237.00 215.00 222.00 220.00 54.35
245.00 222.00 238.00 219.00 54.35
243.00 224.00 235.00 219.00 54.35
246.00 231.00 232.00 225.00 54.35
250.00 233.00 249.00 232.00 54.35
256.00 239.00 251.00 226.00 54.35
261.00 235.00 238.00 230.00 54.35
249.00 242.00 239.00 226.00 54.35
247.00 237.00 237.00 235.00 54.35
247.00 239.00 225.00 218.00 54.35
232.00 224.00 225.00 221.00 54.35
236.00 224.00 237.00 211.00 54.35
235.00 226.00 244.00 214.00 54.35
233.00 227.00 234.00 222.00 54.35
236.00 229.00 232.00 226.00 54.35
238.00 236.00 237.00 229.00 54.35
236.00 235.00 249.00 236.00 54.35
242.00 241.00 237.00 238.00 54.35
244.00 241.00 240.00 237.00 54.35
242.00 247.00 251.00 234.00 54.35
248.00 245.00 245.00 235.00 54.35
252.00 238.00 249.00 222.00 54.35
251.00 236.00 235.00 215.00 54.35
227.00 226.00 228.00 216.00 54.35
230.00 230.00 234.00 223.00 54.35
236.00 235.00 236.00 229.00 54.35
238.00 243.00 239.00 231.00 54.35
223.00 240.00 245.00 231.00 54.35
235.00 242.00 227.00 231.00 54.35
244.00 241.00 220.00 226.00 54.35
243.00 236.00 221.00 218.00 54.35
236.00 226.00 217.00 213.00 54.35
236.00 229.00 213.00 231.00 54.35
236.00 233.00 232.00 224.00 54.35
243.00 237.00 228.00 228.00 54.35
243.00 237.00 233.00 209.00 54.35
251.00 249.00 228.00 228.00 54.35
258.00 246.00 230.00 226.00 54.35
252.00 240.00 232.00 213.00 54.35
245.00 236.00 227.00 218.00 54.35
234.00 221.00 225.00 211.00 54.35
233.00 226.00 214.00 223.00 54.35
234.00 224.00 214.00 217.00 54.35
230.00 232.00 218.00 224.00 54.35
233.00 242.00 219.00 206.00 54.35
244.00 238.00 227.00 209.00 54.35
243.00 236.00 229.00 219.00 54.35
221.00 247.00 244.00 217.00 54.35
250.00 225.00 241.00 242.00 54.35
246.00 242.00 246.00 214.00 54.35
232.00 235.00 242.00 212.00 54.35
239.00 222.00 220.00 222.00 54.35
225.00 231.00 207.00 219.00 54.35
223.00 212.00 226.00 212.00 54.35
233.00 215.00 230.00 227.00 54.35
241.00 223.00 222.00 209.00 54.35
244.00 227.00 220.00 216.00 54.35
250.00 228.00 232.00 213.00 54.35
243.00 229.00 245.00 215.00 54.35
245.00 220.00 243.00 230.00 54.35
242.00 215.00 229.00 231.00 54.35
242.00 226.00 223.00 222.00 54.35
249.00 225.00 230.00 237.00 54.35
246.00 231.00 236.00 230.00 54.35
247.00 233.00 223.00 223.00 54.35
219.00 220.00 246.00 225.00 54.35
234.00 237.00 239.00 206.00 54.35
233.00 234.00 233.00 206.00 54.35
231.00 222.00 226.00 205.00 54.35
223.00 226.00 224.00 197.00 54.35
224.00 229.00 219.00 207.00 54.35
224.00 228.00 223.00 215.00 54.35
230.00 237.00 231.00 204.00 54.35
233.00 239.00 219.00 214.00 54.35
232.00 248.00 236.00 221.00 54.35
234.00 243.00 239.00 230.00 54.35
242.00 245.00 260.00 227.00 54.35
238.00 239.00 248.00 217.00 54.35
242.00 243.00 239.00 234.00 54.35
241.00 232.00 234.00 218.00 54.35
236.00 222.00 239.00 213.00 54.35
228.00 231.00 231.00 218.00 54.35
214.00 232.00 229.00 216.00 54.35
215.00 236.00 222.00 208.00 54.35
229.00 239.00 230.00 215.00 54.35
224.00 237.00 237.00 225.00 54.35
224.00 246.00 235.00 222.00 54.35
229.00 241.00 236.00 244.00 54.35
228.00 230.00 229.00 218.00 54.35
234.00 244.00 228.00 217.00 54.35
225.00 220.00 215.00 217.00 54.35
230.00 224.00 221.00 214.00 54.35
226.00 236.00 235.00 215.00 54.35
208.00 245.00 232.00 206.00 54.35
217.00 241.00 223.00 208.00 54.35
213.00 233.00 223.00 200.00 54.35
211.00 237.00 224.00 207.00 54.35
216.00 241.00 218.00 202.00 54.35
211.00 237.00 216.00 209.00 54.35
209.00 243.00 215.00 218.00 54.35
213.00 237.00 227.00 215.00 54.35
220.00 245.00 222.00 203.00 54.35
219.00 243.00 243.00 213.00 54.35
217.00 252.00 255.00 202.00 54.35
217.00 243.00 240.00 202.00 54.35
213.00 248.00 236.00 214.00 54.35
209.00 247.00 233.00 215.00 54.35
216.00 244.00 244.00 213.00 54.35
212.00 240.00 237.00 212.00 54.35
200.00 244.00 229.00 205.00 54.35
193.00 249.00 235.00 214.00 54.35
187.00 243.00 222.00 204.00 54.35
177.00 240.00 222.00 216.00 54.35
173.00 233.00 230.00 219.00 54.35
169.00 233.00 236.00 215.00 54.35
177.00 249.00 237.00 218.00 54.35
177.00 249.00 226.00 204.00 54.35
156.00 184.00 188.00 199.00 54.35
161.00 222.00 230.00 183.00 54.35
161.00 235.00 227.00 182.00 54.35
162.00 226.00 223.00 210.00 54.35
166.00 234.00 225.00 226.00 54.35
170.00 239.00 206.00 222.00 54.35
172.00 241.00 234.00 216.00 54.35
167.00 232.00 218.00 219.00 54.35
167.00 228.00 221.00 209.00 54.35
162.00 233.00 219.00 209.00 54.35
158.00 236.00 206.00 201.00 54.35
158.00 227.00 210.00 220.00 54.35
155.00 233.00 210.00 214.00 54.35
153.00 223.00 203.00 211.00 54.35
156.00 226.00 211.00 219.00 54.35
155.00 228.00 189.00 213.00 54.35
156.00 221.00 208.00 195.00 54.35
154.00 223.00 201.00 201.00 54.35
153.00 225.00 201.00 192.00 54.35
152.00 229.00 204.00 196.00 54.35
151.00 228.00 209.00 200.00 54.35
148.00 225.00 212.00 215.00 54.35
151.00 234.00 204.00 224.00 54.35
150.00 231.00 204.00 192.00 54.35
149.00 235.00 211.00 214.00 54.35
160.00 248.00 235.00 232.00 54.35
160.00 255.00 218.00 220.00 54.35
164.00 226.00 227.00 200.00 54.35
167.00 252.00 216.00 221.00 54.35
165.00 250.00 221.00 218.00 54.35
170.00 247.00 195.00 225.00 54.35
171.00 249.00 224.00 221.00 54.35
168.00 252.00 223.00 220.00 54.35
169.00 243.00 228.00 213.00 54.35
172.00 248.00 226.00 216.00 54.35
173.00 221.00 213.00 215.00 54.35
175.00 233.00 222.00 211.00 54.35
176.00 226.00 208.00 208.00 54.35
180.00 245.00 215.00 209.00 54.35
176.00 257.00 220.00 220.00 54.35
188.00 266.00 227.00 218.00 54.35
183.00 260.00 242.00 221.00 54.35
185.00 264.00 223.00 223.00 54.35
188.00 261.00 224.00 219.00 54.35
180.00 252.00 233.00 213.00 54.35
182.00 250.00 216.00 226.00 54.35
180.00 254.00 216.00 212.00 54.35
170.00 245.00 219.00 209.00 54.35
166.00 247.00 213.00 211.00 54.35
163.00 259.00 242.00 215.00 54.35
174.00 271.00 240.00 221.00 54.35
182.00 285.00 225.00 231.00 54.35
184.00 265.00 220.00 220.00 54.35
177.00 251.00 225.00 219.00 54.35
174.00 251.00 229.00 216.00 54.35
165.00 238.00 213.00 212.00 54.35
164.00 227.00 205.00 214.00 54.35
160.00 232.00 206.00 216.00 54.35
170.00 213.00 180.00 217.00 54.35
166.00 231.00 210.00 211.00 54.35
166.00 234.00 187.00 209.00 54.35
165.00 199.00 207.00 207.00 54.35
164.00 198.00 212.00 198.00 54.35
160.00 193.00 192.00 199.00 54.35
159.00 197.00 207.00 204.00 54.35
159.00 193.00 198.00 202.00 54.35
156.00 193.00 210.00 204.00 54.35
157.00 190.00 227.00 210.00 54.35
155.00 195.00 214.00 216.00 54.35
158.00 200.00 203.00 214.00 54.35
156.00 197.00 202.00 219.00 54.35
159.00 193.00 203.00 218.00 54.35
161.00 191.00 209.00 229.00 54.35
158.00 188.00 208.00 219.00 54.35
151.00 186.00 201.00 208.00 54.35
147.00 186.00 205.00 210.00 54.35
145.00 183.00 188.00 210.00 54.35
148.00 187.00 194.00 215.00 54.35
151.00 186.00 204.00 215.00 54.35
154.00 188.00 210.00 216.00 54.35
159.00 189.00 208.00 217.00 54.35
157.00 193.00 196.00 223.00 54.35
155.00 191.00 197.00 225.00 54.35
147.00 178.00 194.00 208.00 54.35
145.00 177.00 184.00 205.00 54.35
144.00 177.00 200.00 211.00 54.35
146.00 182.00 202.00 211.00 54.35
146.00 184.00 195.00 218.00 54.35
145.00 188.00 206.00 209.00 54.35
150.00 193.00 203.00 217.00 54.35
147.00 196.00 196.00 207.00 54.35
147.00 198.00 183.00 208.00 54.35
146.00 200.00 205.00 197.00 54.35
150.00 189.00 215.00 212.00 54.35
147.00 190.00 215.00 212.00 54.35
153.00 193.00 203.00 215.00 54.35
150.00 191.00 210.00 211.00 54.35
150.00 186.00 205.00 210.00 54.35
150.00 190.00 202.00 210.00 54.35
152.00 187.00 207.00 207.00 54.35
151.00 185.00 208.00 209.00 54.35
149.00 181.00 211.00 207.00 54.35
146.00 180.00 192.00 214.00 54.35
143.00 179.00 192.00 205.00 54.35
143.00 175.00 186.00 212.00 54.35
140.00 175.00 172.00 212.00 54.35
141.00 172.00 173.00 211.00 54.35
139.00 172.00 170.00 220.00 54.35
141.00 174.00 166.00 203.00 54.35
138.00 169.00 164.00 200.00 54.35
138.00 168.00 165.00 203.00 54.35
134.00 169.00 167.00 210.00 54.35
136.00 166.00 157.00 213.00 54.35
135.00 166.00 157.00 210.00 54.35
135.00 164.00 158.00 203.00 54.35
130.00 161.00 158.00 208.00 54.35
131.00 159.00 156.00 212.00 54.35
130.00 157.00 155.00 206.00 54.35
133.00 156.00 155.00 208.00 54.35
132.00 156.00 156.00 202.00 54.35
132.00 156.00 155.00 194.00 54.35
132.00 155.00 154.00 204.00 54.35
134.00 155.00 157.00 200.00 54.35
134.00 157.00 158.00 202.00 54.35
136.00 156.00 162.00 205.00 54.35
136.00 157.00 161.00 217.00 54.35
138.00 159.00 164.00 216.00 54.35
139.00 161.00 162.00 207.00 54.35
140.00 156.00 161.00 216.00 54.35
135.00 151.00 162.00 203.00 54.35
130.00 151.00 154.00 204.00 54.35
129.00 150.00 152.00 201.00 54.35
127.00 148.00 152.00 197.00 54.35
130.00 148.00 153.00 197.00 54.35
131.00 147.00 153.00 206.00 54.35
132.00 147.00 152.00 211.00 54.35
133.00 148.00 155.00 207.00 54.35
135.00 149.00 155.00 216.00 54.35
133.00 150.00 156.00 205.00 54.35
133.00 149.00 158.00 203.00 54.35
132.00 148.00 158.00 207.00 54.35
131.00 148.00 159.00 198.00 54.35
133.00 150.00 162.00 205.00 54.35
137.00 151.00 160.00 211.00 54.35
137.00 150.00 163.00 205.00 54.35
133.00 150.00 163.00 209.00 54.35
135.00 148.00 161.00 208.00 54.35
136.00 149.00 161.00 207.00 54.35
135.00 146.00 162.00 227.00 54.35
137.00 148.00 161.00 223.00 54.35
135.00 149.00 163.00 222.00 54.35
134.00 147.00 163.00 217.00 54.35
135.00 145.00 160.00 222.00 54.35
133.00 145.00 162.00 224.00 54.35
132.00 145.00 164.00 220.00 54.35
130.00 151.00 161.00 215.00 54.35
135.00 146.00 159.00 205.00 54.35
131.00 145.00 161.00 217.00 54.35
132.00 146.00 162.00 214.00 54.35
132.00 144.00 159.00 222.00 54.35
133.00 144.00 159.00 216.00 54.35
131.00 143.00 160.00 217.00 54.35
129.00 145.00 161.00 211.00 54.35
127.00 141.00 158.00 217.00 54.35
126.00 139.00 153.00 223.00 54.35
126.00 140.00 153.00 223.00 54.35
125.00 140.00 150.00 221.00 54.35
125.00 138.00 149.00 214.00 54.35
126.00 137.00 151.00 213.00 54.35
125.00 135.00 151.00 209.00 54.35
126.00 137.00 150.00 219.00 54.35
126.00 138.00 157.00 225.00 54.35
126.00 138.00 155.00 222.00 54.35
126.00 138.00 152.00 224.00 54.35
128.00 137.00 153.00 211.00 54.35
126.00 137.00 155.00 220.00 54.35
129.00 135.00 155.00 219.00 54.35
129.00 137.00 157.00 225.00 54.35
129.00 139.00 157.00 221.00 54.35
129.00 139.00 160.00 229.00 54.35
130.00 141.00 162.00 222.00 54.35
129.00 136.00 157.00 224.00 54.35
130.00 138.00 158.00 224.00 54.35
130.00 140.00 159.00 210.00 54.35
130.00 138.00 155.00 214.00 54.35
131.00 139.00 159.00 216.00 54.35
132.00 140.00 157.00 220.00 54.35
131.00 140.00 157.00 229.00 54.35
127.00 133.00 159.00 231.00 54.35
129.00 137.00 158.00 221.00 54.35
122.00 132.00 150.00 211.00 54.35
122.00 132.00 150.00 222.00 54.35
124.00 131.00 151.00 218.00 54.35
123.00 133.00 149.00 225.00 54.35
123.00 131.00 151.00 224.00 54.35
125.00 130.00 150.00 210.00 54.35
124.00 132.00 156.00 211.00 54.35
125.00 134.00 153.00 222.00 54.35
125.00 135.00 155.00 213.00 54.35
129.00 135.00 157.00 217.00 54.35
129.00 137.00 158.00 223.00 54.35
130.00 137.00 160.00 236.00 54.35
128.00 136.00 159.00 232.00 54.35
129.00 136.00 156.00 231.00 54.35
128.00 132.00 149.00 228.00 54.35
123.00 131.00 148.00 204.00 54.35
123.00 130.00 148.00 200.00 54.35
119.00 127.00 147.00 197.00 54.35
118.00 126.00 145.00 194.00 54.35
118.00 124.00 146.00 191.00 54.35
118.00 126.00 146.00 190.00 54.35
119.00 126.00 145.00 187.00 54.35
116.00 125.00 144.00 180.00 54.35
118.00 126.00 145.00 181.00 54.35
118.00 125.00 146.00 184.00 54.35
118.00 125.00 144.00 187.00 54.35
118.00 123.00 145.00 184.00 54.35
117.00 124.00 144.00 182.00 54.35
118.00 124.00 145.00 178.00 54.35
117.00 124.00 143.00 178.00 54.35
117.00 124.00 143.00 175.00 54.35
118.00 124.00 143.00 177.00 54.35
119.00 123.00 142.00 178.00 54.35
118.00 124.00 142.00 176.00 54.35
116.00 121.00 142.00 177.00 54.35
117.00 123.00 142.00 175.00 54.35
116.00 120.00 136.00 170.00 54.35
112.00 112.00 133.00 167.00 54.35
60.00 35.00 52.00 25.00 54.35
31.00 11.00 30.00 41.00 54.35
22.00 10.00 10.00 0.00 54.35
0.00 0.00 0.00 0.00 54.35
0.00 0.00 0.00 0.00 54.35
0.00 0.00 0.00 0.00 54.35
0.00 0.00 0.00 0.00 54.35
0.00 0.00 0.00 0.00 54.35
0.00 0.00 0.00 0.00 54.35
0.00 0.00 0.00 0.00 54.35
0.00 0.00 0.00 0.00 54.35
