41.00 18.00 8.00 8.00 31.77
175.00 18.00 8.00 9.00 30.23
173.00 17.00 10.00 10.00 24.28
170.00 18.00 9.00 10.00 21.99
174.00 18.00 9.00 9.00 29.11
177.00 17.00 10.00 10.00 21.57
179.00 18.00 10.00 10.00 32.46
180.00 18.00 10.00 10.00 21.89
179.00 10.00 12.00 11.00 24.01
183.00 18.00 11.00 11.00 23.64
185.00 17.00 11.00 11.00 22.90
184.00 19.00 12.00 11.00 19.60
184.00 19.00 11.00 11.00 24.76
185.00 19.00 12.00 11.00 19.39
188.00 20.00 14.00 11.00 30.12
187.00 20.00 12.00 12.00 22.31
185.00 21.00 12.00 10.00 25.34
171.00 12.00 9.00 11.00 26.99
183.00 9.00 13.00 11.00 22.26
177.00 9.00 10.00 10.00 23.22
162.00 8.00 10.00 9.00 21.57
157.00 8.00 10.00 11.00 21.20
190.00 18.00 14.00 13.00 18.59
192.00 22.00 26.00 20.00 19.82
179.00 26.00 28.00 47.00 25.61
218.00 32.00 33.00 72.00 18.01
222.00 32.00 41.00 83.00 18.33
220.00 28.00 35.00 96.00 20.98
236.00 36.00 39.00 144.00 27.78
207.00 32.00 48.00 168.00 24.76
234.00 30.00 66.00 173.00 20.08
222.00 31.00 98.00 163.00 21.25
215.00 35.00 126.00 146.00 24.54
232.00 30.00 131.00 142.00 29.80
236.00 33.00 138.00 144.00 26.40
249.00 33.00 150.00 151.00 22.15
228.00 38.00 159.00 150.00 32.30
233.00 38.00 157.00 147.00 29.80
242.00 42.00 163.00 153.00 26.99
259.00 66.00 180.00 172.00 24.28
240.00 82.00 192.00 188.00 33.63
271.00 148.00 212.00 208.00 31.77
304.00 258.00 239.00 218.00 26.51
232.00 273.00 236.00 204.00 29.96
264.00 243.00 250.00 205.00 33.47
246.00 271.00 248.00 202.00 29.80
237.00 254.00 236.00 220.00 32.46
225.00 249.00 238.00 230.00 29.59
241.00 248.00 238.00 205.00 31.08
241.00 262.00 230.00 201.00 24.49
254.00 261.00 237.00 209.00 25.77
216.00 269.00 239.00 210.00 28.74
251.00 271.00 241.00 206.00 36.60
265.00 263.00 243.00 222.00 35.33
240.00 282.00 253.00 249.00 37.14
231.00 283.00 253.00 247.00 31.72
233.00 269.00 265.00 255.00 37.77
223.00 274.00 260.00 257.00 35.65
223.00 269.00 255.00 256.00 35.33
208.00 271.00 252.00 255.00 29.54
207.00 276.00 252.00 254.00 35.06
233.00 261.00 250.00 255.00 36.82
263.00 269.00 252.00 261.00 36.13
243.00 271.00 245.00 257.00 30.44
238.00 268.00 255.00 238.00 33.04
245.00 262.00 250.00 232.00 32.30
226.00 273.00 249.00 239.00 39.21
259.00 269.00 243.00 237.00 37.67
205.00 269.00 251.00 228.00 29.06
237.00 245.00 256.00 248.00 35.06
219.00 258.00 219.00 241.00 33.58
220.00 264.00 251.00 234.00 33.15
197.00 274.00 235.00 235.00 39.31
211.00 268.00 222.00 259.00 28.79
245.00 241.00 244.00 256.00 36.66
251.00 297.00 227.00 231.00 35.91
239.00 277.00 242.00 260.00 39.79
226.00 289.00 255.00 261.00 38.46
233.00 289.00 255.00 265.00 32.35
243.00 293.00 262.00 256.00 34.85
237.00 281.00 263.00 259.00 29.59
233.00 292.00 265.00 259.00 31.13
246.00 263.00 260.00 250.00 35.54
245.00 279.00 269.00 250.00 40.22
246.00 275.00 270.00 251.00 38.30
251.00 272.00 269.00 253.00 29.54
240.00 265.00 257.00 253.00 40.00
224.00 273.00 260.00 245.00 35.75
252.00 272.00 260.00 256.00 40.22
249.00 272.00 270.00 259.00 39.37
230.00 277.00 268.00 248.00 30.55
216.00 289.00 232.00 247.00 38.62
225.00 260.00 257.00 256.00 31.66
221.00 277.00 257.00 262.00 36.82
228.00 265.00 252.00 254.00 38.68
233.00 270.00 232.00 256.00 35.75
225.00 256.00 252.00 249.00 30.49
218.00 252.00 259.00 231.00 37.40
208.00 260.00 245.00 232.00 34.43
230.00 248.00 242.00 248.00 32.35
223.00 267.00 234.00 257.00 38.04
238.00 249.00 214.00 253.00 40.80
222.00 271.00 222.00 259.00 36.13
224.00 262.00 230.00 253.00 40.54
236.00 260.00 205.00 269.00 40.91
231.00 261.00 231.00 266.00 36.76
248.00 273.00 249.00 263.00 35.17
236.00 253.00 248.00 250.00 31.50
244.00 255.00 247.00 259.00 33.10
235.00 244.00 245.00 258.00 39.47
240.00 258.00 248.00 252.00 30.92
231.00 271.00 250.00 244.00 34.53
244.00 249.00 242.00 259.00 37.72
262.00 273.00 252.00 246.00 38.41
234.00 265.00 265.00 263.00 39.90
236.00 269.00 250.00 279.00 31.77
245.00 271.00 268.00 271.00 40.06
246.00 274.00 242.00 283.00 39.42
254.00 274.00 252.00 271.00 36.34
239.00 269.00 256.00 264.00 37.56
251.00 256.00 273.00 274.00 30.87
246.00 270.00 267.00 264.00 40.75
245.00 276.00 273.00 267.00 33.42
245.00 277.00 269.00 264.00 39.21
236.00 273.00 269.00 272.00 34.37
252.00 272.00 269.00 262.00 39.31
252.00 276.00 269.00 269.00 34.05
243.00 264.00 265.00 270.00 35.81
229.00 262.00 227.00 264.00 31.03
238.00 279.00 259.00 264.00 31.56
242.00 268.00 271.00 272.00 30.92
233.00 257.00 270.00 272.00 34.27
240.00 257.00 246.00 274.00 31.72
242.00 268.00 254.00 268.00 39.74
232.00 263.00 248.00 251.00 39.90
233.00 251.00 212.00 262.00 39.69
224.00 245.00 254.00 252.00 36.66
217.00 235.00 259.00 258.00 38.46
224.00 254.00 247.00 261.00 32.09
220.00 241.00 238.00 259.00 40.96
219.00 245.00 221.00 270.00 31.77
238.00 276.00 236.00 267.00 34.69
236.00 262.00 243.00 291.00 40.59
250.00 267.00 257.00 258.00 35.28
239.00 273.00 251.00 261.00 37.14
238.00 248.00 247.00 243.00 38.57
232.00 240.00 231.00 259.00 37.51
232.00 275.00 248.00 265.00 37.72
256.00 262.00 247.00 266.00 37.08
237.00 279.00 222.00 256.00 40.16
235.00 263.00 241.00 252.00 33.20
229.00 237.00 246.00 254.00 31.50
235.00 273.00 238.00 259.00 31.93
237.00 260.00 263.00 262.00 31.72
240.00 250.00 260.00 260.00 38.78
228.00 260.00 254.00 256.00 32.35
226.00 279.00 241.00 248.00 39.31
236.00 256.00 234.00 246.00 34.90
239.00 243.00 239.00 246.00 39.58
238.00 232.00 251.00 250.00 31.45
251.00 240.00 255.00 247.00 39.15
249.00 232.00 249.00 250.00 36.87
246.00 234.00 242.00 252.00 40.80
235.00 231.00 239.00 257.00 39.90
238.00 225.00 234.00 248.00 39.95
232.00 240.00 239.00 262.00 38.73
242.00 250.00 247.00 270.00 40.96
233.00 244.00 243.00 261.00 34.00
231.00 256.00 220.00 275.00 36.76
221.00 252.00 221.00 257.00 40.32
226.00 236.00 237.00 249.00 37.19
224.00 245.00 220.00 255.00 39.58
219.00 231.00 244.00 252.00 34.85
231.00 246.00 239.00 261.00 32.73
244.00 245.00 240.00 262.00 35.59
229.00 256.00 243.00 261.00 31.18
225.00 255.00 226.00 257.00 38.36
231.00 259.00 222.00 251.00 37.88
234.00 232.00 227.00 251.00 38.78
217.00 254.00 233.00 254.00 32.51
230.00 247.00 247.00 268.00 34.53
228.00 226.00 244.00 246.00 39.26
216.00 239.00 214.00 252.00 38.04
238.00 247.00 236.00 242.00 40.96
232.00 228.00 240.00 242.00 39.90
224.00 218.00 240.00 241.00 33.89
228.00 267.00 246.00 266.00 34.16
225.00 236.00 217.00 262.00 33.04
207.00 245.00 213.00 257.00 34.53
216.00 233.00 195.00 225.00 38.78
217.00 231.00 224.00 241.00 40.32
217.00 223.00 219.00 240.00 40.16
222.00 229.00 237.00 244.00 35.22
235.00 231.00 244.00 257.00 38.99
240.00 243.00 212.00 270.00 33.15
247.00 240.00 209.00 272.00 32.88
256.00 251.00 236.00 259.00 35.28
243.00 258.00 230.00 249.00 40.80
240.00 244.00 237.00 271.00 38.52
239.00 244.00 225.00 261.00 40.11
241.00 226.00 227.00 257.00 39.21
234.00 218.00 230.00 251.00 34.16
249.00 224.00 243.00 247.00 37.88
251.00 225.00 213.00 266.00 40.16
243.00 223.00 215.00 259.00 31.98
247.00 237.00 245.00 266.00 34.53
261.00 221.00 238.00 271.00 38.94
243.00 233.00 226.00 255.00 34.00
249.00 243.00 236.00 265.00 37.93
252.00 240.00 255.00 284.00 39.90
264.00 241.00 237.00 275.00 40.59
245.00 225.00 239.00 257.00 40.32
210.00 237.00 229.00 224.00 31.45
228.00 241.00 238.00 217.00 40.27
201.00 240.00 228.00 220.00 34.96
150.00 223.00 228.00 219.00 30.71
117.00 251.00 216.00 222.00 40.27
105.00 258.00 222.00 224.00 37.72
112.00 234.00 226.00 223.00 38.89
123.00 231.00 201.00 217.00 29.64
109.00 229.00 208.00 212.00 33.20
111.00 227.00 199.00 210.00 36.82
98.00 236.00 194.00 216.00 40.16
98.00 230.00 221.00 207.00 35.28
85.00 230.00 205.00 204.00 38.25
74.00 229.00 206.00 205.00 29.33
67.00 222.00 220.00 205.00 29.27
44.00 223.00 218.00 204.00 31.50
54.00 229.00 223.00 206.00 32.41
55.00 219.00 207.00 200.00 36.50
54.00 212.00 198.00 201.00 37.67
48.00 219.00 196.00 204.00 35.49
55.00 225.00 220.00 210.00 28.32
51.00 224.00 201.00 203.00 31.13
48.00 220.00 208.00 201.00 28.05
57.00 223.00 199.00 201.00 33.84
48.00 223.00 203.00 206.00 38.30
40.00 214.00 221.00 201.00 39.37
45.00 220.00 223.00 199.00 33.68
49.00 214.00 193.00 203.00 27.89
63.00 220.00 196.00 201.00 39.10
47.00 217.00 203.00 197.00 37.35
41.00 212.00 218.00 200.00 27.89
40.00 214.00 190.00 197.00 32.09
41.00 203.00 224.00 198.00 38.84
35.00 200.00 202.00 187.00 36.02
50.00 200.00 214.00 195.00 33.58
41.00 202.00 158.00 192.00 28.95
63.00 204.00 184.00 189.00 29.17
38.00 208.00 213.00 188.00 33.89
33.00 210.00 218.00 191.00 37.29
36.00 208.00 189.00 188.00 37.29
34.00 202.00 220.00 188.00 27.52
35.00 206.00 195.00 192.00 38.57
41.00 210.00 207.00 187.00 35.33
41.00 202.00 199.00 186.00 38.09
38.00 194.00 214.00 182.00 36.34
41.00 207.00 198.00 186.00 36.60
39.00 210.00 209.00 189.00 26.93
41.00 209.00 205.00 182.00 34.85
39.00 209.00 166.00 184.00 32.51
34.00 202.00 211.00 183.00 27.15
33.00 203.00 208.00 183.00 31.18
31.00 202.00 218.00 187.00 29.33
35.00 209.00 228.00 194.00 37.88
36.00 208.00 210.00 188.00 30.60
35.00 201.00 201.00 182.00 36.87
38.00 202.00 217.00 181.00 38.46
35.00 198.00 172.00 179.00 25.82
35.00 204.00 223.00 181.00 26.46
33.00 200.00 232.00 179.00 37.56
33.00 204.00 227.00 183.00 33.52
32.00 205.00 221.00 187.00 35.43
34.00 201.00 231.00 182.00 38.30
33.00 208.00 207.00 179.00 29.17
35.00 210.00 219.00 175.00 34.90
35.00 195.00 241.00 176.00 34.74
34.00 200.00 232.00 183.00 32.51
34.00 194.00 222.00 183.00 30.02
30.00 200.00 220.00 188.00 26.19
32.00 200.00 223.00 178.00 35.17
35.00 190.00 209.00 175.00 25.34
34.00 197.00 221.00 172.00 26.62
39.00 203.00 232.00 171.00 24.86
33.00 200.00 220.00 171.00 37.40
33.00 196.00 243.00 178.00 27.25
46.00 204.00 243.00 179.00 33.63
43.00 198.00 230.00 177.00 32.46
36.00 203.00 239.00 171.00 28.16
38.00 191.00 180.00 165.00 36.98
34.00 157.00 175.00 160.00 33.31
31.00 147.00 158.00 144.00 31.18
30.00 139.00 140.00 41.00 27.25

