18.00 18.00 32.00 16.00 33.20
33.00 21.00 67.00 21.00 23.53
29.00 30.00 112.00 37.00 34.43
30.00 52.00 157.00 58.00 34.96
27.00 87.00 194.00 56.00 25.55
27.00 116.00 231.00 55.00 32.88
36.00 153.00 264.00 66.00 29.11
42.00 205.00 275.00 79.00 26.51
61.00 287.00 282.00 84.00 25.45
89.00 281.00 280.00 103.00 27.31
119.00 301.00 289.00 129.00 37.40
154.00 307.00 273.00 172.00 38.36
173.00 303.00 277.00 224.00 36.44
214.00 301.00 285.00 280.00 39.90
257.00 297.00 291.00 309.00 30.92
262.00 299.00 291.00 298.00 32.57
257.00 295.00 282.00 300.00 40.59
252.00 291.00 279.00 307.00 36.60
251.00 297.00 293.00 290.00 31.61
250.00 297.00 280.00 282.00 33.79
248.00 298.00 281.00 274.00 32.51
249.00 296.00 282.00 302.00 40.96
251.00 285.00 291.00 305.00 35.70
256.00 297.00 293.00 305.00 39.53
252.00 287.00 279.00 305.00 41.65
256.00 285.00 283.00 310.00 41.81
260.00 282.00 278.00 298.00 34.21
256.00 279.00 272.00 311.00 39.53
257.00 293.00 261.00 310.00 36.60
268.00 314.00 285.00 308.00 41.81
257.00 308.00 281.00 308.00 34.74
260.00 312.00 291.00 328.00 37.40
268.00 300.00 283.00 301.00 42.18
263.00 309.00 281.00 316.00 41.17
257.00 282.00 274.00 309.00 41.81
256.00 304.00 266.00 292.00 34.64
257.00 284.00 265.00 297.00 38.09
256.00 301.00 287.00 306.00 42.34
257.00 316.00 282.00 302.00 39.47
270.00 314.00 286.00 302.00 42.39
268.00 300.00 290.00 299.00 40.54
271.00 318.00 298.00 302.00 36.87
284.00 307.00 304.00 322.00 35.70
294.00 322.00 303.00 329.00 41.54
293.00 325.00 320.00 326.00 39.95
294.00 312.00 314.00 321.00 40.64
305.00 316.00 296.00 327.00 35.65
292.00 315.00 326.00 324.00 41.97
287.00 309.00 310.00 327.00 42.02
290.00 305.00 310.00 334.00 40.59
304.00 319.00 295.00 321.00 38.20
288.00 311.00 299.00 320.00 41.92
285.00 310.00 298.00 319.00 42.82
285.00 311.00 289.00 323.00 39.74
279.00 293.00 279.00 297.00 37.88
284.00 293.00 302.00 300.00 38.57
271.00 302.00 282.00 286.00 40.80
270.00 282.00 289.00 300.00 41.86
279.00 299.00 295.00 296.00 35.65
282.00 299.00 283.00 301.00 42.18
286.00 305.00 292.00 308.00 41.70
275.00 285.00 286.00 318.00 42.61
296.00 289.00 285.00 299.00 38.14
299.00 326.00 285.00 295.00 37.08
298.00 322.00 270.00 303.00 38.68
297.00 320.00 291.00 313.00 42.71
289.00 286.00 296.00 318.00 40.38
291.00 305.00 292.00 314.00 39.79
299.00 291.00 299.00 322.00 37.45
293.00 304.00 298.00 321.00 40.54
288.00 300.00 286.00 308.00 42.61
292.00 316.00 292.00 322.00 41.12
301.00 319.00 294.00 323.00 42.55
307.00 309.00 300.00 308.00 41.60
303.00 305.00 291.00 318.00 41.81
294.00 315.00 281.00 325.00 40.43
293.00 287.00 296.00 324.00 42.02
288.00 286.00 279.00 318.00 42.29
282.00 301.00 297.00 310.00 36.13
270.00 273.00 281.00 313.00 41.28
293.00 256.00 279.00 302.00 40.06
293.00 286.00 279.00 282.00 40.32
307.00 285.00 275.00 296.00 42.71
306.00 266.00 271.00 303.00 37.56
308.00 258.00 281.00 301.00 42.82
297.00 261.00 271.00 300.00 42.08
278.00 263.00 293.00 297.00 39.95
287.00 262.00 280.00 307.00 37.88
286.00 267.00 298.00 297.00 42.82
285.00 267.00 274.00 309.00 40.43
304.00 261.00 284.00 313.00 38.73
296.00 268.00 291.00 295.00 38.36
303.00 266.00 270.00 297.00 42.77
295.00 262.00 288.00 309.00 41.44
293.00 259.00 280.00 311.00 42.50
290.00 262.00 295.00 304.00 38.36
292.00 262.00 292.00 308.00 41.12
290.00 263.00 293.00 309.00 42.61
295.00 280.00 289.00 310.00 37.03
290.00 276.00 288.00 299.00 37.14
287.00 275.00 294.00 300.00 39.05
286.00 291.00 290.00 306.00 37.51
297.00 276.00 292.00 305.00 41.49
288.00 262.00 285.00 307.00 39.05
281.00 257.00 297.00 303.00 40.38
278.00 286.00 283.00 295.00 42.93
284.00 288.00 288.00 300.00 36.18
285.00 281.00 293.00 309.00 40.54
280.00 273.00 280.00 292.00 38.99
281.00 293.00 289.00 295.00 42.98
293.00 298.00 281.00 300.00 41.54
283.00 293.00 302.00 305.00 38.14
281.00 296.00 293.00 311.00 40.32
303.00 300.00 281.00 307.00 37.99
305.00 281.00 278.00 320.00 37.03
303.00 282.00 289.00 312.00 41.17
296.00 294.00 292.00 310.00 36.50
303.00 280.00 288.00 317.00 37.56
303.00 310.00 299.00 313.00 39.90
308.00 280.00 294.00 312.00 36.44
298.00 288.00 300.00 320.00 41.92
301.00 282.00 290.00 311.00 42.55
303.00 267.00 283.00 310.00 36.29
298.00 294.00 289.00 308.00 40.91
300.00 289.00 288.00 304.00 42.87
292.00 296.00 276.00 302.00 37.51
288.00 265.00 275.00 300.00 42.87
276.00 284.00 282.00 288.00 42.13
273.00 283.00 282.00 288.00 39.63
291.00 290.00 290.00 299.00 42.93
280.00 292.00 283.00 292.00 37.72
281.00 293.00 295.00 306.00 36.39
298.00 279.00 288.00 298.00 39.10
298.00 287.00 296.00 299.00 37.88
290.00 295.00 293.00 307.00 41.12
280.00 297.00 295.00 310.00 42.29
298.00 303.00 294.00 312.00 39.74
285.00 291.00 297.00 306.00 40.69
305.00 292.00 290.00 306.00 41.39
295.00 289.00 305.00 310.00 36.39
295.00 301.00 298.00 297.00 37.83
283.00 308.00 301.00 304.00 42.82
309.00 303.00 309.00 307.00 36.76
303.00 286.00 283.00 314.00 39.26
292.00 304.00 268.00 309.00 42.82
302.00 278.00 271.00 302.00 37.61
291.00 275.00 277.00 305.00 36.92
287.00 271.00 267.00 290.00 42.98
282.00 264.00 272.00 285.00 42.29
283.00 268.00 268.00 296.00 36.39
281.00 269.00 272.00 294.00 40.54
282.00 274.00 279.00 292.00 38.73
276.00 271.00 285.00 294.00 42.93
280.00 266.00 277.00 298.00 42.34
290.00 286.00 284.00 311.00 42.82
286.00 293.00 289.00 295.00 38.84
294.00 269.00 288.00 311.00 37.03
298.00 288.00 298.00 309.00 37.99
296.00 289.00 285.00 317.00 37.61
297.00 289.00 289.00 309.00 39.74
289.00 266.00 255.00 313.00 42.55
287.00 272.00 266.00 303.00 40.96
280.00 265.00 282.00 299.00 42.24
271.00 265.00 281.00 287.00 41.39
272.00 275.00 286.00 290.00 41.60
278.00 282.00 281.00 287.00 36.50
297.00 265.00 281.00 291.00 42.87
286.00 272.00 265.00 296.00 38.89
267.00 254.00 274.00 296.00 40.59
275.00 275.00 278.00 293.00 40.43
286.00 284.00 277.00 299.00 42.66
277.00 270.00 269.00 305.00 39.26
294.00 308.00 272.00 300.00 41.23
295.00 290.00 269.00 306.00 41.39
276.00 288.00 284.00 297.00 42.71
278.00 288.00 285.00 283.00 36.66
292.00 291.00 292.00 294.00 36.82
295.00 297.00 287.00 307.00 37.93
293.00 277.00 282.00 316.00 37.83
299.00 280.00 296.00 313.00 41.17
300.00 303.00 282.00 316.00 37.72
297.00 299.00 293.00 309.00 39.26
301.00 299.00 295.00 317.00 41.28
290.00 280.00 292.00 300.00 42.02
293.00 304.00 287.00 323.00 39.26
291.00 308.00 285.00 308.00 41.86
295.00 301.00 292.00 293.00 42.82
284.00 292.00 285.00 300.00 41.07
276.00 263.00 295.00 306.00 38.89
290.00 289.00 280.00 299.00 42.93
293.00 274.00 292.00 287.00 39.84
281.00 286.00 276.00 281.00 36.34
283.00 283.00 286.00 293.00 40.96
269.00 260.00 273.00 284.00 41.54
271.00 278.00 266.00 268.00 42.24
210.00 210.00 239.00 276.00 39.15
263.00 282.00 274.00 284.00 41.07
278.00 271.00 276.00 288.00 36.98
281.00 261.00 272.00 281.00 39.58
270.00 262.00 277.00 290.00 41.97
276.00 273.00 273.00 277.00 42.93
263.00 265.00 279.00 280.00 36.39
269.00 254.00 272.00 283.00 36.29
272.00 273.00 271.00 282.00 41.12
276.00 265.00 266.00 290.00 38.04
279.00 259.00 275.00 266.00 42.24
281.00 267.00 266.00 284.00 42.87
282.00 271.00 285.00 301.00 36.50
273.00 282.00 268.00 298.00 42.02
280.00 288.00 270.00 307.00 40.69
297.00 289.00 279.00 305.00 36.87
276.00 283.00 269.00 291.00 39.47
280.00 280.00 282.00 289.00 37.03
259.00 264.00 262.00 272.00 41.86
262.00 250.00 276.00 270.00 41.54
236.00 257.00 268.00 265.00 42.24
235.00 252.00 269.00 242.00 40.64
215.00 260.00 256.00 246.00 42.02
241.00 261.00 256.00 242.00 37.08
244.00 266.00 260.00 247.00 39.05
231.00 262.00 262.00 244.00 41.60
213.00 262.00 251.00 244.00 37.14
215.00 257.00 265.00 249.00 35.49
206.00 251.00 276.00 263.00 38.99
199.00 263.00 274.00 260.00 38.36
195.00 257.00 282.00 266.00 38.25
218.00 247.00 280.00 251.00 35.65
226.00 176.00 201.00 186.00 42.50
202.00 179.00 265.00 192.00 35.28
204.00 173.00 256.00 190.00 41.17
204.00 169.00 259.00 187.00 38.36
205.00 164.00 246.00 188.00 42.55
204.00 169.00 249.00 194.00 42.55
205.00 168.00 256.00 201.00 40.96
204.00 169.00 246.00 211.00 39.53
204.00 164.00 241.00 215.00 35.86
209.00 173.00 251.00 219.00 39.05
207.00 171.00 253.00 218.00 42.50
206.00 175.00 257.00 221.00 35.54
208.00 174.00 247.00 219.00 42.24
207.00 174.00 256.00 220.00 40.96
209.00 174.00 247.00 222.00 40.59
215.00 178.00 261.00 225.00 42.45
214.00 175.00 259.00 223.00 41.54
213.00 172.00 256.00 220.00 42.08
210.00 172.00 254.00 209.00 41.28
204.00 158.00 246.00 209.00 35.28
201.00 159.00 244.00 204.00 39.95
203.00 158.00 232.00 206.00 40.64
205.00 159.00 237.00 205.00 39.84
206.00 157.00 229.00 203.00 41.54
211.00 160.00 231.00 204.00 36.44
203.00 160.00 229.00 204.00 35.43
209.00 161.00 229.00 205.00 33.68
205.00 157.00 225.00 205.00 40.38
206.00 159.00 223.00 203.00 40.59
206.00 162.00 223.00 204.00 36.87
208.00 163.00 223.00 207.00 34.43
206.00 164.00 221.00 209.00 34.16
206.00 161.00 220.00 204.00 40.48
205.00 158.00 219.00 200.00 40.80
201.00 159.00 218.00 202.00 40.64
197.00 159.00 217.00 199.00 30.23
194.00 159.00 218.00 198.00 29.80
192.00 154.00 212.00 198.00 32.88
191.00 154.00 213.00 195.00 35.91
192.00 153.00 215.00 194.00 31.50
188.00 153.00 209.00 193.00 33.73
187.00 152.00 213.00 192.00 35.86
185.00 153.00 214.00 194.00 30.44
180.00 145.00 207.00 151.00 32.88
83.00 48.00 69.00 57.00 31.66
87.00 51.00 79.00 39.00 38.62
75.00 31.00 74.00 59.00 31.88
69.00 16.00 4.00 6.00 28.95

