50.00 9.00 12.00 4.00 25.13
70.00 10.00 11.00 5.00 30.65
123.00 10.00 20.00 5.00 34.16
140.00 11.00 18.00 6.00 33.68
171.00 11.00 20.00 8.00 31.50
193.00 13.00 22.00 8.00 34.53
185.00 12.00 20.00 9.00 25.87
190.00 13.00 21.00 7.00 33.20
187.00 13.00 21.00 8.00 26.08
181.00 13.00 22.00 9.00 25.93
200.00 13.00 22.00 8.00 34.05
191.00 13.00 20.00 8.00 27.15
171.00 13.00 26.00 8.00 23.32
192.00 14.00 24.00 8.00 24.28
194.00 12.00 25.00 12.00 24.76
186.00 13.00 27.00 10.00 33.47
196.00 13.00 25.00 9.00 24.12
194.00 13.00 24.00 11.00 28.85
189.00 13.00 27.00 13.00 25.08
210.00 18.00 47.00 20.00 36.55
213.00 25.00 79.00 21.00 30.49
211.00 45.00 108.00 30.00 25.87
217.00 95.00 177.00 32.00 26.19
205.00 141.00 225.00 33.00 25.50
210.00 180.00 235.00 33.00 34.53
204.00 211.00 230.00 34.00 34.48
207.00 209.00 230.00 37.00 38.68
207.00 218.00 235.00 39.00 34.27
222.00 214.00 238.00 37.00 32.25
224.00 213.00 235.00 37.00 32.83
217.00 208.00 234.00 37.00 38.41
224.00 211.00 234.00 38.00 30.65
213.00 208.00 234.00 38.00 39.47
222.00 209.00 233.00 37.00 34.21
226.00 211.00 247.00 38.00 31.93
228.00 207.00 243.00 36.00 41.49
225.00 213.00 235.00 38.00 34.21
239.00 219.00 250.00 39.00 36.87
234.00 223.00 239.00 39.00 37.56
235.00 219.00 255.00 39.00 41.81
243.00 221.00 259.00 40.00 41.97
238.00 215.00 245.00 41.00 33.36
232.00 222.00 244.00 40.00 40.11
242.00 231.00 248.00 41.00 40.16
236.00 222.00 233.00 102.00 34.11
223.00 233.00 234.00 220.00 41.81
248.00 223.00 226.00 39.00 34.96
233.00 225.00 224.00 41.00 40.11
250.00 223.00 229.00 240.00 42.13
220.00 223.00 230.00 172.00 34.32
225.00 225.00 231.00 210.00 37.03
225.00 223.00 232.00 40.00 34.53
254.00 221.00 217.00 39.00 35.01
212.00 218.00 223.00 41.00 41.28
219.00 222.00 224.00 207.00 40.16
228.00 220.00 234.00 198.00 36.02
191.00 216.00 225.00 192.00 37.88
232.00 204.00 228.00 209.00 41.49
211.00 228.00 223.00 207.00 42.50
239.00 220.00 222.00 43.00 34.96
226.00 222.00 246.00 40.00 40.27
229.00 228.00 246.00 40.00 39.42
221.00 220.00 242.00 40.00 37.67
230.00 211.00 245.00 38.00 42.45
252.00 209.00 235.00 39.00 38.14
232.00 213.00 238.00 38.00 36.87
210.00 204.00 234.00 38.00 35.01
229.00 209.00 218.00 41.00 42.18
216.00 202.00 227.00 38.00 39.31
238.00 207.00 229.00 38.00 40.43
207.00 206.00 220.00 38.00 40.85
207.00 201.00 244.00 37.00 39.84
205.00 204.00 226.00 35.00 40.43
221.00 193.00 230.00 36.00 39.95
218.00 196.00 242.00 37.00 42.08
219.00 199.00 244.00 37.00 36.07
220.00 223.00 244.00 39.00 40.32
233.00 210.00 239.00 38.00 39.79
220.00 216.00 238.00 40.00 38.73
220.00 209.00 236.00 39.00 35.01
211.00 207.00 241.00 37.00 38.78
233.00 202.00 225.00 39.00 37.77
201.00 208.00 235.00 39.00 35.49
228.00 216.00 233.00 36.00 41.01
241.00 220.00 234.00 37.00 35.65
226.00 211.00 239.00 35.00 36.07
207.00 211.00 227.00 35.00 35.22
219.00 205.00 226.00 36.00 42.34
200.00 209.00 231.00 35.00 42.13
201.00 211.00 226.00 35.00 41.54
225.00 214.00 246.00 34.00 36.44
213.00 214.00 234.00 39.00 39.47
209.00 228.00 243.00 39.00 36.13
193.00 214.00 232.00 38.00 36.39
214.00 216.00 223.00 37.00 37.93
207.00 211.00 234.00 37.00 38.89
211.00 208.00 219.00 36.00 38.14
198.00 203.00 236.00 37.00 37.03
203.00 211.00 235.00 36.00 40.27
214.00 200.00 220.00 35.00 35.75
204.00 199.00 229.00 34.00 39.69
211.00 204.00 242.00 34.00 37.56
218.00 215.00 247.00 38.00 42.34
208.00 219.00 236.00 39.00 35.43
212.00 215.00 240.00 37.00 35.75
207.00 212.00 236.00 37.00 35.81
228.00 205.00 227.00 37.00 36.60
242.00 212.00 230.00 37.00 42.02
191.00 199.00 236.00 36.00 41.33
229.00 206.00 234.00 35.00 41.49
208.00 196.00 223.00 35.00 41.44
215.00 205.00 239.00 217.00 35.70
225.00 206.00 241.00 191.00 37.72
215.00 209.00 230.00 186.00 38.78
217.00 203.00 225.00 211.00 42.08
239.00 204.00 222.00 214.00 36.34
194.00 200.00 229.00 195.00 42.39
204.00 212.00 226.00 207.00 35.17
231.00 218.00 233.00 199.00 36.60
224.00 211.00 223.00 163.00 41.44
215.00 221.00 228.00 206.00 42.24
216.00 203.00 232.00 207.00 36.60
191.00 208.00 201.00 199.00 35.38
219.00 183.00 205.00 215.00 41.17
217.00 215.00 234.00 230.00 38.84
230.00 220.00 235.00 235.00 41.17
220.00 218.00 229.00 224.00 38.25
208.00 208.00 224.00 214.00 41.49
220.00 200.00 221.00 213.00 37.77
224.00 211.00 216.00 219.00 40.48
219.00 208.00 219.00 228.00 42.13
238.00 218.00 235.00 243.00 37.61
220.00 219.00 227.00 229.00 39.47
205.00 215.00 230.00 222.00 38.78
203.00 216.00 229.00 231.00 42.45
203.00 209.00 218.00 228.00 41.28
199.00 201.00 213.00 202.00 39.63
205.00 209.00 217.00 221.00 35.91
226.00 209.00 229.00 242.00 35.49
229.00 208.00 240.00 219.00 42.13
215.00 207.00 227.00 214.00 42.39
209.00 212.00 220.00 226.00 42.55
205.00 213.00 223.00 225.00 39.15
202.00 218.00 212.00 214.00 38.68
203.00 216.00 211.00 205.00 41.23
208.00 207.00 211.00 226.00 42.39
190.00 205.00 217.00 232.00 41.70
214.00 212.00 225.00 234.00 38.68
229.00 224.00 224.00 214.00 39.79
218.00 219.00 211.00 217.00 39.10
208.00 206.00 219.00 215.00 35.22
216.00 214.00 211.00 202.00 38.04
204.00 200.00 205.00 205.00 35.86
203.00 187.00 191.00 192.00 38.41
204.00 171.00 197.00 204.00 41.60
205.00 173.00 203.00 213.00 38.73
181.00 175.00 189.00 189.00 35.59
204.00 169.00 222.00 230.00 40.43
162.00 155.00 195.00 202.00 35.22
181.00 180.00 196.00 221.00 42.29
214.00 153.00 190.00 194.00 42.39
203.00 184.00 194.00 200.00 36.66
190.00 186.00 180.00 187.00 41.12
205.00 184.00 181.00 167.00 37.88
194.00 186.00 189.00 199.00 40.64
191.00 180.00 186.00 187.00 41.76
199.00 186.00 188.00 199.00 40.91
199.00 190.00 188.00 214.00 41.86
198.00 183.00 189.00 217.00 39.90
211.00 188.00 187.00 219.00 41.07
215.00 193.00 179.00 214.00 41.60
216.00 192.00 173.00 198.00 37.45
207.00 186.00 183.00 203.00 37.35
212.00 181.00 168.00 204.00 41.07
205.00 186.00 159.00 198.00 37.93
199.00 170.00 163.00 191.00 35.49
180.00 154.00 166.00 202.00 35.65
192.00 136.00 167.00 201.00 41.49
201.00 131.00 176.00 206.00 36.55
196.00 124.00 178.00 215.00 38.57
225.00 109.00 183.00 206.00 41.23
214.00 94.00 184.00 206.00 38.78
209.00 82.00 177.00 195.00 40.91
193.00 62.00 170.00 201.00 35.38
197.00 62.00 169.00 190.00 33.84
195.00 45.00 159.00 188.00 40.75
179.00 49.00 164.00 201.00 34.90
196.00 33.00 155.00 178.00 34.48
193.00 31.00 156.00 179.00 39.90
183.00 33.00 155.00 180.00 37.08
184.00 25.00 161.00 195.00 34.05
184.00 38.00 173.00 186.00 39.31
177.00 20.00 150.00 184.00 37.93
176.00 16.00 152.00 172.00 41.60
172.00 14.00 156.00 164.00 33.15
165.00 12.00 156.00 163.00 33.15
162.00 11.00 157.00 162.00 36.29
160.00 18.00 163.00 141.00 40.59
148.00 10.00 165.00 123.00 38.04
146.00 10.00 164.00 107.00 37.08
135.00 10.00 162.00 90.00 30.60
124.00 8.00 158.00 75.00 30.92
112.00 11.00 156.00 63.00 34.96
102.00 6.00 152.00 52.00 29.91
93.00 6.00 150.00 39.00 31.61
85.00 7.00 149.00 30.00 31.82
78.00 5.00 146.00 23.00 39.15
69.00 5.00 143.00 18.00 31.88
61.00 8.00 141.00 14.00 28.21
54.00 5.00 141.00 12.00 38.57
48.00 5.00 141.00 10.00 29.48
40.00 5.00 140.00 10.00 36.92
34.00 5.00 136.00 9.00 37.93
18.00 4.00 101.00 14.00 36.44
10.00 8.00 65.00 10.00 28.10
12.00 3.00 60.00 8.00 27.73

