74.00 52.00 36.00 9.00 28.48
144.00 63.00 39.00 11.00 21.73
169.00 79.00 36.00 12.00 24.44
179.00 91.00 38.00 13.00 23.00
187.00 96.00 42.00 14.00 29.06
190.00 108.00 44.00 15.00 33.58
194.00 115.00 46.00 14.00 23.06
198.00 113.00 45.00 14.00 28.48
186.00 111.00 44.00 14.00 28.69
191.00 109.00 43.00 15.00 25.18
185.00 109.00 44.00 30.00 35.65
179.00 121.00 43.00 41.00 29.06
180.00 122.00 42.00 28.00 24.33
178.00 120.00 42.00 11.00 35.38
190.00 129.00 43.00 11.00 30.49
191.00 138.00 45.00 33.00 33.95
192.00 142.00 48.00 40.00 25.50
206.00 150.00 51.00 26.00 34.27
202.00 153.00 51.00 31.00 29.11
200.00 149.00 52.00 45.00 26.78
196.00 152.00 53.00 44.00 28.42
208.00 151.00 56.00 22.00 26.83
204.00 146.00 69.00 24.00 37.24
197.00 139.00 80.00 25.00 26.83
202.00 138.00 101.00 26.00 29.22
198.00 148.00 122.00 26.00 32.88
207.00 158.00 146.00 27.00 37.24
212.00 187.00 184.00 26.00 28.58
242.00 231.00 204.00 34.00 38.41
224.00 246.00 204.00 38.00 33.04
234.00 251.00 210.00 38.00 39.42
235.00 261.00 197.00 236.00 38.89
238.00 231.00 201.00 170.00 40.27
240.00 228.00 200.00 76.00 35.54
229.00 223.00 192.00 209.00 31.40
238.00 231.00 197.00 232.00 34.43
239.00 230.00 208.00 260.00 38.41
242.00 231.00 209.00 231.00 32.46
239.00 225.00 216.00 262.00 40.75
226.00 235.00 211.00 253.00 32.94
225.00 220.00 204.00 258.00 33.26
227.00 218.00 206.00 233.00 41.97
236.00 194.00 202.00 38.00 40.00
215.00 213.00 217.00 239.00 41.70
202.00 206.00 199.00 248.00 34.90
216.00 200.00 200.00 38.00 36.82
226.00 228.00 216.00 40.00 42.13
228.00 237.00 231.00 39.00 41.39
221.00 224.00 226.00 40.00 42.34
195.00 245.00 206.00 36.00 40.64
195.00 209.00 221.00 39.00 37.72
225.00 223.00 204.00 40.00 38.68
210.00 229.00 208.00 37.00 41.65
211.00 224.00 220.00 37.00 40.85
230.00 237.00 231.00 40.00 42.45
241.00 241.00 235.00 44.00 36.76
225.00 243.00 227.00 41.00 38.09
230.00 251.00 224.00 41.00 41.17
228.00 248.00 218.00 43.00 38.57
220.00 251.00 209.00 40.00 41.97
204.00 250.00 202.00 39.00 36.44
204.00 232.00 218.00 39.00 36.92
230.00 227.00 209.00 38.00 40.54
233.00 237.00 241.00 41.00 40.96
214.00 248.00 228.00 42.00 39.26
238.00 234.00 224.00 42.00 40.54
222.00 242.00 208.00 41.00 41.54
215.00 236.00 219.00 41.00 38.41
204.00 226.00 209.00 40.00 42.77
200.00 210.00 206.00 36.00 42.66
202.00 202.00 199.00 37.00 37.24
208.00 238.00 215.00 43.00 42.55
217.00 243.00 212.00 43.00 39.47
195.00 240.00 221.00 50.00 39.10
201.00 240.00 222.00 41.00 36.07
212.00 243.00 226.00 40.00 36.34
176.00 214.00 201.00 170.00 36.50
186.00 228.00 205.00 15.00 39.10
194.00 222.00 186.00 11.00 39.69
170.00 221.00 195.00 26.00 42.13
190.00 205.00 180.00 14.00 37.19
171.00 256.00 231.00 41.00 40.80
207.00 229.00 203.00 39.00 39.95
222.00 246.00 206.00 38.00 40.59
214.00 244.00 230.00 24.00 41.17
213.00 219.00 193.00 10.00 40.27
175.00 214.00 200.00 13.00 40.00
186.00 202.00 194.00 9.00 38.46
198.00 236.00 197.00 14.00 40.06
198.00 209.00 185.00 11.00 36.44
191.00 205.00 185.00 13.00 42.50
195.00 211.00 192.00 9.00 36.50
190.00 203.00 180.00 8.00 36.66
175.00 213.00 177.00 8.00 37.35
186.00 201.00 190.00 8.00 42.39
196.00 226.00 183.00 8.00 37.67
186.00 193.00 184.00 8.00 37.93
160.00 197.00 178.00 8.00 37.67
189.00 202.00 180.00 8.00 42.93
193.00 192.00 176.00 7.00 36.92
184.00 206.00 183.00 8.00 39.74
188.00 195.00 169.00 7.00 40.85
176.00 195.00 191.00 8.00 42.02
186.00 197.00 184.00 8.00 40.54
173.00 182.00 184.00 8.00 43.14
178.00 184.00 184.00 8.00 37.67
180.00 195.00 189.00 8.00 42.55
175.00 195.00 183.00 8.00 42.77
169.00 181.00 194.00 8.00 42.82
163.00 184.00 184.00 8.00 42.08
164.00 190.00 177.00 7.00 36.60
168.00 193.00 186.00 8.00 36.87
203.00 191.00 191.00 8.00 38.89
166.00 174.00 185.00 7.00 38.04
174.00 203.00 189.00 8.00 39.95
178.00 202.00 182.00 7.00 42.71
162.00 172.00 187.00 8.00 40.06
156.00 185.00 183.00 7.00 41.54
160.00 191.00 173.00 7.00 42.87
171.00 184.00 172.00 7.00 36.60
170.00 181.00 175.00 7.00 37.56
163.00 188.00 180.00 7.00 40.11
159.00 199.00 159.00 6.00 37.88
182.00 192.00 180.00 7.00 36.92
164.00 189.00 180.00 7.00 36.82
185.00 205.00 179.00 7.00 40.96
167.00 206.00 181.00 8.00 37.61
184.00 192.00 177.00 164.00 37.29
172.00 198.00 174.00 175.00 37.99
169.00 200.00 181.00 125.00 42.93
179.00 186.00 225.00 187.00 39.90
174.00 178.00 171.00 150.00 36.87
170.00 200.00 196.00 191.00 37.67
172.00 191.00 183.00 162.00 42.50
175.00 203.00 175.00 174.00 36.87
171.00 175.00 171.00 177.00 40.75
169.00 181.00 181.00 170.00 37.61
176.00 186.00 185.00 175.00 37.45
194.00 200.00 176.00 151.00 42.77
179.00 204.00 192.00 181.00 37.93
178.00 208.00 184.00 175.00 40.27
166.00 205.00 185.00 170.00 36.98
161.00 211.00 182.00 171.00 43.09
162.00 204.00 172.00 172.00 37.83
159.00 205.00 182.00 85.00 38.62
167.00 194.00 166.00 177.00 39.42
167.00 204.00 180.00 181.00 36.76
175.00 183.00 174.00 178.00 42.82
182.00 181.00 179.00 194.00 37.61
173.00 179.00 184.00 191.00 42.29
163.00 209.00 188.00 206.00 37.08
186.00 197.00 181.00 185.00 43.09
191.00 203.00 174.00 190.00 39.21
182.00 188.00 182.00 180.00 37.67
153.00 187.00 188.00 179.00 36.76
153.00 198.00 177.00 193.00 42.08
162.00 207.00 174.00 188.00 41.28
162.00 202.00 172.00 197.00 41.60
187.00 182.00 186.00 206.00 38.78
190.00 195.00 180.00 213.00 41.12
184.00 190.00 181.00 211.00 41.01
192.00 190.00 180.00 197.00 42.66
179.00 200.00 165.00 185.00 39.63
165.00 198.00 173.00 187.00 42.24
150.00 189.00 179.00 184.00 42.77
146.00 193.00 179.00 187.00 42.39
129.00 204.00 170.00 180.00 36.60
121.00 204.00 177.00 187.00 36.55
118.00 204.00 176.00 176.00 37.19
104.00 196.00 170.00 172.00 41.28
105.00 192.00 182.00 169.00 40.32
95.00 197.00 175.00 165.00 41.92
85.00 199.00 174.00 164.00 42.93
83.00 210.00 173.00 163.00 41.92
86.00 198.00 184.00 163.00 36.18
79.00 193.00 171.00 157.00 42.82
72.00 199.00 169.00 151.00 40.06
75.00 201.00 163.00 158.00 36.39
70.00 199.00 169.00 152.00 39.15
65.00 198.00 173.00 149.00 37.35
61.00 205.00 177.00 152.00 37.67
67.00 199.00 187.00 156.00 41.44
64.00 210.00 182.00 154.00 41.12
61.00 208.00 177.00 147.00 40.69
59.00 214.00 179.00 143.00 42.61
55.00 201.00 171.00 141.00 37.88
47.00 202.00 180.00 140.00 42.66
45.00 209.00 182.00 138.00 36.50
43.00 200.00 171.00 135.00 40.64
40.00 199.00 173.00 133.00 43.09
38.00 198.00 172.00 131.00 42.71
37.00 191.00 179.00 129.00 36.02
37.00 195.00 175.00 127.00 37.77
35.00 196.00 186.00 128.00 37.67
34.00 195.00 170.00 127.00 36.23
32.00 187.00 175.00 125.00 40.43
24.00 175.00 168.00 122.00 39.58
22.00 157.00 178.00 119.00 42.87
22.00 146.00 177.00 118.00 36.39
20.00 133.00 186.00 116.00 42.93
19.00 120.00 173.00 116.00 39.90
19.00 109.00 184.00 114.00 40.38
19.00 98.00 177.00 113.00 41.39
20.00 93.00 172.00 113.00 41.70
17.00 78.00 181.00 113.00 41.28
16.00 67.00 168.00 112.00 38.30
16.00 63.00 171.00 105.00 36.60
16.00 60.00 170.00 104.00 36.98
17.00 49.00 170.00 106.00 42.29
16.00 43.00 180.00 104.00 42.71
15.00 36.00 175.00 101.00 37.35
14.00 32.00 174.00 97.00 39.84
14.00 27.00 175.00 96.00 40.64
15.00 23.00 169.00 95.00 42.34
15.00 20.00 177.00 94.00 41.23
14.00 21.00 168.00 91.00 42.71
15.00 23.00 180.00 96.00 42.71
14.00 22.00 181.00 97.00 42.82
14.00 24.00 178.00 95.00 37.40
15.00 21.00 171.00 97.00 36.13
14.00 22.00 166.00 97.00 40.91
15.00 21.00 163.00 100.00 42.93
16.00 20.00 162.00 99.00 42.61
14.00 19.00 165.00 100.00 40.06
13.00 18.00 163.00 104.00 43.09
12.00 25.00 159.00 104.00 41.81
13.00 22.00 167.00 107.00 42.66
13.00 23.00 179.00 111.00 42.87
13.00 25.00 183.00 110.00 42.61
12.00 22.00 159.00 111.00 36.55
12.00 20.00 166.00 115.00 42.82
11.00 22.00 163.00 118.00 42.24
11.00 23.00 165.00 117.00 42.61
12.00 24.00 167.00 116.00 41.86
12.00 26.00 172.00 119.00 40.85
13.00 24.00 177.00 113.00 40.91
13.00 28.00 175.00 115.00 36.60
13.00 27.00 168.00 113.00 40.96
13.00 29.00 180.00 118.00 37.99
13.00 27.00 177.00 119.00 36.23
14.00 28.00 167.00 116.00 36.23
12.00 35.00 167.00 121.00 42.55
12.00 30.00 170.00 129.00 42.39
11.00 31.00 164.00 124.00 42.66
11.00 31.00 175.00 123.00 36.44
11.00 27.00 175.00 128.00 37.29
13.00 31.00 176.00 132.00 41.39
12.00 30.00 179.00 138.00 42.77
12.00 30.00 175.00 132.00 41.49
10.00 31.00 166.00 131.00 36.23
11.00 30.00 173.00 132.00 38.14
11.00 25.00 158.00 121.00 36.07
12.00 35.00 165.00 130.00 41.65
12.00 44.00 167.00 129.00 35.91
11.00 41.00 163.00 41.00 38.99
10.00 52.00 158.00 5.00 42.02
9.00 47.00 159.00 5.00 38.20
10.00 55.00 148.00 5.00 41.92
11.00 47.00 156.00 66.00 41.07
11.00 42.00 167.00 100.00 41.28
11.00 34.00 168.00 91.00 35.70
11.00 27.00 161.00 81.00 42.50
10.00 22.00 164.00 72.00 36.29
9.00 16.00 156.00 60.00 40.54
9.00 13.00 155.00 5.00 42.24
8.00 11.00 152.00 5.00 34.05
7.00 10.00 151.00 5.00 36.66
7.00 9.00 153.00 5.00 35.97
7.00 8.00 155.00 5.00 34.48
7.00 7.00 154.00 28.00 40.11
7.00 7.00 156.00 27.00 40.54
7.00 6.00 153.00 29.00 32.83
7.00 6.00 152.00 25.00 35.06
7.00 6.00 152.00 25.00 36.82
7.00 5.00 149.00 24.00 40.69
7.00 5.00 146.00 24.00 37.88
6.00 5.00 147.00 23.00 40.38
6.00 4.00 146.00 22.00 39.53
5.00 2.00 147.00 21.00 31.72
8.00 5.00 54.00 26.00 29.70
14.00 5.00 42.00 0.00 31.40
11.00 3.00 52.00 22.00 31.34

