40.00 22.00 52.00 83.00 21.78
27.00 21.00 19.00 159.00 21.78
30.00 21.00 24.00 187.00 22.26
24.00 12.00 21.00 227.00 22.47
123.00 30.00 30.00 219.00 22.63
137.00 30.00 155.00 221.00 23.43
135.00 34.00 218.00 240.00 24.17
180.00 45.00 217.00 240.00 24.54
206.00 49.00 218.00 237.00 25.08
243.00 52.00 225.00 258.00 25.61
277.00 70.00 231.00 252.00 26.51
271.00 71.00 219.00 245.00 27.15
275.00 76.00 237.00 260.00 28.05
295.00 84.00 238.00 255.00 28.69
280.00 83.00 231.00 253.00 29.48
284.00 90.00 251.00 278.00 30.12
292.00 98.00 246.00 269.00 30.87
286.00 99.00 237.00 256.00 31.50
282.00 106.00 246.00 275.00 31.82
298.00 117.00 246.00 264.00 32.46
285.00 117.00 243.00 258.00 32.78
280.00 117.00 252.00 275.00 32.78
296.00 135.00 250.00 257.00 33.10
281.00 133.00 253.00 265.00 33.73
271.00 136.00 246.00 269.00 33.79
301.00 151.00 269.00 285.00 34.32
295.00 255.00 252.00 267.00 34.64
251.00 233.00 191.00 271.00 34.96
256.00 253.00 249.00 260.00 35.12
239.00 258.00 238.00 265.00 35.38
237.00 237.00 223.00 250.00 35.65
206.00 237.00 248.00 290.00 36.13
192.00 260.00 217.00 265.00 36.23
249.00 247.00 213.00 260.00 35.97
275.00 259.00 192.00 270.00 36.23
235.00 273.00 184.00 273.00 36.87
232.00 267.00 190.00 278.00 36.34
233.00 263.00 192.00 286.00 36.60
260.00 293.00 228.00 286.00 36.82
248.00 276.00 207.00 271.00 36.92
237.00 268.00 189.00 279.00 37.08
210.00 276.00 231.00 280.00 37.19
190.00 245.00 205.00 270.00 37.14
301.00 250.00 236.00 278.00 37.51
274.00 274.00 234.00 288.00 37.29
263.00 250.00 207.00 270.00 37.35
253.00 271.00 211.00 285.00 37.56
278.00 286.00 201.00 268.00 37.56
247.00 261.00 211.00 279.00 37.51
228.00 286.00 211.00 277.00 37.56
261.00 272.00 186.00 267.00 37.67
229.00 281.00 228.00 281.00 37.83
242.00 283.00 228.00 267.00 37.83
235.00 260.00 209.00 275.00 37.83
220.00 269.00 223.00 276.00 37.77
230.00 288.00 244.00 266.00 37.93
203.00 264.00 229.00 273.00 38.04
270.00 266.00 188.00 281.00 37.99
287.00 280.00 176.00 278.00 37.99
237.00 265.00 191.00 270.00 38.09
251.00 262.00 235.00 287.00 37.99
225.00 286.00 247.00 287.00 37.99
239.00 277.00 227.00 267.00 38.14
216.00 273.00 194.00 271.00 37.88
245.00 265.00 203.00 288.00 37.88
272.00 279.00 230.00 278.00 38.09
266.00 267.00 229.00 266.00 38.20
245.00 274.00 215.00 279.00 38.20
256.00 293.00 249.00 283.00 38.04
271.00 271.00 237.00 254.00 38.14
211.00 261.00 244.00 273.00 38.36
226.00 267.00 221.00 279.00 38.30
247.00 270.00 220.00 268.00 38.09
232.00 256.00 216.00 275.00 38.46
262.00 273.00 246.00 271.00 38.52
229.00 244.00 203.00 269.00 38.25
193.00 257.00 236.00 255.00 37.83
254.00 262.00 235.00 260.00 38.25
220.00 256.00 217.00 252.00 38.36
209.00 268.00 248.00 276.00 38.36
223.00 272.00 243.00 256.00 38.41
250.00 273.00 210.00 272.00 38.20
255.00 269.00 193.00 282.00 38.36
235.00 274.00 229.00 262.00 38.20
225.00 263.00 207.00 270.00 38.30
235.00 264.00 207.00 282.00 38.36
249.00 258.00 216.00 280.00 38.78
213.00 247.00 196.00 277.00 38.14
247.00 270.00 240.00 288.00 38.36
247.00 260.00 245.00 273.00 38.52
238.00 261.00 219.00 252.00 38.46
215.00 270.00 236.00 277.00 38.46
238.00 259.00 247.00 268.00 38.52
211.00 253.00 224.00 255.00 38.52
271.00 270.00 229.00 278.00 38.41
294.00 270.00 253.00 290.00 38.52
274.00 259.00 234.00 271.00 38.30
270.00 266.00 231.00 269.00 38.25
277.00 262.00 238.00 283.00 38.46
275.00 274.00 242.00 255.00 38.52
275.00 270.00 242.00 269.00 38.57
285.00 260.00 247.00 291.00 38.41
280.00 254.00 225.00 272.00 38.36
271.00 266.00 210.00 257.00 38.52
275.00 251.00 246.00 276.00 38.52
297.00 267.00 231.00 259.00 38.62
269.00 252.00 236.00 256.00 38.14
263.00 244.00 252.00 286.00 38.68
281.00 264.00 254.00 259.00 38.52
241.00 282.00 233.00 275.00 38.20
261.00 255.00 211.00 277.00 38.36
264.00 286.00 245.00 271.00 38.52
275.00 279.00 240.00 260.00 38.46
210.00 272.00 221.00 265.00 38.46
238.00 283.00 256.00 257.00 38.62
262.00 262.00 223.00 266.00 38.62
268.00 260.00 226.00 271.00 38.41
252.00 266.00 245.00 279.00 38.57
267.00 289.00 222.00 267.00 38.57
239.00 240.00 218.00 265.00 38.68
263.00 262.00 245.00 275.00 38.41
255.00 275.00 234.00 268.00 38.46
257.00 272.00 225.00 253.00 38.36
217.00 241.00 224.00 286.00 38.62
263.00 267.00 243.00 271.00 38.46
249.00 265.00 219.00 255.00 38.46
220.00 243.00 210.00 293.00 38.57
268.00 249.00 212.00 266.00 38.68
257.00 229.00 231.00 255.00 38.14
243.00 237.00 216.00 269.00 38.62
260.00 260.00 238.00 260.00 38.46
237.00 254.00 208.00 251.00 38.30
240.00 263.00 211.00 267.00 38.68
252.00 286.00 218.00 259.00 38.73
261.00 250.00 211.00 265.00 38.41
218.00 239.00 219.00 264.00 38.25
226.00 245.00 224.00 255.00 38.46
213.00 228.00 199.00 247.00 38.36
223.00 236.00 212.00 248.00 38.25
212.00 262.00 221.00 250.00 38.36
223.00 253.00 199.00 240.00 38.20
224.00 248.00 226.00 247.00 38.14
226.00 271.00 223.00 251.00 38.20
215.00 262.00 228.00 242.00 38.46
186.00 249.00 228.00 235.00 38.14
229.00 273.00 230.00 249.00 38.30
230.00 274.00 225.00 241.00 38.25
226.00 249.00 211.00 243.00 38.25
213.00 261.00 236.00 265.00 38.57
235.00 264.00 215.00 249.00 38.57
209.00 250.00 203.00 231.00 38.04
244.00 235.00 197.00 252.00 38.41
228.00 259.00 200.00 253.00 38.20
231.00 252.00 207.00 243.00 38.25
237.00 243.00 200.00 238.00 38.30
239.00 243.00 208.00 241.00 37.93
226.00 248.00 212.00 245.00 38.20
247.00 245.00 215.00 253.00 38.14
254.00 266.00 227.00 249.00 37.83
242.00 258.00 219.00 237.00 38.14
206.00 249.00 213.00 241.00 38.25
207.00 251.00 206.00 235.00 38.09
195.00 257.00 214.00 252.00 38.14
247.00 265.00 225.00 247.00 38.04
235.00 255.00 223.00 235.00 37.93
232.00 252.00 207.00 232.00 38.14
212.00 242.00 194.00 233.00 38.14
211.00 263.00 218.00 253.00 38.20
219.00 250.00 207.00 235.00 38.09
238.00 249.00 206.00 233.00 38.14
223.00 251.00 209.00 222.00 38.14
195.00 243.00 212.00 237.00 37.83
231.00 254.00 190.00 233.00 38.09
212.00 246.00 191.00 236.00 37.99
242.00 221.00 192.00 231.00 38.04
221.00 239.00 212.00 247.00 37.93
244.00 250.00 201.00 243.00 38.09
240.00 227.00 208.00 231.00 38.04
226.00 235.00 187.00 231.00 38.14
221.00 251.00 213.00 246.00 37.99
251.00 261.00 212.00 241.00 37.93
223.00 261.00 215.00 226.00 38.14
223.00 240.00 213.00 232.00 38.04
235.00 250.00 216.00 251.00 37.99
240.00 253.00 218.00 250.00 37.77
230.00 247.00 204.00 234.00 38.04
228.00 233.00 212.00 238.00 37.72
237.00 253.00 207.00 249.00 38.20
226.00 248.00 199.00 242.00 38.14
211.00 240.00 207.00 232.00 38.04
216.00 234.00 193.00 226.00 38.09
215.00 238.00 209.00 233.00 38.25
223.00 250.00 204.00 235.00 37.93
227.00 232.00 192.00 238.00 37.88
220.00 231.00 200.00 247.00 38.20
218.00 252.00 204.00 243.00 38.04
221.00 230.00 189.00 229.00 37.93
197.00 207.00 193.00 214.00 37.99
178.00 210.00 171.00 230.00 37.88
203.00 225.00 187.00 229.00 38.14
208.00 213.00 192.00 233.00 37.99
220.00 237.00 202.00 229.00 37.99
200.00 222.00 242.00 251.00 37.99
227.00 225.00 215.00 238.00 38.04
251.00 248.00 210.00 247.00 38.09
212.00 235.00 199.00 240.00 38.04
200.00 230.00 207.00 247.00 38.04
227.00 251.00 212.00 250.00 37.99
221.00 249.00 199.00 239.00 37.99
210.00 239.00 190.00 237.00 37.99
192.00 215.00 200.00 241.00 37.77
217.00 240.00 197.00 227.00 37.88
211.00 224.00 200.00 224.00 38.04
181.00 223.00 205.00 236.00 37.88
212.00 256.00 213.00 229.00 37.93
176.00 244.00 198.00 227.00 37.93
179.00 225.00 194.00 225.00 37.99
226.00 221.00 217.00 232.00 37.88
198.00 210.00 190.00 219.00 37.99
182.00 199.00 186.00 228.00 37.99
196.00 206.00 190.00 234.00 37.93
185.00 218.00 196.00 222.00 37.83
189.00 200.00 184.00 224.00 37.83
197.00 193.00 183.00 223.00 37.45
178.00 194.00 180.00 222.00 37.67
165.00 203.00 185.00 227.00 37.83
171.00 176.00 175.00 205.00 37.51
90.00 167.00 152.00 199.00 37.29
33.00 160.00 137.00 188.00 37.40
27.00 161.00 136.00 195.00 37.08
30.00 156.00 131.00 180.00 36.66
28.00 152.00 125.00 177.00 36.50
27.00 152.00 124.00 178.00 35.91
27.00 157.00 127.00 183.00 35.33
28.00 156.00 125.00 175.00 35.38
26.00 150.00 121.00 177.00 34.96
26.00 150.00 124.00 174.00 34.32
28.00 158.00 128.00 173.00 34.05
28.00 151.00 124.00 162.00 33.95
28.00 148.00 123.00 159.00 33.20
26.00 152.00 128.00 161.00 32.94
26.00 150.00 125.00 155.00 32.57
24.00 139.00 112.00 97.00 31.98
32.00 100.00 92.00 113.00 31.34
39.00 102.00 86.00 106.00 31.34
26.00 62.00 16.00 13.00 35.28
8.00 15.00 6.00 8.00 38.68
6.00 13.00 3.00 7.00 39.95
4.00 10.00 2.00 7.00 40.96
4.00 11.00 2.00 6.00 41.65
4.00 9.00 2.00 7.00 41.17
5.00 12.00 3.00 8.00 36.07
5.00 7.00 3.00 10.00 34.37
25.00 24.00 23.00 26.00 34.96
26.00 28.00 25.00 26.00 36.13
