94.00 36.00 48.00 25.00 54.35
127.00 40.00 118.00 31.00 54.35
97.00 11.00 108.00 27.00 54.35
94.00 10.00 114.00 27.00 54.35
102.00 12.00 117.00 26.00 54.35
99.00 15.00 115.00 24.00 54.35
103.00 17.00 118.00 29.00 54.35
103.00 18.00 144.00 39.00 54.35
111.00 22.00 144.00 43.00 54.35
109.00 22.00 144.00 37.00 54.35
107.00 19.00 170.00 33.00 54.35
123.00 24.00 202.00 38.00 54.35
128.00 25.00 231.00 39.00 54.35
125.00 24.00 233.00 43.00 54.35
126.00 25.00 250.00 48.00 54.35
139.00 30.00 240.00 51.00 54.35
131.00 27.00 242.00 46.00 54.35
126.00 29.00 240.00 47.00 54.35
135.00 32.00 252.00 56.00 54.35
140.00 33.00 248.00 54.00 54.35
150.00 46.00 245.00 69.00 54.35
190.00 92.00 248.00 83.00 54.35
242.00 178.00 253.00 143.00 54.35
249.00 249.00 233.00 220.00 54.35
271.00 263.00 279.00 288.00 54.35
274.00 265.00 273.00 268.00 54.35
287.00 261.00 289.00 301.00 54.35
287.00 274.00 286.00 320.00 54.35
286.00 264.00 285.00 309.00 54.35
276.00 278.00 295.00 314.00 54.35
294.00 287.00 301.00 324.00 54.35
301.00 295.00 295.00 311.00 54.35
300.00 281.00 285.00 297.00 54.35
268.00 292.00 276.00 276.00 54.35
286.00 305.00 287.00 321.00 54.35
319.00 289.00 277.00 331.00 54.35
299.00 275.00 269.00 318.00 54.35
296.00 294.00 278.00 291.00 54.35
270.00 286.00 284.00 309.00 54.35
267.00 278.00 264.00 309.00 54.35
276.00 286.00 276.00 335.00 54.35
300.00 289.00 256.00 283.00 54.35
265.00 275.00 253.00 268.00 54.35
249.00 267.00 253.00 298.00 54.35
315.00 288.00 288.00 325.00 54.35
289.00 279.00 262.00 307.00 54.35
263.00 268.00 262.00 308.00 54.35
280.00 273.00 263.00 290.00 54.35
272.00 290.00 267.00 301.00 54.35
273.00 287.00 270.00 265.00 54.35
276.00 272.00 251.00 274.00 54.35
271.00 274.00 262.00 305.00 54.35
271.00 286.00 275.00 258.00 54.35
273.00 277.00 266.00 289.00 54.35
280.00 271.00 236.00 251.00 54.35
261.00 264.00 231.00 290.00 54.35
254.00 268.00 259.00 294.00 54.35
272.00 268.00 237.00 268.00 54.35
245.00 253.00 231.00 259.00 54.35
219.00 261.00 248.00 288.00 54.35
249.00 277.00 253.00 280.00 54.35
259.00 282.00 239.00 280.00 54.35
238.00 270.00 263.00 261.00 54.35
236.00 263.00 268.00 263.00 54.35
201.00 286.00 275.00 279.00 54.35
232.00 274.00 255.00 292.00 54.35
276.00 247.00 261.00 272.00 54.35
274.00 251.00 255.00 312.00 54.35
272.00 263.00 260.00 274.00 54.35
276.00 282.00 238.00 280.00 54.35
251.00 266.00 237.00 253.00 54.35
274.00 264.00 268.00 293.00 54.35
295.00 279.00 266.00 271.00 54.35
249.00 276.00 268.00 267.00 54.35
274.00 265.00 270.00 253.00 54.35
286.00 286.00 282.00 257.00 54.35
291.00 280.00 255.00 269.00 54.35
277.00 272.00 256.00 249.00 54.35
249.00 271.00 258.00 267.00 54.35
197.00 269.00 261.00 260.00 54.35
290.00 262.00 256.00 255.00 54.35
274.00 269.00 249.00 249.00 54.35
275.00 266.00 253.00 298.00 54.35
282.00 268.00 263.00 289.00 54.35
274.00 271.00 241.00 236.00 54.35
282.00 277.00 277.00 290.00 54.35
309.00 281.00 262.00 263.00 54.35
274.00 265.00 268.00 252.00 54.35
270.00 267.00 254.00 255.00 54.35
289.00 283.00 264.00 284.00 54.35
259.00 273.00 269.00 292.00 54.35
257.00 255.00 247.00 236.00 54.35
277.00 268.00 246.00 284.00 54.35
293.00 262.00 273.00 308.00 54.35
289.00 284.00 255.00 279.00 54.35
274.00 265.00 254.00 240.00 54.35
271.00 257.00 244.00 266.00 54.35
250.00 258.00 249.00 303.00 54.35
257.00 293.00 268.00 249.00 54.35
269.00 264.00 253.00 268.00 54.35
264.00 255.00 258.00 281.00 54.35
273.00 240.00 244.00 236.00 54.35
281.00 282.00 259.00 293.00 54.35
270.00 284.00 269.00 282.00 54.35
260.00 261.00 257.00 265.00 54.35
261.00 223.00 233.00 220.00 54.35
208.00 244.00 255.00 220.00 54.35
263.00 288.00 255.00 231.00 54.35
277.00 249.00 256.00 280.00 54.35
281.00 233.00 247.00 266.00 54.35
253.00 253.00 252.00 234.00 54.35
296.00 265.00 253.00 232.00 54.35
285.00 248.00 261.00 220.00 54.35
281.00 249.00 246.00 243.00 54.35
273.00 227.00 243.00 231.00 54.35
279.00 251.00 254.00 247.00 54.35
253.00 281.00 263.00 273.00 54.35
208.00 263.00 251.00 270.00 54.35
258.00 249.00 243.00 260.00 54.35
249.00 246.00 233.00 236.00 54.35
267.00 235.00 245.00 216.00 54.35
269.00 239.00 258.00 218.00 54.35
264.00 251.00 262.00 280.00 54.35
249.00 229.00 239.00 196.00 54.35
258.00 239.00 239.00 244.00 54.35
243.00 221.00 238.00 237.00 54.35
258.00 237.00 258.00 190.00 54.35
273.00 239.00 262.00 245.00 54.35
273.00 234.00 264.00 208.00 54.35
289.00 245.00 242.00 218.00 54.35
251.00 211.00 234.00 177.00 54.35
260.00 251.00 255.00 262.00 54.35
254.00 223.00 258.00 256.00 54.35
266.00 263.00 253.00 286.00 54.35
260.00 246.00 256.00 262.00 54.35
272.00 225.00 252.00 250.00 54.35
237.00 236.00 243.00 207.00 54.35
268.00 237.00 261.00 230.00 54.35
277.00 264.00 258.00 237.00 54.35
260.00 251.00 256.00 236.00 54.35
265.00 240.00 243.00 231.00 54.35
258.00 217.00 238.00 202.00 54.35
263.00 230.00 248.00 259.00 54.35
269.00 270.00 259.00 245.00 54.35
274.00 271.00 241.00 289.00 54.35
251.00 221.00 232.00 235.00 54.35
257.00 253.00 243.00 251.00 54.35
200.00 221.00 248.00 269.00 54.35
273.00 239.00 245.00 260.00 54.35
229.00 246.00 247.00 251.00 54.35
243.00 252.00 246.00 231.00 54.35
249.00 268.00 255.00 264.00 54.35
257.00 260.00 246.00 280.00 54.35
273.00 262.00 246.00 238.00 54.35
246.00 259.00 246.00 248.00 54.35
254.00 248.00 252.00 256.00 54.35
267.00 274.00 263.00 287.00 54.35
270.00 259.00 264.00 245.00 54.35
251.00 244.00 240.00 238.00 54.35
255.00 245.00 237.00 268.00 54.35
246.00 251.00 237.00 264.00 54.35
260.00 251.00 239.00 231.00 54.35
272.00 266.00 249.00 248.00 54.35
268.00 261.00 241.00 275.00 54.35
258.00 262.00 242.00 252.00 54.35
267.00 261.00 248.00 221.00 54.35
253.00 252.00 242.00 222.00 54.35
258.00 251.00 236.00 239.00 54.35
254.00 248.00 244.00 242.00 54.35
257.00 248.00 231.00 232.00 54.35
254.00 247.00 236.00 238.00 54.35
243.00 264.00 240.00 268.00 54.35
256.00 258.00 250.00 265.00 54.35
258.00 253.00 240.00 258.00 54.35
247.00 250.00 235.00 249.00 54.35
250.00 247.00 239.00 254.00 54.35
250.00 245.00 237.00 178.00 54.35
241.00 246.00 233.00 160.00 54.35
242.00 247.00 238.00 252.00 54.35
258.00 248.00 230.00 219.00 54.35
258.00 261.00 240.00 198.00 54.35
259.00 253.00 223.00 204.00 54.35
243.00 243.00 215.00 241.00 54.35
223.00 229.00 207.00 240.00 54.35
213.00 230.00 203.00 241.00 54.35
217.00 227.00 202.00 234.00 54.35
220.00 224.00 203.00 224.00 54.35
212.00 219.00 195.00 213.00 54.35
212.00 218.00 191.00 212.00 54.35
201.00 214.00 187.00 204.00 54.35
203.00 211.00 183.00 213.00 54.35
210.00 220.00 195.00 208.00 54.35
213.00 217.00 190.00 204.00 54.35
204.00 209.00 186.00 199.00 54.35
199.00 205.00 182.00 201.00 54.35
198.00 203.00 180.00 200.00 54.35
191.00 203.00 184.00 198.00 54.35
188.00 201.00 185.00 207.00 54.35
185.00 204.00 186.00 207.00 54.35
181.00 201.00 184.00 216.00 54.35
180.00 197.00 184.00 197.00 54.35
177.00 193.00 176.00 200.00 54.35
172.00 193.00 183.00 198.00 54.35
174.00 186.00 173.00 193.00 54.35
172.00 180.00 164.00 192.00 54.35
137.00 75.00 43.00 29.00 54.35
62.00 52.00 50.00 58.00 54.35
57.00 4.00 1.00 0.00 54.35
0.00 0.00 0.00 0.00 54.35
0.00 0.00 0.00 0.00 54.35
0.00 0.00 0.00 0.00 54.35
0.00 0.00 0.00 0.00 54.35
0.00 0.00 0.00 0.00 54.35
0.00 0.00 0.00 0.00 54.35
0.00 0.00 0.00 0.00 54.35
0.00 0.00 0.00 0.00 54.35
0.00 0.00 0.00 0.00 54.35
