0.00 338.00 306.00 357.00 41.28
313.00 331.00 314.00 356.00 40.38
315.00 309.00 314.00 364.00 42.50
322.00 291.00 311.00 353.00 35.33
313.00 299.00 296.00 366.00 36.44
324.00 312.00 295.00 361.00 35.38
303.00 322.00 311.00 360.00 35.91
309.00 316.00 311.00 357.00 35.33
340.00 320.00 300.00 349.00 35.81
342.00 310.00 297.00 362.00 38.41
332.00 314.00 308.00 369.00 35.65
340.00 313.00 303.00 365.00 35.49
352.00 327.00 308.00 365.00 42.39
324.00 312.00 304.00 358.00 39.63
329.00 326.00 299.00 348.00 39.84
339.00 319.00 297.00 352.00 42.50
344.00 292.00 290.00 353.00 42.55
347.00 305.00 301.00 346.00 41.65
330.00 296.00 317.00 351.00 39.69
333.00 301.00 304.00 358.00 37.88
345.00 330.00 314.00 345.00 40.54
330.00 310.00 310.00 343.00 40.69
348.00 303.00 299.00 343.00 42.24
333.00 314.00 311.00 324.00 40.54
325.00 275.00 290.00 347.00 40.69
318.00 286.00 313.00 348.00 36.50
295.00 312.00 315.00 331.00 41.76
326.00 293.00 298.00 331.00 42.34
336.00 294.00 322.00 362.00 41.60
340.00 282.00 299.00 339.00 36.76
332.00 313.00 319.00 346.00 41.86
335.00 324.00 309.00 356.00 36.92
363.00 341.00 314.00 363.00 40.22
352.00 311.00 315.00 373.00 42.66
346.00 340.00 319.00 354.00 41.86
334.00 307.00 311.00 353.00 41.17
321.00 299.00 319.00 334.00 38.09
332.00 285.00 303.00 348.00 39.53
310.00 304.00 286.00 336.00 37.77
324.00 314.00 291.00 351.00 42.34
327.00 314.00 294.00 338.00 42.55
314.00 317.00 286.00 351.00 40.59
335.00 288.00 293.00 338.00 41.01
310.00 289.00 291.00 341.00 41.28
324.00 314.00 312.00 350.00 38.09
327.00 312.00 299.00 353.00 37.61
341.00 297.00 315.00 353.00 36.71
343.00 288.00 315.00 334.00 39.79
345.00 265.00 320.00 352.00 36.50
325.00 286.00 301.00 361.00 38.36
358.00 290.00 312.00 368.00 41.81
328.00 318.00 312.00 323.00 42.61
333.00 300.00 284.00 336.00 40.59
324.00 317.00 304.00 338.00 36.50
335.00 308.00 312.00 331.00 42.61
345.00 289.00 305.00 313.00 42.66
316.00 299.00 312.00 327.00 42.66
329.00 302.00 313.00 328.00 40.85
348.00 288.00 307.00 320.00 40.75
304.00 299.00 281.00 335.00 36.92
297.00 286.00 293.00 332.00 42.66
297.00 294.00 307.00 341.00 37.99
325.00 301.00 311.00 324.00 42.71
318.00 284.00 294.00 322.00 42.66
330.00 278.00 300.00 321.00 37.67
340.00 281.00 300.00 327.00 42.66
312.00 278.00 296.00 321.00 41.44
324.00 285.00 307.00 326.00 42.66
324.00 298.00 320.00 329.00 39.79
322.00 289.00 315.00 329.00 36.60
319.00 293.00 313.00 343.00 38.89
325.00 296.00 318.00 339.00 35.86
324.00 310.00 295.00 333.00 35.75
328.00 299.00 317.00 328.00 41.81
303.00 300.00 309.00 330.00 40.00
314.00 277.00 320.00 328.00 37.72
320.00 278.00 304.00 336.00 42.55
310.00 291.00 313.00 334.00 38.46
324.00 287.00 310.00 337.00 35.81
318.00 267.00 302.00 329.00 42.77
310.00 280.00 295.00 319.00 41.12
304.00 284.00 301.00 326.00 41.81
306.00 285.00 306.00 312.00 38.62
323.00 294.00 288.00 295.00 42.34
308.00 268.00 285.00 312.00 36.76
318.00 268.00 269.00 319.00 41.76
320.00 276.00 295.00 314.00 38.09
319.00 270.00 284.00 318.00 40.59
321.00 270.00 273.00 313.00 39.37
310.00 265.00 286.00 311.00 42.45
312.00 265.00 296.00 324.00 36.34
308.00 269.00 289.00 317.00 41.17
279.00 284.00 291.00 319.00 36.44
313.00 279.00 289.00 301.00 37.99
316.00 275.00 287.00 314.00 41.86
313.00 274.00 278.00 300.00 35.81
313.00 272.00 275.00 303.00 36.39
304.00 280.00 303.00 314.00 36.39
328.00 280.00 309.00 324.00 35.86
310.00 281.00 315.00 333.00 38.89
321.00 291.00 301.00 322.00 39.26
307.00 261.00 291.00 317.00 38.89
297.00 262.00 293.00 321.00 37.03
313.00 271.00 283.00 311.00 37.40
267.00 249.00 283.00 308.00 38.25
284.00 245.00 264.00 305.00 38.46
269.00 252.00 262.00 286.00 35.59
274.00 251.00 261.00 290.00 37.03
270.00 257.00 259.00 297.00 39.58
294.00 280.00 244.00 295.00 39.15
318.00 269.00 250.00 301.00 40.43
300.00 267.00 259.00 303.00 37.99
301.00 262.00 263.00 297.00 35.33
294.00 270.00 259.00 303.00 38.30
297.00 292.00 263.00 313.00 40.16
309.00 270.00 263.00 306.00 39.05
291.00 260.00 261.00 306.00 35.49
301.00 268.00 254.00 292.00 35.70
292.00 259.00 248.00 303.00 42.13
295.00 289.00 247.00 296.00 35.75
286.00 262.00 255.00 290.00 35.49
304.00 272.00 258.00 300.00 42.34
286.00 267.00 263.00 299.00 36.50
296.00 286.00 261.00 314.00 42.18
307.00 270.00 256.00 291.00 38.30
296.00 257.00 239.00 300.00 38.25
286.00 260.00 236.00 299.00 37.99
298.00 271.00 242.00 310.00 36.23
302.00 279.00 245.00 293.00 40.27
316.00 285.00 249.00 316.00 42.13
327.00 285.00 246.00 304.00 36.82
314.00 266.00 233.00 300.00 41.33
302.00 257.00 230.00 299.00 35.70
286.00 264.00 235.00 287.00 38.89
274.00 264.00 235.00 297.00 37.14
295.00 275.00 238.00 305.00 35.33
300.00 268.00 250.00 306.00 40.59
303.00 288.00 261.00 306.00 42.24
322.00 286.00 257.00 307.00 41.28
312.00 276.00 245.00 302.00 38.78
297.00 267.00 245.00 307.00 37.08
300.00 279.00 239.00 298.00 34.74
288.00 265.00 240.00 297.00 36.34
286.00 270.00 238.00 293.00 36.55
287.00 268.00 244.00 293.00 36.98
296.00 266.00 250.00 300.00 35.22
289.00 273.00 251.00 306.00 40.85
289.00 278.00 254.00 306.00 38.62
298.00 280.00 257.00 316.00 41.17
305.00 277.00 249.00 307.00 38.14
291.00 263.00 245.00 295.00 41.86
284.00 250.00 235.00 291.00 39.58
281.00 264.00 237.00 290.00 34.69
275.00 261.00 235.00 299.00 36.82
265.00 266.00 234.00 297.00 41.97
270.00 272.00 234.00 290.00 36.98
289.00 262.00 232.00 286.00 38.52
269.00 257.00 234.00 286.00 35.01
292.00 275.00 234.00 282.00 34.64
274.00 274.00 231.00 275.00 41.54
269.00 272.00 227.00 280.00 39.74
264.00 272.00 226.00 281.00 42.29
265.00 261.00 225.00 279.00 34.90
268.00 256.00 225.00 274.00 41.49
275.00 259.00 233.00 272.00 41.07
267.00 265.00 229.00 280.00 35.65
254.00 284.00 227.00 277.00 40.43
243.00 277.00 219.00 255.00 37.08
231.00 264.00 213.00 253.00 41.65
222.00 259.00 214.00 250.00 39.10
210.00 267.00 212.00 224.00 39.84
205.00 272.00 212.00 225.00 40.22
207.00 272.00 210.00 223.00 41.01
204.00 268.00 210.00 223.00 37.40
203.00 262.00 206.00 216.00 39.53
200.00 241.00 207.00 215.00 35.17
203.00 233.00 206.00 217.00 31.82
202.00 230.00 208.00 217.00 31.56
203.00 241.00 211.00 219.00 36.23
205.00 253.00 211.00 218.00 40.00
202.00 253.00 212.00 220.00 39.69
201.00 250.00 204.00 216.00 30.55
196.00 245.00 203.00 214.00 38.57
193.00 242.00 202.00 210.00 34.11
193.00 237.00 200.00 208.00 35.91
192.00 231.00 201.00 207.00 39.31
190.00 227.00 201.00 203.00 39.53
190.00 224.00 195.00 192.00 36.18
178.00 186.00 115.00 45.00 34.53
94.00 35.00 72.00 26.00 29.27

