48.00 91.00 92.00 172.00 33.63
97.00 60.00 187.00 240.00 27.31
131.00 54.00 246.00 270.00 24.86
241.00 93.00 248.00 228.00 25.34
228.00 86.00 248.00 217.00 32.99
220.00 86.00 248.00 215.00 38.04
224.00 83.00 246.00 210.00 37.83
226.00 91.00 256.00 221.00 37.56
234.00 96.00 255.00 218.00 35.75
230.00 93.00 253.00 218.00 38.30
225.00 94.00 249.00 217.00 32.14
219.00 92.00 250.00 216.00 30.23
216.00 92.00 246.00 214.00 36.76
216.00 90.00 247.00 212.00 33.42
211.00 89.00 249.00 210.00 36.34
211.00 90.00 246.00 209.00 37.08
206.00 92.00 253.00 208.00 26.30
210.00 92.00 249.00 207.00 31.72
206.00 96.00 253.00 210.00 36.76
206.00 91.00 253.00 211.00 31.98
206.00 92.00 252.00 209.00 28.95
205.00 91.00 254.00 210.00 35.81
209.00 94.00 253.00 209.00 33.58
202.00 95.00 255.00 210.00 35.01
208.00 94.00 252.00 216.00 35.75
215.00 105.00 267.00 250.00 36.23
246.00 115.00 270.00 270.00 35.97
265.00 141.00 295.00 288.00 27.36
269.00 164.00 285.00 276.00 27.04
266.00 269.00 286.00 289.00 37.03
260.00 281.00 277.00 295.00 27.25
268.00 287.00 286.00 285.00 35.28
264.00 283.00 290.00 296.00 29.91
278.00 315.00 295.00 295.00 39.37
274.00 288.00 293.00 295.00 38.46
276.00 299.00 290.00 299.00 40.22
261.00 285.00 296.00 304.00 35.59
253.00 280.00 290.00 294.00 36.55
253.00 263.00 277.00 291.00 37.29
264.00 282.00 286.00 274.00 39.95
288.00 278.00 297.00 296.00 41.44
251.00 281.00 297.00 297.00 35.65
271.00 281.00 306.00 285.00 41.65
306.00 278.00 305.00 302.00 35.17
259.00 281.00 290.00 289.00 41.81
258.00 267.00 286.00 292.00 41.86
257.00 265.00 289.00 300.00 35.01
261.00 278.00 299.00 309.00 42.29
259.00 291.00 311.00 302.00 41.60
268.00 283.00 298.00 295.00 41.12
279.00 285.00 294.00 299.00 41.12
246.00 275.00 281.00 297.00 36.07
256.00 277.00 299.00 282.00 39.10
283.00 296.00 283.00 301.00 40.54
292.00 322.00 296.00 320.00 41.97
263.00 295.00 293.00 309.00 42.45
255.00 304.00 289.00 307.00 40.32
262.00 299.00 292.00 284.00 40.96
254.00 290.00 285.00 254.00 35.91
242.00 265.00 287.00 299.00 40.48
284.00 284.00 288.00 287.00 36.50
255.00 290.00 302.00 302.00 36.55
259.00 305.00 304.00 305.00 41.01
275.00 296.00 297.00 284.00 39.84
243.00 279.00 279.00 297.00 36.82
259.00 278.00 280.00 296.00 42.45
246.00 293.00 266.00 263.00 40.38
252.00 260.00 280.00 287.00 36.55
279.00 293.00 285.00 297.00 42.82
259.00 273.00 305.00 299.00 42.82
284.00 291.00 300.00 303.00 40.59
288.00 282.00 300.00 297.00 38.94
252.00 282.00 285.00 289.00 41.65
254.00 268.00 280.00 285.00 42.71
279.00 282.00 278.00 278.00 42.29
267.00 287.00 268.00 273.00 40.85
261.00 269.00 262.00 262.00 40.06
265.00 272.00 279.00 280.00 42.77
288.00 301.00 291.00 307.00 36.92
299.00 313.00 294.00 301.00 38.14
263.00 284.00 261.00 297.00 42.02
287.00 282.00 261.00 295.00 41.49
287.00 268.00 253.00 289.00 43.03
265.00 266.00 264.00 283.00 42.66
271.00 284.00 271.00 279.00 38.99
239.00 278.00 265.00 277.00 38.20
252.00 268.00 259.00 272.00 37.35
240.00 277.00 264.00 280.00 37.03
247.00 280.00 270.00 285.00 40.75
271.00 284.00 270.00 291.00 37.14
269.00 298.00 265.00 269.00 40.48
250.00 281.00 249.00 250.00 37.29
250.00 269.00 257.00 279.00 42.66
263.00 274.00 257.00 274.00 42.24
258.00 280.00 258.00 280.00 42.55
259.00 270.00 251.00 260.00 40.43
267.00 271.00 259.00 278.00 37.24
287.00 272.00 245.00 289.00 40.91
272.00 284.00 243.00 280.00 41.60
250.00 288.00 242.00 284.00 38.94
280.00 288.00 259.00 283.00 40.22
274.00 290.00 260.00 289.00 37.51
284.00 287.00 265.00 288.00 40.69
257.00 275.00 250.00 286.00 41.23
258.00 260.00 239.00 271.00 38.99
264.00 273.00 241.00 269.00 42.02
236.00 246.00 237.00 252.00 39.26
230.00 255.00 237.00 271.00 37.88
232.00 245.00 230.00 270.00 41.86
255.00 271.00 235.00 267.00 42.45
208.00 270.00 246.00 281.00 38.68
248.00 282.00 245.00 282.00 35.97
249.00 274.00 246.00 265.00 38.20
251.00 267.00 235.00 265.00 41.70
217.00 263.00 233.00 266.00 36.92
223.00 261.00 238.00 270.00 37.56
256.00 250.00 226.00 268.00 41.86
233.00 257.00 225.00 277.00 37.93
222.00 254.00 226.00 288.00 36.98
207.00 276.00 272.00 290.00 35.28
275.00 280.00 241.00 286.00 42.34
241.00 255.00 240.00 281.00 42.34
200.00 261.00 249.00 274.00 40.91
205.00 245.00 240.00 272.00 35.38
185.00 239.00 230.00 267.00 41.33
208.00 241.00 231.00 268.00 42.34
263.00 266.00 236.00 273.00 35.06
255.00 288.00 242.00 279.00 42.08
246.00 259.00 243.00 278.00 39.42
243.00 264.00 234.00 273.00 39.84
252.00 264.00 227.00 268.00 41.92
233.00 245.00 213.00 258.00 41.07
235.00 260.00 214.00 258.00 34.69
228.00 222.00 217.00 264.00 41.97
223.00 236.00 218.00 260.00 41.86
252.00 242.00 222.00 269.00 34.48
222.00 232.00 218.00 267.00 41.44
219.00 226.00 214.00 262.00 35.22
182.00 232.00 212.00 261.00 35.54
250.00 243.00 208.00 259.00 36.76
246.00 240.00 205.00 262.00 37.14
240.00 245.00 204.00 265.00 40.00
227.00 210.00 208.00 262.00 34.96
228.00 212.00 202.00 258.00 42.02
254.00 222.00 203.00 261.00 34.00
253.00 235.00 210.00 260.00 40.32
237.00 222.00 212.00 254.00 40.32
225.00 214.00 208.00 244.00 41.12
210.00 214.00 208.00 245.00 33.63
208.00 213.00 205.00 247.00 36.60
204.00 213.00 205.00 243.00 32.67
201.00 213.00 201.00 229.00 32.30
195.00 210.00 196.00 229.00 31.98
195.00 208.00 199.00 223.00 41.01
201.00 207.00 199.00 223.00 34.37
199.00 207.00 196.00 227.00 32.83
197.00 202.00 204.00 227.00 35.38
197.00 205.00 203.00 227.00 40.64
196.00 210.00 198.00 220.00 34.11
197.00 203.00 198.00 222.00 40.43
202.00 201.00 196.00 232.00 40.00
204.00 217.00 204.00 235.00 40.27
198.00 216.00 206.00 232.00 32.03
196.00 211.00 200.00 225.00 33.68
198.00 206.00 196.00 223.00 31.88
197.00 198.00 193.00 214.00 37.08
197.00 201.00 191.00 228.00 29.11
197.00 202.00 196.00 235.00 28.58
197.00 205.00 197.00 233.00 30.23
198.00 211.00 198.00 236.00 37.83
206.00 213.00 202.00 239.00 39.47
200.00 208.00 196.00 239.00 31.66
195.00 205.00 193.00 238.00 36.13
196.00 205.00 197.00 238.00 35.01
193.00 207.00 196.00 231.00 32.14
192.00 207.00 202.00 227.00 33.31
190.00 201.00 194.00 231.00 31.61
190.00 208.00 194.00 230.00 28.79
191.00 208.00 194.00 224.00 37.83
190.00 208.00 194.00 224.00 38.09
190.00 235.00 196.00 223.00 34.96
200.00 240.00 200.00 226.00 37.45
199.00 235.00 198.00 227.00 38.73
195.00 218.00 191.00 229.00 37.99
191.00 207.00 192.00 213.00 35.97
188.00 207.00 185.00 203.00 26.46
184.00 204.00 183.00 203.00 29.64
185.00 202.00 184.00 206.00 37.24
185.00 201.00 177.00 196.00 28.37
185.00 195.00 173.00 151.00 35.22
99.00 86.00 88.00 83.00 37.88
163.00 83.00 81.00 71.00 29.06
105.00 72.00 5.00 10.00 38.84

