24.00 28.00 50.00 12.00 20.93
13.00 23.00 75.00 18.00 31.24
14.00 27.00 94.00 25.00 31.08
16.00 25.00 133.00 26.00 28.37
22.00 31.00 186.00 29.00 23.53
25.00 43.00 212.00 34.00 25.34
38.00 55.00 241.00 38.00 32.57
52.00 59.00 248.00 41.00 35.28
65.00 67.00 254.00 43.00 26.93
85.00 81.00 250.00 46.00 27.15
86.00 84.00 264.00 49.00 36.82
119.00 97.00 260.00 54.00 33.47
103.00 87.00 260.00 68.00 26.35
95.00 90.00 125.00 46.00 28.90
116.00 137.00 208.00 62.00 39.47
136.00 189.00 235.00 87.00 36.66
139.00 216.00 225.00 99.00 39.63
143.00 226.00 213.00 113.00 30.76
155.00 225.00 227.00 123.00 37.77
169.00 225.00 217.00 123.00 36.55
160.00 229.00 219.00 140.00 34.64
184.00 195.00 183.00 113.00 32.09
212.00 222.00 208.00 104.00 31.98
232.00 243.00 243.00 121.00 34.37
239.00 223.00 243.00 119.00 31.08
237.00 239.00 245.00 123.00 40.32
242.00 233.00 240.00 121.00 39.90
235.00 223.00 238.00 123.00 38.94
239.00 228.00 230.00 134.00 40.96
234.00 210.00 228.00 133.00 39.63
230.00 216.00 214.00 133.00 37.67
229.00 215.00 223.00 141.00 34.96
235.00 238.00 228.00 146.00 32.62
243.00 222.00 210.00 141.00 32.88
224.00 207.00 213.00 135.00 36.82
247.00 226.00 226.00 161.00 37.24
248.00 235.00 220.00 154.00 35.43
220.00 218.00 188.00 154.00 40.11
225.00 207.00 184.00 157.00 36.98
223.00 216.00 183.00 166.00 36.87
211.00 195.00 184.00 166.00 32.78
220.00 179.00 191.00 179.00 41.49
212.00 193.00 192.00 193.00 41.81
218.00 206.00 188.00 205.00 40.43
221.00 206.00 207.00 219.00 34.05
223.00 203.00 209.00 211.00 41.92
224.00 185.00 193.00 202.00 37.51
215.00 180.00 184.00 195.00 42.02
241.00 234.00 183.00 217.00 41.86
243.00 207.00 192.00 207.00 33.95
228.00 209.00 187.00 211.00 35.70
216.00 203.00 196.00 209.00 41.28
212.00 216.00 185.00 215.00 34.74
215.00 198.00 187.00 214.00 36.23
210.00 213.00 183.00 211.00 40.96
215.00 225.00 187.00 215.00 35.38
218.00 222.00 194.00 201.00 34.43
212.00 211.00 204.00 214.00 39.95
214.00 200.00 200.00 214.00 39.79
212.00 206.00 195.00 218.00 35.33
214.00 210.00 190.00 217.00 40.54
218.00 221.00 200.00 212.00 38.78
198.00 212.00 191.00 204.00 34.48
196.00 209.00 202.00 218.00 38.36
207.00 219.00 199.00 207.00 40.11
218.00 223.00 195.00 214.00 39.26
222.00 213.00 192.00 194.00 35.75
220.00 190.00 173.00 191.00 35.22
216.00 188.00 186.00 206.00 42.08
223.00 206.00 190.00 199.00 36.71
215.00 209.00 185.00 196.00 37.14
216.00 207.00 206.00 212.00 38.73
213.00 202.00 179.00 194.00 40.38
209.00 209.00 191.00 195.00 40.75
211.00 192.00 186.00 212.00 39.84
220.00 208.00 185.00 210.00 42.66
215.00 184.00 185.00 207.00 37.40
210.00 230.00 183.00 183.00 41.28
212.00 208.00 186.00 202.00 35.38
204.00 201.00 192.00 215.00 39.05
208.00 211.00 174.00 211.00 40.22
211.00 217.00 185.00 211.00 34.96
209.00 203.00 186.00 206.00 39.53
204.00 201.00 188.00 206.00 35.75
209.00 208.00 170.00 204.00 35.91
211.00 195.00 191.00 203.00 35.54
203.00 203.00 195.00 206.00 36.66
208.00 200.00 189.00 210.00 35.70
218.00 175.00 199.00 204.00 41.97
212.00 179.00 194.00 209.00 42.29
208.00 206.00 189.00 181.00 42.18
139.00 181.00 217.00 205.00 39.69
187.00 209.00 220.00 198.00 38.25
198.00 150.00 178.00 218.00 35.59
209.00 175.00 200.00 220.00 35.81
213.00 175.00 194.00 225.00 35.81
203.00 189.00 202.00 212.00 41.07
193.00 182.00 200.00 211.00 41.54
197.00 191.00 204.00 232.00 42.77
216.00 198.00 214.00 224.00 42.08
207.00 169.00 199.00 218.00 35.65
212.00 188.00 199.00 217.00 42.66
202.00 194.00 208.00 217.00 42.34
188.00 200.00 192.00 211.00 39.31
189.00 191.00 200.00 212.00 40.06
199.00 185.00 195.00 212.00 37.88
197.00 192.00 200.00 207.00 36.92
188.00 201.00 191.00 234.00 42.39
223.00 196.00 212.00 233.00 36.55
223.00 203.00 225.00 234.00 42.66
202.00 208.00 203.00 213.00 41.49
206.00 203.00 205.00 232.00 35.86
209.00 223.00 207.00 229.00 36.87
212.00 221.00 208.00 214.00 37.08
201.00 215.00 207.00 207.00 39.47
200.00 217.00 202.00 211.00 36.34
188.00 201.00 216.00 215.00 41.07
209.00 214.00 225.00 230.00 37.56
195.00 208.00 211.00 223.00 42.66
213.00 202.00 228.00 231.00 42.66
213.00 201.00 228.00 235.00 35.86
203.00 184.00 220.00 221.00 36.18
223.00 221.00 203.00 238.00 35.81
216.00 196.00 203.00 212.00 41.65
180.00 192.00 194.00 208.00 35.86
179.00 194.00 236.00 203.00 38.46
181.00 194.00 211.00 215.00 39.26
184.00 183.00 204.00 218.00 38.73
190.00 216.00 199.00 220.00 39.74
202.00 211.00 204.00 214.00 41.54
181.00 210.00 211.00 227.00 40.27
206.00 196.00 202.00 238.00 42.13
207.00 182.00 199.00 221.00 39.21
193.00 184.00 193.00 217.00 41.39
185.00 188.00 197.00 221.00 42.34
195.00 194.00 202.00 220.00 40.00
180.00 174.00 204.00 212.00 39.42
191.00 191.00 201.00 220.00 40.00
194.00 187.00 202.00 215.00 37.40
187.00 183.00 199.00 219.00 39.26
184.00 197.00 197.00 223.00 36.98
195.00 189.00 202.00 226.00 36.23
193.00 190.00 204.00 227.00 39.42
202.00 186.00 206.00 230.00 42.18
226.00 174.00 224.00 234.00 39.05
211.00 205.00 208.00 230.00 38.09
200.00 158.00 225.00 217.00 38.14
197.00 188.00 201.00 218.00 37.24
203.00 190.00 208.00 213.00 42.87
190.00 189.00 209.00 212.00 39.74
196.00 187.00 221.00 212.00 35.91
200.00 175.00 204.00 216.00 38.94
195.00 183.00 224.00 218.00 41.70
191.00 182.00 214.00 209.00 35.97
189.00 184.00 223.00 215.00 40.22
223.00 209.00 232.00 204.00 40.16
190.00 193.00 231.00 239.00 36.44
198.00 181.00 226.00 215.00 37.40
196.00 199.00 233.00 209.00 40.91
203.00 176.00 235.00 233.00 38.30
177.00 187.00 223.00 203.00 42.82
194.00 176.00 242.00 207.00 41.76
182.00 184.00 244.00 203.00 41.81
182.00 183.00 244.00 208.00 42.02
199.00 189.00 241.00 227.00 38.57
205.00 203.00 253.00 215.00 36.07
218.00 178.00 229.00 226.00 42.18
180.00 166.00 207.00 205.00 36.92
197.00 165.00 220.00 202.00 38.99
175.00 215.00 223.00 215.00 38.57
170.00 176.00 227.00 210.00 40.22
184.00 181.00 213.00 223.00 42.77
196.00 173.00 215.00 230.00 41.17
203.00 181.00 213.00 221.00 35.97
193.00 166.00 214.00 230.00 42.71
200.00 160.00 215.00 219.00 42.18
195.00 158.00 216.00 216.00 38.30
186.00 156.00 211.00 216.00 41.07
188.00 163.00 209.00 214.00 37.67
201.00 164.00 206.00 234.00 42.08
186.00 152.00 216.00 222.00 41.92
174.00 143.00 202.00 214.00 40.32
178.00 146.00 198.00 210.00 39.15
180.00 151.00 197.00 210.00 38.99
181.00 141.00 197.00 213.00 35.81
208.00 147.00 204.00 212.00 36.92
218.00 146.00 199.00 204.00 36.71
196.00 133.00 197.00 207.00 42.66
182.00 115.00 196.00 206.00 42.61
179.00 113.00 187.00 204.00 42.61
180.00 123.00 184.00 215.00 41.28
174.00 105.00 184.00 201.00 40.16
171.00 111.00 183.00 200.00 40.64
164.00 96.00 165.00 197.00 41.28
175.00 85.00 169.00 205.00 42.13
154.00 90.00 159.00 190.00 35.91
146.00 85.00 143.00 178.00 38.73
162.00 78.00 144.00 199.00 36.29
157.00 69.00 149.00 203.00 34.80
164.00 72.00 147.00 200.00 35.86
157.00 57.00 147.00 200.00 36.07
138.00 59.00 146.00 202.00 42.02
144.00 50.00 147.00 196.00 37.24
130.00 51.00 150.00 196.00 41.76
120.00 36.00 146.00 184.00 35.86
112.00 45.00 146.00 184.00 37.61
99.00 29.00 147.00 191.00 35.22
93.00 40.00 146.00 191.00 35.22
80.00 23.00 145.00 192.00 38.41
73.00 23.00 146.00 183.00 35.91
70.00 28.00 145.00 193.00 36.50
55.00 28.00 144.00 182.00 40.91
45.00 24.00 143.00 169.00 39.74
37.00 29.00 143.00 149.00 36.66
28.00 26.00 143.00 128.00 34.53
20.00 24.00 143.00 113.00 40.75
14.00 20.00 142.00 99.00 30.87
11.00 22.00 142.00 85.00 39.58
9.00 17.00 142.00 75.00 39.79
7.00 15.00 141.00 65.00 38.30
8.00 15.00 141.00 59.00 28.21
7.00 19.00 141.00 51.00 37.40
7.00 13.00 141.00 47.00 38.99
11.00 18.00 140.00 49.00 38.78
8.00 13.00 140.00 41.00 26.99
10.00 13.00 140.00 33.00 37.83
7.00 11.00 140.00 31.00 35.43
7.00 15.00 139.00 24.00 26.03
5.00 3.00 131.00 11.00 25.39
14.00 10.00 70.00 16.00 25.82
38.00 32.00 50.00 11.00 25.18

