25.00 27.00 52.00 33.00 27.78
32.00 30.00 68.00 32.00 20.83
34.00 47.00 116.00 60.00 25.87
67.00 188.00 182.00 70.00 30.28
63.00 220.00 216.00 76.00 29.96
76.00 272.00 234.00 62.00 25.93
69.00 244.00 232.00 59.00 32.57
92.00 271.00 247.00 34.00 32.67
68.00 245.00 245.00 112.00 36.13
80.00 224.00 254.00 212.00 35.17
92.00 237.00 245.00 223.00 28.53
109.00 236.00 246.00 240.00 31.82
124.00 250.00 257.00 254.00 33.42
125.00 245.00 260.00 272.00 34.21
159.00 267.00 269.00 270.00 29.64
175.00 219.00 256.00 274.00 40.38
183.00 237.00 247.00 220.00 40.69
175.00 223.00 193.00 235.00 41.01
223.00 247.00 173.00 216.00 36.07
250.00 256.00 186.00 219.00 40.96
240.00 237.00 171.00 213.00 39.79
222.00 229.00 162.00 206.00 33.26
231.00 250.00 161.00 211.00 33.95
221.00 226.00 183.00 221.00 32.09
225.00 245.00 195.00 249.00 35.28
231.00 243.00 196.00 252.00 31.08
246.00 238.00 194.00 278.00 37.99
223.00 263.00 196.00 251.00 40.80
252.00 300.00 209.00 248.00 35.59
259.00 263.00 200.00 220.00 40.00
252.00 265.00 181.00 258.00 32.30
250.00 259.00 187.00 246.00 40.91
235.00 243.00 176.00 220.00 37.67
227.00 242.00 184.00 245.00 32.25
233.00 233.00 179.00 242.00 34.96
232.00 220.00 193.00 243.00 37.99
230.00 237.00 186.00 216.00 40.80
228.00 229.00 191.00 239.00 32.19
230.00 211.00 193.00 234.00 40.80
239.00 217.00 189.00 234.00 37.99
224.00 242.00 193.00 239.00 34.27
237.00 208.00 202.00 221.00 35.91
233.00 212.00 200.00 224.00 38.25
264.00 218.00 234.00 222.00 35.38
235.00 212.00 197.00 229.00 41.44
233.00 227.00 205.00 229.00 33.36
221.00 210.00 217.00 229.00 38.25
238.00 223.00 231.00 243.00 38.78
219.00 147.00 122.00 165.00 35.49
180.00 95.00 119.00 151.00 38.68
181.00 28.00 76.00 147.00 34.37
180.00 15.00 52.00 140.00 38.68
179.00 12.00 45.00 137.00 40.69
177.00 9.00 41.00 133.00 39.58
176.00 8.00 41.00 132.00 38.99
174.00 8.00 43.00 129.00 31.03
174.00 8.00 42.00 120.00 31.34
174.00 6.00 42.00 119.00 32.41
173.00 8.00 44.00 120.00 29.91
157.00 17.00 45.00 126.00 28.42
163.00 23.00 35.00 144.00 29.22
183.00 42.00 40.00 33.00 26.35
173.00 37.00 33.00 29.00 21.94
145.00 42.00 33.00 30.00 26.99
30.00 40.00 34.00 52.00 31.77
39.00 56.00 53.00 113.00 32.09
48.00 66.00 58.00 168.00 27.15
58.00 30.00 77.00 221.00 21.99
53.00 47.00 112.00 252.00 23.06
60.00 53.00 153.00 269.00 31.50
72.00 64.00 213.00 266.00 25.34
96.00 79.00 219.00 264.00 34.48
147.00 101.00 221.00 277.00 34.05
186.00 107.00 209.00 280.00 38.84
224.00 109.00 213.00 259.00 36.29
229.00 132.00 216.00 259.00 36.39
225.00 144.00 220.00 273.00 40.27
230.00 161.00 221.00 281.00 39.63
237.00 167.00 229.00 284.00 40.75
241.00 190.00 222.00 272.00 39.63
235.00 195.00 220.00 282.00 40.91
226.00 199.00 216.00 259.00 38.94
225.00 215.00 215.00 270.00 37.77
234.00 230.00 224.00 279.00 39.10
234.00 228.00 223.00 249.00 32.83
232.00 236.00 221.00 274.00 33.89
238.00 250.00 218.00 281.00 33.42
238.00 245.00 232.00 287.00 33.15
242.00 235.00 233.00 276.00 35.43
243.00 238.00 239.00 279.00 37.83
246.00 232.00 221.00 295.00 34.16
246.00 233.00 224.00 286.00 39.90
239.00 230.00 221.00 287.00 38.62
252.00 227.00 215.00 270.00 41.17
238.00 230.00 222.00 272.00 40.85
230.00 222.00 217.00 277.00 40.16
227.00 224.00 223.00 280.00 41.49
229.00 223.00 210.00 273.00 41.23
239.00 233.00 216.00 282.00 36.29
233.00 222.00 221.00 265.00 41.33
230.00 218.00 218.00 260.00 39.21
234.00 237.00 221.00 282.00 35.28
238.00 229.00 221.00 265.00 42.18
239.00 224.00 230.00 269.00 40.64
234.00 246.00 222.00 272.00 36.02
251.00 234.00 235.00 262.00 42.13
240.00 242.00 225.00 278.00 38.57
242.00 248.00 234.00 282.00 39.37
244.00 236.00 222.00 280.00 42.50
232.00 232.00 222.00 266.00 39.63
235.00 224.00 216.00 276.00 35.06
255.00 212.00 219.00 265.00 41.12
239.00 224.00 221.00 271.00 41.23
248.00 217.00 222.00 272.00 38.41
243.00 225.00 217.00 268.00 35.70
245.00 236.00 227.00 266.00 35.01
243.00 228.00 232.00 270.00 39.47
254.00 227.00 232.00 283.00 42.34
256.00 241.00 227.00 287.00 41.33
256.00 238.00 237.00 288.00 40.48
259.00 241.00 237.00 280.00 35.49
263.00 245.00 236.00 274.00 35.06
247.00 239.00 223.00 275.00 35.22
257.00 228.00 241.00 286.00 40.48
248.00 220.00 220.00 273.00 36.34
239.00 230.00 211.00 269.00 35.28
235.00 204.00 209.00 263.00 35.43
236.00 212.00 208.00 262.00 38.99
255.00 205.00 209.00 269.00 37.61
242.00 223.00 232.00 269.00 36.76
240.00 229.00 209.00 261.00 38.94
244.00 234.00 220.00 258.00 40.69
253.00 219.00 238.00 252.00 35.43
253.00 230.00 212.00 274.00 40.69
250.00 216.00 214.00 274.00 40.75
247.00 224.00 225.00 272.00 41.17
238.00 212.00 229.00 263.00 42.61
237.00 225.00 235.00 277.00 35.86
241.00 227.00 230.00 280.00 35.43
243.00 230.00 220.00 289.00 40.59
240.00 226.00 231.00 275.00 35.49
248.00 228.00 228.00 288.00 41.60
239.00 239.00 227.00 274.00 37.72
248.00 222.00 231.00 270.00 42.45
242.00 223.00 229.00 263.00 42.71
251.00 222.00 235.00 282.00 41.39
247.00 239.00 223.00 287.00 41.28
255.00 258.00 235.00 283.00 42.61
251.00 247.00 234.00 282.00 42.39
253.00 260.00 229.00 280.00 36.50
249.00 237.00 225.00 275.00 42.39
231.00 210.00 222.00 253.00 41.23
244.00 229.00 225.00 259.00 35.81
243.00 211.00 216.00 278.00 37.56
261.00 220.00 217.00 263.00 39.26
246.00 208.00 206.00 264.00 42.02
253.00 217.00 218.00 262.00 40.16
246.00 228.00 218.00 250.00 37.40
253.00 241.00 216.00 267.00 41.28
254.00 242.00 221.00 262.00 41.97
252.00 248.00 233.00 263.00 42.82
256.00 232.00 232.00 267.00 38.62
263.00 239.00 231.00 270.00 36.02
260.00 233.00 225.00 272.00 41.17
262.00 236.00 235.00 269.00 37.61
253.00 235.00 225.00 276.00 37.19
262.00 225.00 232.00 279.00 36.76
267.00 244.00 237.00 281.00 40.59
274.00 237.00 231.00 281.00 37.99
257.00 238.00 224.00 268.00 42.71
259.00 236.00 229.00 272.00 36.66
259.00 230.00 225.00 280.00 38.68
256.00 253.00 236.00 259.00 37.51
261.00 236.00 234.00 263.00 40.38
253.00 239.00 239.00 279.00 41.17
262.00 241.00 235.00 294.00 36.34
261.00 261.00 237.00 271.00 42.66
261.00 229.00 246.00 284.00 41.23
260.00 238.00 233.00 272.00 41.54
268.00 246.00 234.00 284.00 42.82
263.00 245.00 236.00 287.00 39.37
255.00 236.00 230.00 285.00 41.17
257.00 241.00 223.00 273.00 41.44
262.00 231.00 237.00 285.00 42.82
251.00 232.00 226.00 278.00 38.73
255.00 233.00 225.00 282.00 41.54
248.00 247.00 240.00 285.00 41.17
258.00 248.00 241.00 267.00 38.36
255.00 230.00 230.00 276.00 42.45
258.00 242.00 220.00 279.00 42.08
253.00 225.00 233.00 268.00 42.45
249.00 240.00 229.00 279.00 39.84
252.00 225.00 235.00 275.00 38.73
256.00 231.00 231.00 278.00 36.07
252.00 223.00 223.00 264.00 39.21
259.00 245.00 219.00 256.00 38.78
251.00 231.00 226.00 266.00 36.71
252.00 229.00 234.00 262.00 40.91
247.00 226.00 226.00 256.00 38.14
246.00 226.00 215.00 266.00 42.66
253.00 228.00 218.00 259.00 36.13
254.00 230.00 222.00 263.00 36.13
249.00 240.00 213.00 272.00 42.71
249.00 230.00 221.00 259.00 40.96
248.00 225.00 216.00 263.00 36.50
251.00 243.00 229.00 279.00 37.35
250.00 238.00 215.00 260.00 42.71
249.00 229.00 220.00 253.00 36.23
250.00 243.00 219.00 259.00 42.55
249.00 224.00 219.00 264.00 40.85
226.00 221.00 226.00 260.00 42.77
243.00 225.00 214.00 251.00 37.35
231.00 231.00 218.00 262.00 42.87
247.00 241.00 235.00 281.00 42.87
249.00 249.00 231.00 280.00 42.66
262.00 254.00 238.00 276.00 42.24
261.00 259.00 225.00 282.00 42.45
262.00 229.00 230.00 280.00 42.61
257.00 230.00 223.00 274.00 40.91
255.00 233.00 219.00 269.00 42.82
249.00 226.00 218.00 260.00 37.19
246.00 224.00 225.00 251.00 38.52
243.00 233.00 218.00 262.00 40.59
247.00 234.00 227.00 269.00 38.52
248.00 220.00 220.00 261.00 42.34
247.00 221.00 208.00 261.00 36.02
249.00 214.00 220.00 253.00 41.07
248.00 233.00 205.00 260.00 40.11
246.00 228.00 219.00 255.00 38.94
250.00 224.00 211.00 230.00 36.29
250.00 219.00 206.00 224.00 42.02
243.00 231.00 219.00 244.00 42.82
233.00 228.00 210.00 235.00 36.07
242.00 221.00 226.00 231.00 42.82
242.00 234.00 224.00 253.00 37.56
247.00 237.00 225.00 240.00 37.35
244.00 231.00 218.00 229.00 41.07
241.00 222.00 218.00 253.00 41.44
238.00 241.00 211.00 255.00 38.04
248.00 233.00 222.00 251.00 41.92
245.00 221.00 213.00 258.00 39.79
240.00 226.00 214.00 250.00 42.87
242.00 224.00 204.00 249.00 38.04
239.00 227.00 202.00 240.00 41.23
234.00 224.00 197.00 227.00 37.99
233.00 221.00 191.00 232.00 36.18
238.00 217.00 197.00 217.00 37.45
230.00 201.00 190.00 232.00 36.13
225.00 208.00 193.00 231.00 36.02
227.00 202.00 189.00 235.00 41.54
226.00 214.00 185.00 226.00 37.93
228.00 196.00 198.00 228.00 37.83
234.00 205.00 195.00 221.00 35.59
232.00 209.00 193.00 221.00 41.70
233.00 200.00 197.00 220.00 40.96
232.00 192.00 200.00 217.00 42.87
238.00 203.00 211.00 226.00 42.45
244.00 212.00 202.00 229.00 42.02
238.00 221.00 201.00 219.00 37.40
228.00 205.00 201.00 217.00 40.06
228.00 210.00 200.00 215.00 38.68
216.00 206.00 195.00 202.00 41.86
210.00 194.00 193.00 197.00 42.39
215.00 193.00 208.00 198.00 42.29
226.00 200.00 183.00 195.00 41.28
229.00 196.00 196.00 203.00 41.97
227.00 204.00 201.00 212.00 42.08
223.00 201.00 203.00 218.00 42.18
231.00 209.00 199.00 201.00 35.43
241.00 212.00 214.00 176.00 35.17
236.00 208.00 205.00 169.00 39.95
234.00 198.00 167.00 141.00 34.80
228.00 200.00 183.00 208.00 35.49
221.00 209.00 192.00 210.00 36.02
234.00 220.00 181.00 176.00 42.34
227.00 205.00 182.00 204.00 42.34
226.00 200.00 179.00 206.00 41.76
240.00 208.00 173.00 203.00 36.60
217.00 190.00 174.00 197.00 37.99
202.00 188.00 170.00 188.00 39.15
204.00 179.00 170.00 172.00 41.39
210.00 174.00 171.00 167.00 41.28
202.00 172.00 171.00 172.00 33.84
214.00 172.00 158.00 173.00 41.01
203.00 170.00 163.00 179.00 33.31
220.00 178.00 172.00 186.00 35.43
225.00 175.00 171.00 22.00 36.50
200.00 154.00 144.00 114.00 41.17
175.00 146.00 140.00 164.00 36.66
196.00 151.00 141.00 158.00 37.19
208.00 152.00 147.00 161.00 32.67
200.00 156.00 146.00 157.00 35.75
186.00 159.00 142.00 151.00 37.77
193.00 154.00 140.00 122.00 34.00
190.00 147.00 131.00 137.00 40.43
195.00 145.00 136.00 143.00 32.73
196.00 144.00 137.00 138.00 33.31
161.00 148.00 139.00 145.00 39.74
196.00 147.00 140.00 154.00 32.30
186.00 147.00 140.00 155.00 38.04
174.00 145.00 140.00 148.00 31.45
168.00 144.00 134.00 122.00 40.32
155.00 145.00 131.00 125.00 29.27
153.00 144.00 134.00 144.00 40.00
158.00 145.00 137.00 134.00 38.52
154.00 143.00 137.00 140.00 37.03
153.00 143.00 137.00 132.00 38.99
154.00 140.00 134.00 128.00 28.16
147.00 134.00 95.00 21.00 35.49
52.00 45.00 77.00 54.00 31.66
43.00 31.00 54.00 33.00 38.62
45.00 50.00 46.00 22.00 32.09

