17.00 10.00 29.00 48.00 26.62
27.00 25.00 36.00 46.00 31.93
10.00 4.00 27.00 31.00 32.62
8.00 6.00 24.00 34.00 23.27
5.00 8.00 24.00 34.00 26.03
4.00 7.00 23.00 35.00 23.27
4.00 7.00 22.00 35.00 24.65
4.00 7.00 22.00 35.00 26.24
4.00 7.00 22.00 35.00 24.81
4.00 8.00 22.00 35.00 20.35
4.00 8.00 21.00 36.00 25.18
4.00 8.00 22.00 35.00 24.44
4.00 8.00 21.00 36.00 19.18
4.00 9.00 22.00 36.00 26.93
4.00 9.00 23.00 36.00 25.50
4.00 10.00 22.00 36.00 20.08
4.00 11.00 22.00 36.00 31.24
4.00 11.00 23.00 37.00 30.23
4.00 10.00 22.00 37.00 30.65
4.00 10.00 22.00 37.00 30.65
4.00 10.00 22.00 37.00 28.48
4.00 10.00 22.00 37.00 21.89
4.00 9.00 22.00 36.00 22.37
5.00 10.00 21.00 37.00 20.83
6.00 12.00 24.00 39.00 26.51
11.00 18.00 36.00 62.00 27.78
22.00 25.00 86.00 121.00 18.49
27.00 47.00 135.00 198.00 28.00
42.00 47.00 171.00 227.00 23.32
70.00 52.00 221.00 237.00 29.01
79.00 49.00 231.00 246.00 30.18
99.00 49.00 234.00 240.00 34.48
117.00 67.00 248.00 262.00 28.48
137.00 51.00 240.00 252.00 35.59
146.00 71.00 254.00 230.00 33.58
145.00 56.00 232.00 232.00 38.46
161.00 59.00 245.00 238.00 30.28
174.00 64.00 240.00 224.00 28.00
200.00 65.00 230.00 236.00 29.01
213.00 68.00 242.00 231.00 40.16
217.00 74.00 248.00 255.00 35.70
214.00 75.00 239.00 257.00 31.34
223.00 80.00 245.00 251.00 40.64
232.00 87.00 251.00 259.00 36.76
230.00 88.00 254.00 268.00 30.87
237.00 93.00 252.00 256.00 40.64
233.00 87.00 256.00 248.00 34.21
228.00 87.00 241.00 238.00 39.79
222.00 91.00 234.00 249.00 31.34
223.00 93.00 236.00 252.00 37.56
224.00 99.00 230.00 242.00 41.12
226.00 104.00 230.00 252.00 37.03
226.00 107.00 228.00 248.00 33.04
242.00 111.00 227.00 236.00 35.22
241.00 116.00 226.00 236.00 32.78
244.00 112.00 225.00 232.00 41.39
230.00 112.00 224.00 226.00 41.07
221.00 113.00 221.00 226.00 41.28
222.00 116.00 219.00 222.00 33.84
210.00 120.00 218.00 223.00 40.06
218.00 122.00 219.00 223.00 40.27
224.00 126.00 216.00 223.00 35.91
227.00 133.00 217.00 236.00 33.95
225.00 134.00 224.00 247.00 41.39
219.00 137.00 214.00 242.00 36.50
213.00 137.00 221.00 242.00 39.95
216.00 132.00 216.00 237.00 35.59
211.00 134.00 215.00 236.00 41.39
213.00 139.00 208.00 233.00 38.30
198.00 141.00 197.00 234.00 35.81
210.00 145.00 205.00 239.00 33.84
215.00 147.00 220.00 229.00 37.29
213.00 150.00 219.00 241.00 33.79
216.00 150.00 210.00 243.00 41.76
220.00 150.00 219.00 243.00 40.80
226.00 154.00 217.00 245.00 42.13
216.00 152.00 216.00 237.00 38.36
217.00 149.00 213.00 228.00 42.13
205.00 145.00 201.00 224.00 38.14
203.00 146.00 193.00 227.00 42.02
192.00 145.00 204.00 222.00 33.95
202.00 146.00 214.00 233.00 35.75
201.00 153.00 216.00 231.00 34.96
213.00 156.00 217.00 240.00 34.37
216.00 153.00 217.00 242.00 37.14
226.00 158.00 214.00 245.00 42.18
220.00 156.00 206.00 234.00 42.02
226.00 150.00 204.00 235.00 41.33
228.00 152.00 210.00 232.00 39.69
224.00 153.00 211.00 226.00 35.75
212.00 156.00 204.00 226.00 41.07
212.00 157.00 196.00 237.00 36.76
220.00 162.00 211.00 239.00 39.84
215.00 177.00 216.00 245.00 38.52
226.00 172.00 211.00 255.00 39.47
232.00 186.00 218.00 228.00 40.96
237.00 179.00 203.00 236.00 39.42
231.00 168.00 207.00 233.00 34.32
222.00 171.00 215.00 232.00 36.87
219.00 170.00 197.00 236.00 36.34
218.00 175.00 206.00 230.00 42.08
225.00 169.00 200.00 239.00 40.06
221.00 177.00 195.00 237.00 41.97
223.00 176.00 217.00 246.00 39.63
223.00 179.00 222.00 246.00 35.65
228.00 177.00 217.00 236.00 36.82
226.00 181.00 224.00 241.00 37.77
228.00 186.00 215.00 232.00 41.23
222.00 181.00 216.00 229.00 41.23
220.00 178.00 203.00 228.00 42.29
218.00 178.00 206.00 234.00 41.01
219.00 176.00 205.00 224.00 42.24
225.00 179.00 214.00 231.00 41.49
222.00 181.00 205.00 233.00 39.95
222.00 181.00 214.00 234.00 39.69
228.00 188.00 198.00 223.00 40.27
228.00 187.00 214.00 249.00 34.58
240.00 189.00 219.00 250.00 37.14
239.00 192.00 222.00 250.00 42.24
229.00 188.00 217.00 249.00 34.85
222.00 192.00 212.00 243.00 35.33
218.00 187.00 211.00 235.00 38.73
210.00 191.00 200.00 228.00 41.28
217.00 178.00 202.00 213.00 37.14
224.00 186.00 202.00 218.00 40.54
212.00 186.00 205.00 233.00 40.32
221.00 190.00 213.00 236.00 42.18
227.00 191.00 220.00 249.00 34.69
231.00 191.00 212.00 249.00 38.89
239.00 189.00 221.00 254.00 37.35
235.00 187.00 220.00 244.00 42.34
224.00 181.00 210.00 240.00 34.69
227.00 174.00 196.00 231.00 39.15
212.00 177.00 192.00 219.00 39.26
220.00 185.00 207.00 238.00 41.76
225.00 179.00 210.00 241.00 41.54
224.00 187.00 205.00 235.00 41.17
229.00 189.00 216.00 238.00 41.49
233.00 189.00 218.00 239.00 37.83
236.00 188.00 219.00 239.00 39.47
224.00 179.00 221.00 235.00 41.97
225.00 185.00 215.00 239.00 38.30
219.00 175.00 212.00 226.00 41.01
203.00 183.00 218.00 236.00 40.38
220.00 183.00 214.00 242.00 38.14
226.00 183.00 224.00 235.00 39.05
220.00 184.00 226.00 249.00 42.18
225.00 187.00 222.00 246.00 34.96
227.00 181.00 220.00 245.00 40.32
218.00 179.00 207.00 249.00 35.97
232.00 183.00 213.00 236.00 39.31
209.00 180.00 217.00 229.00 34.53
217.00 181.00 212.00 229.00 39.90
212.00 181.00 220.00 237.00 35.65
224.00 181.00 221.00 242.00 36.23
225.00 184.00 222.00 243.00 37.35
234.00 191.00 225.00 246.00 34.58
218.00 181.00 216.00 236.00 35.01
222.00 178.00 208.00 225.00 41.12
213.00 168.00 208.00 229.00 35.06
217.00 175.00 213.00 231.00 34.85
221.00 177.00 209.00 232.00 35.12
226.00 182.00 222.00 238.00 39.58
223.00 182.00 219.00 234.00 37.45
227.00 191.00 225.00 242.00 38.52
230.00 186.00 232.00 240.00 41.97
243.00 193.00 219.00 241.00 35.54
240.00 184.00 218.00 233.00 34.64
239.00 178.00 222.00 231.00 41.76
219.00 177.00 213.00 232.00 35.86
223.00 172.00 212.00 232.00 41.97
222.00 174.00 209.00 241.00 39.58
205.00 178.00 209.00 239.00 38.52
222.00 179.00 216.00 250.00 34.85
221.00 195.00 216.00 250.00 36.87
238.00 190.00 219.00 248.00 35.91
228.00 199.00 225.00 248.00 36.13
229.00 189.00 228.00 248.00 40.96
230.00 185.00 225.00 247.00 34.69
225.00 179.00 226.00 244.00 42.55
225.00 173.00 217.00 234.00 36.07
223.00 170.00 216.00 227.00 42.18
213.00 170.00 219.00 227.00 34.48
218.00 171.00 220.00 230.00 34.90
209.00 171.00 217.00 224.00 37.24
217.00 173.00 215.00 231.00 34.48
222.00 172.00 225.00 231.00 41.54
216.00 182.00 218.00 240.00 41.65
220.00 178.00 230.00 233.00 42.24
226.00 179.00 227.00 239.00 34.27
219.00 181.00 220.00 240.00 42.18
228.00 182.00 219.00 240.00 41.33
223.00 186.00 225.00 249.00 35.17
230.00 188.00 229.00 255.00 37.19
226.00 185.00 231.00 247.00 36.55
233.00 187.00 236.00 243.00 41.81
226.00 181.00 232.00 248.00 40.59
233.00 181.00 222.00 238.00 41.28
237.00 181.00 235.00 245.00 41.86
231.00 176.00 219.00 245.00 36.66
237.00 180.00 220.00 238.00 34.37
229.00 177.00 227.00 242.00 35.01
208.00 177.00 222.00 240.00 42.18
221.00 173.00 235.00 232.00 41.70
222.00 177.00 230.00 234.00 34.43
214.00 176.00 229.00 230.00 37.83
206.00 176.00 229.00 235.00 41.65
208.00 178.00 227.00 234.00 41.12
226.00 182.00 229.00 235.00 41.28
223.00 187.00 215.00 236.00 42.08
218.00 185.00 225.00 237.00 34.37
222.00 177.00 218.00 238.00 38.94
208.00 181.00 220.00 230.00 36.60
218.00 178.00 212.00 238.00 39.05
222.00 178.00 212.00 229.00 41.07
220.00 174.00 203.00 229.00 34.48
224.00 168.00 202.00 224.00 41.60
221.00 176.00 201.00 229.00 37.93
212.00 170.00 197.00 226.00 35.97
203.00 171.00 195.00 226.00 41.54
213.00 174.00 201.00 231.00 37.99
226.00 170.00 208.00 237.00 40.96
225.00 172.00 213.00 236.00 41.28
223.00 173.00 209.00 230.00 41.70
217.00 171.00 199.00 224.00 34.16
224.00 174.00 191.00 218.00 35.81
223.00 179.00 187.00 217.00 41.76
219.00 173.00 190.00 229.00 40.27
227.00 174.00 196.00 227.00 35.12
222.00 182.00 201.00 231.00 40.91
212.00 191.00 207.00 234.00 41.76
227.00 196.00 212.00 234.00 41.44
223.00 195.00 209.00 233.00 40.69
222.00 197.00 204.00 225.00 36.07
210.00 182.00 197.00 224.00 40.64
204.00 181.00 199.00 224.00 35.81
217.00 175.00 194.00 227.00 38.52
227.00 175.00 195.00 224.00 40.27
221.00 186.00 197.00 235.00 33.95
225.00 182.00 204.00 228.00 34.43
229.00 181.00 197.00 233.00 35.70
225.00 169.00 196.00 220.00 34.21
213.00 164.00 192.00 229.00 41.54
220.00 167.00 192.00 223.00 33.73
211.00 175.00 192.00 228.00 37.45
224.00 173.00 191.00 215.00 32.51
210.00 171.00 190.00 220.00 40.38
209.00 171.00 189.00 216.00 34.05
225.00 171.00 189.00 218.00 41.44
215.00 172.00 187.00 207.00 32.83
211.00 165.00 179.00 201.00 38.20
213.00 158.00 174.00 199.00 31.18
203.00 158.00 173.00 193.00 34.74
209.00 155.00 176.00 192.00 37.24
215.00 154.00 180.00 192.00 32.09
205.00 156.00 179.00 195.00 35.28
205.00 160.00 183.00 210.00 30.87
218.00 160.00 182.00 208.00 30.39
219.00 162.00 185.00 205.00 39.79
220.00 162.00 182.00 200.00 39.84
215.00 159.00 179.00 196.00 28.21
217.00 156.00 178.00 204.00 35.91
219.00 155.00 174.00 207.00 38.89
219.00 153.00 174.00 205.00 37.29
201.00 153.00 174.00 211.00 27.31
213.00 154.00 173.00 206.00 36.87
204.00 155.00 172.00 200.00 26.88
213.00 154.00 171.00 197.00 38.52
199.00 154.00 171.00 198.00 35.01
219.00 165.00 170.00 213.00 26.78
228.00 170.00 170.00 210.00 34.48
206.00 169.00 171.00 217.00 38.30
205.00 165.00 172.00 214.00 33.26
226.00 164.00 171.00 206.00 28.26
220.00 162.00 172.00 201.00 33.73
214.00 164.00 172.00 200.00 29.43
231.00 163.00 170.00 200.00 36.02
209.00 164.00 171.00 195.00 29.33
216.00 164.00 170.00 194.00 28.16
213.00 163.00 169.00 193.00 31.93
206.00 162.00 169.00 207.00 26.03
218.00 162.00 169.00 205.00 29.75
215.00 159.00 168.00 196.00 27.47
208.00 153.00 163.00 186.00 26.08
207.00 149.00 164.00 180.00 29.80
217.00 147.00 165.00 182.00 30.49
191.00 153.00 166.00 194.00 31.34
198.00 153.00 164.00 193.00 24.81
203.00 153.00 164.00 197.00 35.65
202.00 153.00 163.00 191.00 33.84
205.00 154.00 165.00 186.00 35.86
209.00 157.00 166.00 183.00 36.18
203.00 156.00 167.00 187.00 33.26
206.00 156.00 170.00 189.00 29.22
172.00 164.00 170.00 204.00 35.75
210.00 166.00 170.00 195.00 28.42
212.00 162.00 168.00 190.00 33.20
173.00 170.00 162.00 200.00 26.40
224.00 167.00 161.00 186.00 26.62
203.00 167.00 161.00 176.00 35.81
218.00 163.00 162.00 180.00 26.19
207.00 165.00 163.00 189.00 33.52
208.00 166.00 160.00 193.00 26.62
206.00 164.00 165.00 187.00 31.82
215.00 166.00 167.00 183.00 34.64
207.00 168.00 171.00 181.00 31.56
209.00 169.00 172.00 180.00 26.35
206.00 168.00 172.00 183.00 23.22
221.00 168.00 173.00 198.00 35.59
213.00 159.00 170.00 195.00 35.43
209.00 153.00 166.00 194.00 22.79
207.00 149.00 161.00 192.00 35.12
207.00 148.00 158.00 194.00 33.26
206.00 149.00 158.00 196.00 35.33
218.00 152.00 160.00 194.00 35.28
208.00 151.00 162.00 197.00 27.63
211.00 154.00 164.00 198.00 33.47
222.00 154.00 163.00 193.00 24.33
217.00 151.00 162.00 187.00 26.88
214.00 150.00 154.00 182.00 25.34
213.00 142.00 155.00 176.00 26.51
217.00 142.00 155.00 177.00 22.47
179.00 150.00 154.00 187.00 32.46
222.00 149.00 154.00 188.00 22.37
215.00 151.00 153.00 198.00 26.56
214.00 153.00 154.00 204.00 29.22
192.00 161.00 157.00 199.00 31.88
201.00 152.00 156.00 197.00 25.18
199.00 152.00 154.00 191.00 33.73
195.00 152.00 150.00 189.00 22.68
191.00 148.00 146.00 185.00 34.16
183.00 146.00 140.00 178.00 26.08
179.00 143.00 137.00 176.00 23.85
176.00 142.00 135.00 170.00 34.48
174.00 140.00 133.00 168.00 26.30
171.00 139.00 131.00 166.00 32.30
169.00 138.00 131.00 164.00 22.31
170.00 140.00 133.00 165.00 27.20
170.00 139.00 135.00 166.00 25.13
172.00 139.00 136.00 166.00 31.82
168.00 136.00 135.00 165.00 25.02
169.00 135.00 134.00 162.00 30.55
166.00 134.00 134.00 157.00 34.43
160.00 127.00 128.00 154.00 21.78
162.00 62.00 44.00 83.00 33.52
72.00 37.00 35.00 61.00 26.51
75.00 35.00 46.00 36.00 33.84

