26.00 35.00 21.00 26.00 20.35
28.00 48.00 32.00 33.00 30.44
46.00 73.00 47.00 50.00 22.15
75.00 122.00 79.00 79.00 19.55
98.00 197.00 141.00 98.00 27.57
151.00 226.00 203.00 122.00 24.07
180.00 242.00 239.00 141.00 26.83
221.00 226.00 236.00 174.00 27.15
234.00 233.00 250.00 221.00 35.22
231.00 263.00 243.00 230.00 23.80
216.00 250.00 248.00 250.00 37.08
219.00 240.00 227.00 229.00 25.08
213.00 252.00 246.00 241.00 36.07
208.00 249.00 260.00 243.00 29.33
215.00 261.00 262.00 241.00 26.99
227.00 254.00 271.00 255.00 30.07
236.00 271.00 277.00 247.00 39.47
223.00 248.00 275.00 267.00 38.20
244.00 278.00 280.00 267.00 29.27
248.00 279.00 273.00 269.00 38.84
240.00 279.00 269.00 259.00 35.01
239.00 269.00 264.00 251.00 29.38
222.00 242.00 270.00 240.00 29.54
227.00 220.00 259.00 242.00 39.37
232.00 247.00 261.00 252.00 33.68
250.00 263.00 276.00 257.00 31.77
243.00 247.00 273.00 258.00 39.63
250.00 262.00 252.00 255.00 40.48
239.00 263.00 257.00 257.00 39.26
255.00 249.00 268.00 267.00 38.46
272.00 251.00 261.00 272.00 36.29
261.00 268.00 259.00 277.00 37.99
273.00 266.00 266.00 266.00 37.61
267.00 272.00 257.00 272.00 39.31
266.00 260.00 242.00 258.00 37.88
270.00 255.00 244.00 247.00 37.24
267.00 252.00 251.00 266.00 37.29
266.00 248.00 234.00 242.00 39.95
261.00 256.00 228.00 257.00 41.33
262.00 254.00 230.00 261.00 32.25
253.00 246.00 236.00 248.00 33.73
240.00 254.00 232.00 259.00 32.35
249.00 245.00 237.00 260.00 32.73
275.00 260.00 235.00 264.00 35.22
275.00 255.00 230.00 272.00 41.44
273.00 243.00 234.00 277.00 37.19
274.00 252.00 242.00 277.00 33.04
261.00 253.00 246.00 263.00 38.89
270.00 258.00 249.00 257.00 33.68
286.00 255.00 244.00 268.00 40.48
269.00 254.00 236.00 267.00 35.49
270.00 262.00 249.00 268.00 40.75
271.00 245.00 234.00 268.00 35.81
245.00 226.00 222.00 261.00 40.38
262.00 225.00 233.00 258.00 39.69
254.00 232.00 229.00 256.00 39.37
264.00 242.00 243.00 243.00 41.92
254.00 248.00 247.00 258.00 38.30
263.00 249.00 252.00 264.00 41.01
260.00 246.00 244.00 274.00 41.65
271.00 242.00 259.00 270.00 37.51
259.00 257.00 246.00 275.00 40.43
257.00 251.00 239.00 274.00 40.91
266.00 242.00 245.00 264.00 33.89
245.00 247.00 239.00 256.00 40.38
246.00 250.00 242.00 264.00 33.95
252.00 251.00 251.00 264.00 42.18
240.00 239.00 254.00 251.00 35.43
237.00 252.00 257.00 266.00 42.08
268.00 249.00 259.00 271.00 40.69
275.00 264.00 252.00 264.00 35.22
271.00 259.00 240.00 266.00 42.18
262.00 258.00 252.00 271.00 40.75
263.00 248.00 251.00 266.00 41.86
258.00 245.00 238.00 255.00 41.60
241.00 252.00 231.00 261.00 42.18
235.00 260.00 237.00 267.00 35.86
256.00 243.00 224.00 262.00 41.65
257.00 245.00 240.00 251.00 39.10
254.00 255.00 243.00 270.00 40.38
252.00 255.00 247.00 282.00 34.37
259.00 256.00 249.00 266.00 41.81
263.00 256.00 259.00 246.00 42.08
255.00 258.00 251.00 243.00 35.54
234.00 255.00 234.00 239.00 41.92
244.00 244.00 238.00 255.00 37.19
266.00 237.00 241.00 258.00 35.86
250.00 243.00 252.00 255.00 42.29
264.00 241.00 250.00 260.00 42.29
248.00 240.00 259.00 261.00 34.90
256.00 246.00 267.00 268.00 41.28
238.00 257.00 269.00 267.00 37.56
267.00 253.00 257.00 256.00 36.44
249.00 255.00 251.00 255.00 38.09
244.00 241.00 257.00 255.00 42.13
247.00 249.00 239.00 263.00 39.05
253.00 237.00 243.00 257.00 37.56
242.00 239.00 249.00 258.00 41.92
246.00 245.00 246.00 263.00 41.07
258.00 247.00 256.00 252.00 42.18
256.00 254.00 251.00 271.00 34.64
263.00 244.00 252.00 263.00 36.82
263.00 258.00 253.00 273.00 37.72
253.00 245.00 244.00 270.00 38.68
249.00 248.00 254.00 268.00 41.97
244.00 239.00 220.00 269.00 37.67
232.00 248.00 245.00 253.00 35.12
236.00 242.00 238.00 251.00 36.44
251.00 236.00 240.00 264.00 41.60
244.00 240.00 231.00 259.00 42.39
236.00 231.00 238.00 258.00 40.38
232.00 237.00 249.00 244.00 39.42
245.00 233.00 238.00 252.00 42.34
237.00 230.00 239.00 255.00 39.10
245.00 235.00 240.00 256.00 42.29
247.00 248.00 244.00 254.00 41.23
238.00 251.00 248.00 258.00 36.92
250.00 259.00 267.00 280.00 42.02
255.00 257.00 240.00 272.00 41.44
262.00 234.00 255.00 261.00 42.24
229.00 249.00 256.00 242.00 37.67
246.00 246.00 256.00 237.00 37.88
226.00 240.00 235.00 249.00 41.28
247.00 234.00 236.00 253.00 41.01
245.00 242.00 246.00 255.00 42.34
225.00 238.00 238.00 245.00 39.37
231.00 230.00 247.00 242.00 41.81
230.00 231.00 254.00 246.00 40.22
260.00 237.00 241.00 248.00 41.76
245.00 237.00 239.00 249.00 40.48
243.00 239.00 231.00 237.00 36.50
245.00 233.00 233.00 249.00 42.18
261.00 219.00 242.00 235.00 39.74
246.00 235.00 244.00 227.00 40.27
240.00 211.00 243.00 253.00 42.24
254.00 223.00 250.00 251.00 40.38
257.00 237.00 233.00 230.00 42.24
235.00 199.00 251.00 232.00 40.11
216.00 205.00 220.00 223.00 36.13
220.00 204.00 218.00 215.00 42.34
244.00 187.00 212.00 228.00 41.65
212.00 183.00 218.00 237.00 37.77
248.00 192.00 242.00 253.00 34.90
210.00 185.00 215.00 244.00 41.60
236.00 199.00 231.00 241.00 37.83
240.00 194.00 225.00 237.00 35.28
241.00 191.00 239.00 249.00 36.23
234.00 186.00 226.00 218.00 36.02
212.00 173.00 215.00 212.00 41.07
216.00 179.00 216.00 214.00 42.08
217.00 191.00 223.00 234.00 41.01
225.00 179.00 215.00 212.00 38.99
223.00 175.00 222.00 214.00 41.54
212.00 171.00 214.00 199.00 38.36
220.00 168.00 204.00 222.00 39.74
201.00 168.00 213.00 209.00 39.95
218.00 181.00 222.00 221.00 34.85
218.00 185.00 219.00 233.00 40.16
216.00 181.00 211.00 218.00 34.90
208.00 171.00 202.00 214.00 37.77
204.00 168.00 192.00 209.00 38.20
195.00 180.00 214.00 207.00 37.35
215.00 178.00 224.00 225.00 36.07
223.00 176.00 237.00 223.00 36.71
213.00 182.00 232.00 240.00 40.38
233.00 175.00 209.00 215.00 36.39
208.00 166.00 206.00 214.00 40.59
190.00 159.00 221.00 242.00 38.78
217.00 169.00 237.00 229.00 40.64
213.00 168.00 236.00 226.00 42.24
216.00 158.00 219.00 212.00 41.70
190.00 150.00 207.00 207.00 42.29
179.00 150.00 198.00 208.00 34.85
173.00 146.00 200.00 201.00 40.54
169.00 145.00 206.00 194.00 34.48
166.00 146.00 200.00 203.00 40.64
164.00 143.00 219.00 190.00 42.08
163.00 141.00 219.00 186.00 35.12
162.00 143.00 215.00 181.00 41.97
163.00 139.00 210.00 181.00 33.58
164.00 137.00 202.00 179.00 37.56
164.00 143.00 215.00 183.00 41.65
171.00 137.00 215.00 187.00 40.27
172.00 141.00 200.00 182.00 36.34
176.00 140.00 187.00 183.00 38.41
172.00 134.00 183.00 181.00 39.37
176.00 134.00 186.00 183.00 34.21
168.00 136.00 188.00 184.00 31.45
168.00 131.00 189.00 178.00 40.43
168.00 130.00 189.00 177.00 34.27
163.00 129.00 192.00 177.00 29.27
169.00 131.00 189.00 176.00 39.47
164.00 128.00 190.00 175.00 28.90
162.00 127.00 187.00 177.00 38.09
165.00 127.00 190.00 179.00 38.68
163.00 127.00 192.00 177.00 38.14
164.00 128.00 193.00 176.00 39.05
161.00 124.00 187.00 156.00 38.84
65.00 34.00 65.00 15.00 31.18
66.00 47.00 57.00 17.00 38.78
50.00 17.00 44.00 31.00 27.25

