6.00 17.00 12.00 44.00 54.35
17.00 23.00 24.00 54.00 54.35
52.00 35.00 42.00 78.00 54.35
144.00 44.00 38.00 81.00 54.35
165.00 39.00 27.00 81.00 54.35
158.00 18.00 38.00 79.00 54.35
167.00 21.00 34.00 79.00 54.35
175.00 24.00 40.00 79.00 54.35
186.00 25.00 38.00 81.00 54.35
197.00 34.00 42.00 81.00 54.35
207.00 53.00 42.00 83.00 54.35
214.00 74.00 43.00 86.00 54.35
216.00 94.00 48.00 90.00 54.35
216.00 114.00 46.00 94.00 54.35
220.00 135.00 49.00 101.00 54.35
218.00 154.00 47.00 103.00 54.35
221.00 175.00 47.00 106.00 54.35
215.00 197.00 48.00 110.00 54.35
210.00 203.00 47.00 112.00 54.35
214.00 202.00 47.00 116.00 54.35
211.00 201.00 48.00 123.00 54.35
214.00 205.00 57.00 154.00 54.35
217.00 209.00 72.00 200.00 54.35
221.00 201.00 130.00 211.00 54.35
226.00 211.00 193.00 211.00 54.35
227.00 220.00 240.00 230.00 54.35
244.00 240.00 288.00 235.00 54.35
245.00 235.00 286.00 230.00 54.35
251.00 226.00 281.00 224.00 54.35
247.00 247.00 283.00 238.00 54.35
251.00 251.00 289.00 231.00 54.35
252.00 249.00 293.00 240.00 54.35
266.00 242.00 293.00 244.00 54.35
268.00 263.00 304.00 247.00 54.35
266.00 257.00 307.00 247.00 54.35
273.00 252.00 303.00 237.00 54.35
267.00 259.00 300.00 248.00 54.35
267.00 266.00 311.00 255.00 54.35
280.00 261.00 304.00 252.00 54.35
279.00 262.00 312.00 251.00 54.35
274.00 258.00 291.00 231.00 54.35
254.00 248.00 297.00 230.00 54.35
244.00 252.00 290.00 236.00 54.35
274.00 259.00 297.00 251.00 54.35
259.00 248.00 299.00 250.00 54.35
250.00 227.00 303.00 171.00 54.35
239.00 251.00 302.00 254.00 54.35
266.00 241.00 296.00 227.00 54.35
249.00 255.00 296.00 233.00 54.35
252.00 256.00 303.00 231.00 54.35
249.00 257.00 298.00 235.00 54.35
259.00 252.00 287.00 215.00 54.35
251.00 255.00 271.00 221.00 54.35
252.00 247.00 260.00 214.00 54.35
255.00 253.00 224.00 238.00 54.35
252.00 247.00 262.00 230.00 54.35
274.00 255.00 260.00 253.00 54.35
252.00 255.00 281.00 227.00 54.35
264.00 252.00 266.00 226.00 54.35
258.00 230.00 260.00 229.00 54.35
256.00 244.00 243.00 232.00 54.35
265.00 240.00 254.00 230.00 54.35
268.00 232.00 265.00 218.00 54.35
265.00 247.00 256.00 229.00 54.35
271.00 254.00 260.00 214.00 54.35
268.00 243.00 248.00 226.00 54.35
267.00 239.00 237.00 226.00 54.35
260.00 245.00 233.00 224.00 54.35
238.00 250.00 238.00 213.00 54.35
235.00 236.00 230.00 210.00 54.35
242.00 233.00 231.00 210.00 54.35
253.00 220.00 236.00 204.00 54.35
238.00 225.00 227.00 230.00 54.35
226.00 231.00 240.00 211.00 54.35
242.00 244.00 255.00 222.00 54.35
251.00 232.00 258.00 234.00 54.35
254.00 238.00 243.00 229.00 54.35
244.00 232.00 256.00 219.00 54.35
250.00 239.00 273.00 223.00 54.35
256.00 242.00 263.00 225.00 54.35
238.00 230.00 249.00 218.00 54.35
261.00 232.00 250.00 212.00 54.35
253.00 221.00 252.00 211.00 54.35
240.00 221.00 240.00 220.00 54.35
225.00 222.00 235.00 211.00 54.35
223.00 219.00 209.00 218.00 54.35
243.00 207.00 233.00 221.00 54.35
243.00 213.00 246.00 220.00 54.35
232.00 216.00 228.00 227.00 54.35
259.00 209.00 231.00 206.00 54.35
238.00 210.00 268.00 209.00 54.35
240.00 227.00 256.00 219.00 54.35
244.00 254.00 240.00 224.00 54.35
259.00 245.00 255.00 226.00 54.35
268.00 244.00 258.00 229.00 54.35
211.00 249.00 259.00 221.00 54.35
255.00 246.00 262.00 226.00 54.35
262.00 254.00 264.00 225.00 54.35
257.00 244.00 256.00 233.00 54.35
251.00 245.00 258.00 238.00 54.35
240.00 242.00 241.00 236.00 54.35
250.00 231.00 252.00 220.00 54.35
248.00 226.00 263.00 231.00 54.35
247.00 223.00 255.00 225.00 54.35
257.00 208.00 249.00 213.00 54.35
250.00 235.00 270.00 219.00 54.35
249.00 220.00 261.00 219.00 54.35
262.00 226.00 236.00 213.00 54.35
247.00 235.00 246.00 227.00 54.35
247.00 217.00 248.00 212.00 54.35
249.00 254.00 247.00 219.00 54.35
251.00 236.00 240.00 222.00 54.35
269.00 242.00 266.00 228.00 54.35
256.00 243.00 239.00 232.00 54.35
250.00 245.00 242.00 250.00 54.35
262.00 248.00 265.00 211.00 54.35
253.00 242.00 255.00 214.00 54.35
270.00 247.00 257.00 229.00 54.35
250.00 237.00 264.00 215.00 54.35
259.00 237.00 246.00 226.00 54.35
274.00 242.00 241.00 229.00 54.35
245.00 238.00 245.00 234.00 54.35
268.00 233.00 239.00 218.00 54.35
245.00 234.00 238.00 223.00 54.35
245.00 227.00 225.00 225.00 54.35
254.00 236.00 242.00 212.00 54.35
242.00 238.00 245.00 214.00 54.35
281.00 238.00 254.00 220.00 54.35
254.00 228.00 280.00 220.00 54.35
254.00 226.00 250.00 212.00 54.35
259.00 233.00 240.00 219.00 54.35
251.00 215.00 228.00 206.00 54.35
229.00 221.00 226.00 222.00 54.35
238.00 214.00 266.00 218.00 54.35
255.00 230.00 249.00 220.00 54.35
246.00 230.00 240.00 225.00 54.35
246.00 225.00 232.00 199.00 54.35
244.00 232.00 231.00 204.00 54.35
224.00 207.00 239.00 209.00 54.35
241.00 229.00 248.00 219.00 54.35
244.00 218.00 247.00 219.00 54.35
239.00 213.00 243.00 213.00 54.35
236.00 210.00 238.00 207.00 54.35
249.00 209.00 236.00 211.00 54.35
235.00 214.00 234.00 208.00 54.35
237.00 196.00 250.00 208.00 54.35
245.00 222.00 245.00 223.00 54.35
247.00 216.00 254.00 224.00 54.35
254.00 220.00 238.00 214.00 54.35
239.00 232.00 239.00 212.00 54.35
247.00 233.00 231.00 206.00 54.35
230.00 240.00 230.00 207.00 54.35
239.00 245.00 248.00 221.00 54.35
246.00 220.00 244.00 229.00 54.35
246.00 235.00 256.00 221.00 54.35
247.00 227.00 250.00 222.00 54.35
240.00 232.00 238.00 216.00 54.35
254.00 233.00 223.00 188.00 54.35
212.00 209.00 211.00 212.00 54.35
178.00 200.00 162.00 199.00 54.35
149.00 207.00 155.00 212.00 54.35
118.00 219.00 211.00 220.00 54.35
90.00 233.00 226.00 211.00 54.35
79.00 221.00 209.00 208.00 54.35
75.00 215.00 219.00 217.00 54.35
76.00 208.00 208.00 202.00 54.35
81.00 219.00 202.00 205.00 54.35
74.00 212.00 205.00 205.00 54.35
69.00 210.00 222.00 210.00 54.35
60.00 221.00 211.00 223.00 54.35
74.00 222.00 225.00 218.00 54.35
73.00 216.00 221.00 213.00 54.35
80.00 212.00 198.00 206.00 54.35
81.00 207.00 205.00 212.00 54.35
97.00 217.00 235.00 230.00 54.35
93.00 217.00 229.00 215.00 54.35
93.00 214.00 222.00 213.00 54.35
78.00 208.00 215.00 196.00 54.35
71.00 199.00 220.00 202.00 54.35
63.00 202.00 220.00 213.00 54.35
71.00 214.00 226.00 219.00 54.35
68.00 218.00 209.00 202.00 54.35
69.00 165.00 177.00 196.00 54.35
71.00 167.00 192.00 187.00 54.35
74.00 177.00 209.00 175.00 54.35
64.00 154.00 56.00 33.00 54.35
20.00 27.00 40.00 4.00 54.35
5.00 21.00 15.00 0.00 54.35
1.00 9.00 11.00 0.00 54.35
0.00 3.00 6.00 0.00 54.35
0.00 1.00 3.00 0.00 54.35
0.00 0.00 1.00 0.00 54.35
0.00 0.00 2.00 0.00 54.35
0.00 0.00 0.00 0.00 54.35
0.00 0.00 0.00 0.00 54.35
0.00 0.00 0.00 0.00 54.35
17.00 12.00 11.00 57.00 54.35
36.00 30.00 38.00 104.00 54.35
30.00 25.00 22.00 98.00 54.35
23.00 29.00 53.00 120.00 54.35
75.00 37.00 52.00 137.00 54.35
100.00 54.00 103.00 157.00 54.35
88.00 29.00 103.00 180.00 54.35
84.00 25.00 104.00 179.00 54.35
84.00 26.00 98.00 173.00 54.35
83.00 29.00 97.00 165.00 54.35
84.00 32.00 100.00 172.00 54.35
85.00 29.00 101.00 165.00 54.35
86.00 30.00 106.00 168.00 54.35
86.00 31.00 112.00 166.00 54.35
84.00 31.00 113.00 160.00 54.35
88.00 32.00 116.00 159.00 54.35
86.00 30.00 113.00 159.00 54.35
84.00 30.00 119.00 165.00 54.35
86.00 32.00 124.00 185.00 54.35
87.00 42.00 165.00 179.00 54.35
94.00 64.00 184.00 165.00 54.35
99.00 103.00 223.00 187.00 54.35
153.00 184.00 228.00 206.00 54.35
135.00 191.00 211.00 203.00 54.35
81.00 211.00 201.00 193.00 54.35
47.00 208.00 205.00 186.00 54.35
45.00 198.00 206.00 178.00 54.35
41.00 197.00 203.00 183.00 54.35
48.00 203.00 211.00 184.00 54.35
53.00 202.00 211.00 151.00 54.35
56.00 202.00 200.00 182.00 54.35
57.00 200.00 202.00 186.00 54.35
56.00 202.00 204.00 185.00 54.35
54.00 199.00 199.00 185.00 54.35
53.00 198.00 195.00 178.00 54.35
51.00 192.00 193.00 179.00 54.35
47.00 193.00 186.00 185.00 54.35
52.00 193.00 197.00 174.00 54.35
48.00 196.00 190.00 179.00 54.35
58.00 193.00 196.00 174.00 54.35
51.00 192.00 196.00 181.00 54.35
61.00 193.00 195.00 169.00 54.35
48.00 190.00 191.00 179.00 54.35
53.00 189.00 197.00 173.00 54.35
46.00 187.00 199.00 175.00 54.35
45.00 187.00 202.00 155.00 54.35
45.00 185.00 203.00 153.00 54.35
48.00 186.00 210.00 147.00 54.35
51.00 188.00 205.00 153.00 54.35
49.00 187.00 196.00 153.00 54.35
49.00 193.00 192.00 137.00 54.35
45.00 187.00 203.00 138.00 54.35
48.00 191.00 188.00 138.00 54.35
49.00 191.00 182.00 130.00 54.35
50.00 192.00 183.00 131.00 54.35
50.00 190.00 192.00 135.00 54.35
39.00 192.00 196.00 136.00 54.35
43.00 192.00 189.00 136.00 54.35
44.00 189.00 183.00 130.00 54.35
45.00 188.00 187.00 129.00 54.35
48.00 185.00 176.00 125.00 54.35
46.00 185.00 160.00 119.00 54.35
45.00 184.00 144.00 110.00 54.35
43.00 175.00 137.00 105.00 54.35
37.00 172.00 125.00 107.00 54.35
40.00 176.00 119.00 107.00 54.35
37.00 177.00 116.00 107.00 54.35
38.00 168.00 108.00 105.00 54.35
33.00 176.00 107.00 105.00 54.35
36.00 179.00 100.00 103.00 54.35
35.00 174.00 102.00 105.00 54.35
37.00 172.00 95.00 101.00 54.35
28.00 166.00 93.00 102.00 54.35
29.00 163.00 92.00 102.00 54.35
26.00 167.00 94.00 102.00 54.35
33.00 167.00 91.00 106.00 54.35
32.00 166.00 90.00 102.00 54.35
29.00 165.00 91.00 102.00 54.35
29.00 175.00 89.00 113.00 54.35
27.00 169.00 88.00 108.00 54.35
32.00 169.00 88.00 104.00 54.35
27.00 172.00 94.00 107.00 54.35
30.00 175.00 90.00 109.00 54.35
27.00 165.00 94.00 108.00 54.35
29.00 172.00 89.00 105.00 54.35
28.00 170.00 87.00 101.00 54.35
25.00 148.00 85.00 104.00 54.35
28.00 82.00 86.00 99.00 54.35
26.00 35.00 84.00 96.00 54.35
26.00 26.00 88.00 88.00 54.35
16.00 22.00 105.00 70.00 54.35
23.00 21.00 96.00 45.00 54.35
17.00 15.00 71.00 42.00 54.35
13.00 19.00 57.00 57.00 54.35
10.00 27.00 61.00 43.00 54.35
9.00 12.00 22.00 10.00 54.35
3.00 3.00 19.00 11.00 54.35
2.00 9.00 11.00 10.00 54.35
3.00 3.00 15.00 3.00 54.35
4.00 2.00 15.00 0.00 54.35
3.00 1.00 11.00 1.00 54.35
1.00 1.00 10.00 1.00 54.35
4.00 1.00 10.00 2.00 54.35
3.00 1.00 9.00 2.00 54.35
