13.00 20.00 49.00 30.00 29.86
38.00 42.00 98.00 44.00 26.08
52.00 125.00 163.00 45.00 26.03
54.00 201.00 216.00 53.00 35.70
63.00 287.00 270.00 62.00 33.73
68.00 374.00 282.00 74.00 38.46
66.00 405.00 297.00 103.00 27.73
91.00 416.00 293.00 130.00 39.15
127.00 428.00 297.00 159.00 28.79
168.00 425.00 304.00 196.00 39.79
211.00 418.00 322.00 229.00 35.43
275.00 433.00 319.00 251.00 34.21
303.00 439.00 322.00 286.00 40.00
323.00 407.00 312.00 286.00 33.89
314.00 438.00 328.00 287.00 32.73
326.00 431.00 315.00 301.00 31.24
285.00 426.00 319.00 286.00 41.17
311.00 428.00 315.00 289.00 37.03
326.00 427.00 315.00 293.00 33.79
322.00 430.00 308.00 288.00 36.29
312.00 428.00 307.00 284.00 38.68
331.00 393.00 331.00 286.00 38.68
319.00 425.00 325.00 284.00 37.67
285.00 445.00 328.00 310.00 33.47
303.00 439.00 342.00 296.00 39.47
333.00 443.00 332.00 310.00 32.88
327.00 434.00 330.00 323.00 40.59
301.00 429.00 340.00 295.00 36.87
297.00 431.00 330.00 297.00 41.54
319.00 424.00 329.00 297.00 41.44
313.00 408.00 327.00 283.00 36.34
306.00 436.00 320.00 297.00 40.96
307.00 438.00 319.00 294.00 34.05
331.00 407.00 339.00 288.00 39.95
316.00 434.00 320.00 301.00 34.43
294.00 433.00 316.00 297.00 40.32
297.00 423.00 331.00 309.00 36.66
280.00 423.00 306.00 287.00 38.68
294.00 415.00 294.00 289.00 41.97
308.00 397.00 299.00 291.00 38.04
281.00 403.00 313.00 284.00 40.27
274.00 403.00 307.00 282.00 37.35
293.00 391.00 305.00 278.00 34.48
294.00 404.00 309.00 277.00 34.32
285.00 379.00 305.00 277.00 35.33
261.00 378.00 295.00 273.00 41.01
272.00 353.00 284.00 266.00 41.76
260.00 359.00 274.00 270.00 38.57
244.00 352.00 268.00 263.00 41.86
259.00 348.00 284.00 279.00 41.81
245.00 351.00 285.00 273.00 41.01
249.00 360.00 285.00 262.00 41.76
252.00 324.00 280.00 265.00 41.44
245.00 359.00 284.00 274.00 41.60
260.00 355.00 289.00 272.00 39.58
257.00 368.00 289.00 283.00 41.33
262.00 324.00 286.00 260.00 40.59
250.00 299.00 280.00 262.00 40.16
232.00 289.00 281.00 266.00 38.94
221.00 276.00 277.00 258.00 32.57
225.00 264.00 270.00 251.00 40.96
236.00 271.00 278.00 254.00 34.64
241.00 252.00 270.00 256.00 37.93
237.00 246.00 264.00 234.00 32.94
229.00 252.00 263.00 246.00 35.38
222.00 239.00 258.00 249.00 37.93
214.00 239.00 256.00 247.00 33.15
228.00 247.00 258.00 240.00 36.60
211.00 254.00 259.00 250.00 34.37
219.00 229.00 247.00 245.00 34.53
222.00 213.00 260.00 244.00 37.56
208.00 232.00 242.00 244.00 34.32
211.00 236.00 258.00 244.00 34.05
216.00 223.00 255.00 233.00 34.11
223.00 236.00 257.00 240.00 37.45
212.00 219.00 254.00 248.00 41.23
222.00 248.00 255.00 265.00 39.63
221.00 225.00 248.00 252.00 40.06
211.00 253.00 265.00 249.00 36.71
226.00 250.00 261.00 232.00 40.54
244.00 264.00 255.00 235.00 37.88
229.00 243.00 256.00 248.00 39.95
233.00 244.00 271.00 246.00 39.26
239.00 238.00 267.00 241.00 38.25
230.00 229.00 264.00 263.00 38.46
220.00 252.00 251.00 254.00 37.45
230.00 232.00 251.00 240.00 38.46
221.00 228.00 249.00 252.00 36.92
231.00 232.00 251.00 238.00 42.08
208.00 222.00 254.00 251.00 41.49
214.00 210.00 245.00 240.00 35.54
214.00 225.00 254.00 242.00 38.09
213.00 233.00 257.00 237.00 42.08
225.00 258.00 264.00 248.00 36.07
233.00 248.00 272.00 248.00 38.84
237.00 233.00 268.00 249.00 40.16
238.00 236.00 251.00 229.00 39.69
230.00 234.00 254.00 231.00 40.80
225.00 222.00 257.00 223.00 41.07
219.00 226.00 244.00 215.00 41.65
206.00 222.00 251.00 215.00 39.42
214.00 225.00 243.00 223.00 40.00
215.00 224.00 256.00 229.00 37.51
209.00 218.00 242.00 239.00 41.01
220.00 226.00 272.00 246.00 34.69
232.00 216.00 259.00 243.00 38.36
219.00 225.00 261.00 247.00 39.90
221.00 215.00 249.00 242.00 36.13
215.00 240.00 256.00 227.00 42.13
215.00 239.00 252.00 243.00 35.38
204.00 220.00 252.00 235.00 41.76
205.00 230.00 248.00 232.00 36.02
203.00 238.00 241.00 230.00 41.81
214.00 232.00 248.00 222.00 37.83
213.00 231.00 250.00 230.00 34.74
210.00 232.00 258.00 231.00 41.92
206.00 231.00 254.00 243.00 39.95
213.00 237.00 263.00 242.00 36.98
217.00 243.00 262.00 237.00 41.97
220.00 242.00 279.00 245.00 39.79
234.00 235.00 269.00 256.00 41.23
222.00 241.00 264.00 262.00 37.24
222.00 236.00 283.00 253.00 35.33
221.00 239.00 280.00 242.00 36.98
219.00 235.00 251.00 248.00 36.55
216.00 230.00 253.00 232.00 38.14
215.00 234.00 263.00 221.00 36.07
208.00 235.00 260.00 235.00 35.81
199.00 221.00 243.00 223.00 42.24
201.00 236.00 235.00 234.00 37.93
203.00 237.00 229.00 219.00 40.85
196.00 231.00 233.00 224.00 42.13
208.00 234.00 240.00 231.00 35.43
214.00 239.00 248.00 227.00 36.82
193.00 230.00 244.00 230.00 34.90
226.00 229.00 246.00 230.00 40.38
219.00 232.00 248.00 242.00 40.80
220.00 247.00 240.00 231.00 34.69
205.00 247.00 241.00 236.00 34.43
220.00 238.00 239.00 241.00 38.14
209.00 236.00 235.00 257.00 37.40
214.00 232.00 239.00 220.00 35.65
215.00 247.00 240.00 219.00 41.60
209.00 234.00 246.00 245.00 41.70
210.00 232.00 244.00 213.00 39.95
212.00 224.00 242.00 236.00 36.55
204.00 244.00 239.00 240.00 39.37
209.00 218.00 253.00 235.00 34.27
203.00 222.00 249.00 238.00 40.16
209.00 228.00 240.00 233.00 35.17
207.00 237.00 237.00 224.00 40.80
208.00 234.00 242.00 241.00 37.03
215.00 243.00 243.00 228.00 35.70
215.00 233.00 245.00 241.00 38.41
213.00 237.00 243.00 248.00 36.29
209.00 241.00 242.00 244.00 35.81
209.00 250.00 245.00 242.00 41.86
211.00 227.00 245.00 250.00 39.42
219.00 223.00 251.00 243.00 36.55
214.00 230.00 241.00 241.00 34.53
200.00 224.00 242.00 243.00 34.16
237.00 235.00 242.00 240.00 34.05
223.00 233.00 249.00 239.00 35.81
223.00 230.00 248.00 243.00 35.33
217.00 227.00 250.00 233.00 37.61
212.00 229.00 258.00 240.00 37.14
221.00 219.00 261.00 240.00 34.00
225.00 222.00 252.00 239.00 38.25
207.00 226.00 247.00 241.00 41.23
208.00 229.00 241.00 224.00 39.90
196.00 219.00 233.00 220.00 35.86
205.00 209.00 232.00 234.00 39.10
200.00 215.00 218.00 200.00 37.03
197.00 219.00 240.00 212.00 38.25
209.00 212.00 235.00 242.00 37.99
203.00 222.00 249.00 230.00 41.49
207.00 214.00 246.00 237.00 40.96
205.00 210.00 243.00 227.00 39.84
202.00 222.00 246.00 198.00 34.21
202.00 217.00 237.00 194.00 41.44
220.00 215.00 238.00 196.00 34.80
205.00 209.00 237.00 223.00 37.14
204.00 206.00 227.00 221.00 35.49
208.00 207.00 226.00 216.00 34.64
206.00 209.00 226.00 212.00 38.36
212.00 202.00 226.00 212.00 36.71
214.00 213.00 225.00 207.00 39.10
201.00 214.00 219.00 210.00 41.70
215.00 194.00 220.00 202.00 34.53
204.00 193.00 217.00 208.00 35.06
204.00 199.00 220.00 200.00 34.21
206.00 197.00 219.00 204.00 38.14
205.00 190.00 215.00 207.00 40.91
204.00 195.00 210.00 199.00 41.49
200.00 195.00 211.00 205.00 34.90
195.00 197.00 209.00 213.00 41.23
187.00 195.00 212.00 218.00 34.80
190.00 207.00 213.00 211.00 35.33
197.00 204.00 218.00 209.00 41.23
215.00 208.00 217.00 226.00 35.33
199.00 205.00 217.00 239.00 34.43
232.00 201.00 214.00 213.00 39.05
222.00 207.00 221.00 213.00 37.72
219.00 220.00 222.00 220.00 39.95
227.00 212.00 223.00 230.00 36.50
212.00 215.00 225.00 219.00 40.64
210.00 214.00 220.00 221.00 40.96
219.00 206.00 219.00 217.00 34.53
214.00 210.00 212.00 221.00 38.25
223.00 202.00 211.00 211.00 35.28
208.00 202.00 208.00 212.00 36.92
210.00 204.00 214.00 215.00 39.74
220.00 204.00 217.00 234.00 41.86
216.00 220.00 208.00 222.00 41.92
218.00 206.00 220.00 224.00 40.27
214.00 209.00 221.00 222.00 34.37
215.00 210.00 216.00 207.00 41.65
210.00 206.00 205.00 211.00 41.86
207.00 199.00 214.00 216.00 36.60
220.00 201.00 207.00 215.00 39.79
220.00 205.00 207.00 212.00 39.15
212.00 207.00 208.00 211.00 41.65
194.00 202.00 211.00 213.00 39.63
202.00 206.00 212.00 219.00 35.81
212.00 199.00 212.00 209.00 34.21
199.00 212.00 213.00 224.00 37.03
217.00 201.00 216.00 213.00 34.69
220.00 202.00 214.00 214.00 41.33
230.00 205.00 217.00 205.00 33.15
232.00 215.00 220.00 217.00 33.52
234.00 201.00 215.00 219.00 39.58
238.00 202.00 217.00 211.00 34.69
205.00 189.00 216.00 219.00 39.84
225.00 205.00 212.00 233.00 37.24
224.00 204.00 213.00 207.00 36.29
205.00 199.00 208.00 206.00 37.61
213.00 198.00 207.00 215.00 34.69
209.00 192.00 206.00 217.00 36.55
192.00 193.00 200.00 205.00 33.10
212.00 189.00 202.00 209.00 35.38
219.00 191.00 202.00 209.00 38.68
214.00 191.00 202.00 193.00 40.27
201.00 192.00 205.00 205.00 36.82
202.00 193.00 209.00 197.00 41.39
204.00 194.00 202.00 211.00 35.43
192.00 189.00 199.00 203.00 41.12
191.00 190.00 202.00 217.00 32.25
179.00 195.00 200.00 226.00 38.94
174.00 199.00 211.00 206.00 38.89
175.00 198.00 199.00 208.00 40.75
168.00 194.00 209.00 199.00 32.51
164.00 198.00 203.00 223.00 39.90
164.00 200.00 206.00 218.00 40.27
159.00 195.00 205.00 219.00 33.10
158.00 191.00 201.00 219.00 34.96
154.00 189.00 207.00 215.00 39.95
155.00 188.00 201.00 216.00 40.16
151.00 187.00 196.00 206.00 40.80
148.00 183.00 200.00 213.00 39.15
146.00 184.00 197.00 207.00 35.70
145.00 187.00 200.00 200.00 40.32
144.00 184.00 199.00 210.00 35.38
145.00 185.00 198.00 205.00 32.14
147.00 181.00 195.00 212.00 40.91
145.00 181.00 196.00 211.00 33.31
143.00 181.00 197.00 208.00 34.74
145.00 180.00 193.00 204.00 39.31
147.00 182.00 195.00 199.00 41.07
143.00 182.00 188.00 200.00 37.14
143.00 186.00 189.00 196.00 39.21
150.00 177.00 194.00 204.00 40.11
147.00 176.00 199.00 207.00 39.10
148.00 180.00 203.00 217.00 40.91
152.00 177.00 206.00 212.00 40.43
153.00 180.00 203.00 206.00 41.39
154.00 187.00 203.00 201.00 39.21
159.00 220.00 202.00 209.00 32.57
162.00 222.00 212.00 213.00 40.54
167.00 225.00 212.00 209.00 41.12
168.00 223.00 214.00 207.00 35.54
166.00 224.00 212.00 207.00 32.09
171.00 226.00 214.00 218.00 40.75
175.00 227.00 218.00 218.00 33.36
178.00 228.00 214.00 205.00 39.74
178.00 232.00 216.00 209.00 33.10
182.00 229.00 214.00 197.00 38.84
188.00 231.00 212.00 178.00 39.15
204.00 206.00 171.00 211.00 41.01
190.00 242.00 205.00 222.00 40.64
207.00 242.00 207.00 219.00 32.35
208.00 242.00 209.00 204.00 40.54
203.00 240.00 214.00 217.00 32.78
205.00 233.00 212.00 218.00 38.73
198.00 236.00 211.00 223.00 34.48
201.00 233.00 206.00 224.00 41.07
202.00 226.00 210.00 221.00 34.27
202.00 216.00 203.00 223.00 40.96
196.00 204.00 195.00 205.00 35.01
196.00 209.00 198.00 205.00 33.36
200.00 211.00 196.00 209.00 37.08
200.00 205.00 196.00 206.00 34.64
199.00 194.00 193.00 203.00 35.22
199.00 212.00 195.00 208.00 34.96
201.00 220.00 191.00 214.00 33.95
199.00 218.00 193.00 217.00 40.16
204.00 216.00 195.00 212.00 41.12
202.00 222.00 196.00 214.00 37.29
206.00 220.00 194.00 205.00 34.37
205.00 219.00 194.00 213.00 40.43
205.00 212.00 191.00 209.00 36.18
204.00 206.00 193.00 218.00 40.64
202.00 211.00 195.00 214.00 41.33
203.00 217.00 194.00 215.00 33.58
203.00 210.00 194.00 214.00 32.99
205.00 211.00 194.00 208.00 39.63
204.00 207.00 193.00 213.00 33.79
204.00 212.00 193.00 213.00 32.83
208.00 220.00 195.00 212.00 41.28
209.00 220.00 195.00 211.00 32.35
207.00 217.00 204.00 214.00 38.52
209.00 224.00 206.00 222.00 32.51
210.00 225.00 207.00 212.00 40.00
207.00 229.00 204.00 218.00 36.50
210.00 226.00 205.00 210.00 40.80
209.00 225.00 203.00 219.00 31.72
207.00 222.00 201.00 219.00 39.37
207.00 221.00 193.00 206.00 40.06
206.00 219.00 194.00 207.00 31.66
211.00 213.00 195.00 214.00 35.65
204.00 210.00 199.00 207.00 40.00
206.00 213.00 198.00 199.00 31.88
206.00 212.00 196.00 202.00 34.05
206.00 208.00 193.00 208.00 40.85
208.00 206.00 196.00 202.00 40.80
206.00 208.00 192.00 212.00 38.04
208.00 209.00 195.00 217.00 32.25
207.00 212.00 196.00 210.00 38.09
210.00 213.00 198.00 207.00 32.46
207.00 219.00 199.00 216.00 39.42
207.00 217.00 192.00 202.00 35.43
207.00 218.00 196.00 213.00 38.84
210.00 223.00 198.00 207.00 33.84
208.00 224.00 197.00 202.00 41.49
213.00 221.00 200.00 202.00 38.99
208.00 214.00 200.00 208.00 38.09
210.00 219.00 201.00 217.00 33.36
213.00 225.00 195.00 202.00 34.74
201.00 222.00 198.00 212.00 36.44
215.00 222.00 202.00 223.00 38.73
217.00 217.00 206.00 216.00 40.54
222.00 221.00 203.00 208.00 37.61
219.00 218.00 209.00 213.00 32.73
217.00 218.00 203.00 207.00 37.93
219.00 233.00 196.00 206.00 32.83
219.00 231.00 196.00 210.00 38.46
216.00 225.00 199.00 210.00 32.62
219.00 219.00 200.00 220.00 41.60
218.00 227.00 198.00 216.00 41.12
218.00 229.00 195.00 205.00 35.65
215.00 223.00 195.00 210.00 41.33
215.00 223.00 197.00 214.00 37.51
213.00 229.00 196.00 197.00 40.38
214.00 226.00 198.00 206.00 41.12
216.00 224.00 199.00 200.00 32.62
213.00 220.00 195.00 202.00 40.54
214.00 220.00 196.00 199.00 33.63
213.00 218.00 208.00 200.00 33.47
209.00 216.00 205.00 199.00 36.82
210.00 220.00 207.00 206.00 37.29
213.00 217.00 205.00 201.00 38.99
208.00 210.00 203.00 211.00 41.28
209.00 208.00 201.00 199.00 39.05
207.00 204.00 200.00 217.00 40.75
205.00 209.00 206.00 212.00 33.15
207.00 201.00 196.00 205.00 37.29
201.00 202.00 203.00 215.00 41.54
202.00 213.00 205.00 221.00 32.94
221.00 232.00 209.00 219.00 32.51
222.00 227.00 204.00 223.00 33.10
221.00 217.00 205.00 219.00 41.54
221.00 213.00 200.00 215.00 32.51
222.00 211.00 194.00 218.00 36.66
221.00 209.00 190.00 208.00 39.15
220.00 205.00 192.00 213.00 41.65
212.00 203.00 190.00 214.00 32.14
214.00 199.00 186.00 213.00 32.67
208.00 198.00 180.00 204.00 36.18
207.00 192.00 180.00 219.00 40.32
204.00 188.00 180.00 208.00 41.12
205.00 188.00 175.00 173.00 37.99
181.00 168.00 175.00 225.00 37.45
182.00 170.00 180.00 216.00 37.88
182.00 176.00 180.00 208.00 40.22
185.00 178.00 183.00 211.00 37.67
185.00 181.00 185.00 215.00 40.48
186.00 180.00 190.00 215.00 39.74
186.00 185.00 189.00 214.00 40.27
188.00 188.00 190.00 214.00 35.75
187.00 189.00 183.00 210.00 39.10
188.00 191.00 184.00 212.00 33.42
189.00 190.00 183.00 212.00 35.22
190.00 191.00 181.00 209.00 31.93
191.00 191.00 184.00 207.00 32.78
193.00 192.00 186.00 202.00 28.85
199.00 196.00 181.00 195.00 30.92
196.00 191.00 181.00 187.00 30.55
197.00 188.00 176.00 174.00 38.94
204.00 184.00 178.00 179.00 39.37
196.00 183.00 183.00 180.00 35.91
198.00 181.00 184.00 184.00 38.78
198.00 186.00 182.00 180.00 34.80
194.00 180.00 175.00 177.00 34.74
193.00 179.00 169.00 167.00 37.19
179.00 125.00 89.00 87.00 27.57
80.00 55.00 67.00 57.00 30.44
60.00 14.00 38.00 22.00 28.37
59.00 19.00 46.00 26.00 31.50
61.00 11.00 48.00 35.00 27.20
61.00 14.00 48.00 34.00 37.40
62.00 10.00 49.00 30.00 29.22
62.00 9.00 50.00 31.00 29.43
63.00 11.00 50.00 26.00 38.09
63.00 9.00 52.00 37.00 38.14
63.00 8.00 51.00 31.00 29.01
64.00 10.00 52.00 35.00 38.89
63.00 7.00 52.00 31.00 36.76