228.00 73.00 108.00 267.00 25.39
257.00 259.00 132.00 233.00 34.69
261.00 269.00 149.00 209.00 35.28
259.00 234.00 262.00 272.00 26.62
270.00 291.00 275.00 248.00 29.17
263.00 280.00 283.00 266.00 38.30
276.00 295.00 296.00 282.00 28.26
266.00 292.00 304.00 283.00 29.38
290.00 293.00 279.00 278.00 40.38
264.00 295.00 276.00 275.00 36.50
284.00 278.00 305.00 283.00 34.90
283.00 329.00 297.00 295.00 34.64
276.00 333.00 311.00 290.00 31.77
283.00 312.00 295.00 289.00 41.23
284.00 288.00 306.00 284.00 38.78
284.00 289.00 280.00 298.00 36.76
274.00 298.00 290.00 279.00 39.63
273.00 321.00 308.00 287.00 41.33
256.00 310.00 300.00 291.00 33.58
286.00 335.00 295.00 283.00 40.27
287.00 333.00 308.00 307.00 40.80
297.00 310.00 300.00 289.00 35.22
288.00 294.00 303.00 290.00 36.60
293.00 315.00 293.00 293.00 34.05
270.00 336.00 276.00 299.00 39.95
273.00 312.00 296.00 295.00 38.14
286.00 308.00 302.00 308.00 40.48
264.00 299.00 279.00 286.00 40.48
293.00 323.00 304.00 292.00 33.79
302.00 327.00 291.00 290.00 34.05
277.00 316.00 300.00 276.00 41.92
288.00 328.00 302.00 276.00 41.44
288.00 338.00 301.00 293.00 40.22
291.00 332.00 321.00 283.00 35.12
298.00 312.00 291.00 278.00 36.44
299.00 335.00 297.00 280.00 40.96
289.00 331.00 286.00 264.00 41.92
289.00 287.00 284.00 262.00 34.37
287.00 316.00 227.00 282.00 35.91
198.00 240.00 234.00 219.00 41.07
256.00 291.00 266.00 271.00 42.24
259.00 317.00 286.00 250.00 42.13
267.00 316.00 282.00 266.00 36.39
270.00 299.00 278.00 261.00 40.64
278.00 300.00 269.00 250.00 34.64
274.00 287.00 259.00 213.00 37.51
272.00 314.00 277.00 246.00 38.68
270.00 305.00 263.00 241.00 37.93
271.00 307.00 280.00 260.00 34.85
263.00 301.00 248.00 248.00 41.12
231.00 243.00 223.00 191.00 38.89
228.00 238.00 250.00 247.00 41.86
251.00 285.00 249.00 247.00 41.70
254.00 282.00 242.00 236.00 39.10
259.00 296.00 256.00 249.00 40.32
246.00 283.00 249.00 242.00 36.98
250.00 284.00 248.00 247.00 42.39
259.00 270.00 261.00 243.00 35.22
247.00 288.00 249.00 260.00 36.50
243.00 273.00 248.00 244.00 37.83
256.00 285.00 256.00 240.00 42.02
248.00 301.00 283.00 238.00 37.72
248.00 310.00 255.00 250.00 35.54
237.00 286.00 247.00 237.00 41.39
235.00 301.00 260.00 233.00 40.54
240.00 283.00 226.00 238.00 41.81
241.00 272.00 262.00 237.00 41.23
215.00 254.00 239.00 198.00 36.92
215.00 285.00 227.00 249.00 36.82
253.00 282.00 266.00 229.00 39.58
247.00 297.00 257.00 235.00 37.45
249.00 264.00 253.00 234.00 38.52
245.00 265.00 248.00 234.00 36.34
252.00 276.00 255.00 238.00 42.24
241.00 273.00 262.00 224.00 39.63
244.00 275.00 270.00 248.00 40.16
244.00 270.00 265.00 252.00 39.79
243.00 263.00 250.00 236.00 36.50
240.00 272.00 249.00 242.00 40.48
249.00 271.00 263.00 234.00 39.90
238.00 288.00 256.00 237.00 42.55
246.00 273.00 250.00 245.00 40.27
246.00 294.00 260.00 239.00 41.76
238.00 275.00 254.00 237.00 42.55
244.00 287.00 263.00 243.00 38.52
238.00 273.00 260.00 247.00 42.45
256.00 290.00 257.00 265.00 42.45
263.00 287.00 277.00 262.00 42.45
267.00 300.00 274.00 266.00 41.33
256.00 279.00 277.00 240.00 38.25
260.00 300.00 260.00 226.00 42.55
249.00 282.00 269.00 243.00 38.04
243.00 267.00 233.00 230.00 40.32
256.00 281.00 280.00 254.00 40.91
265.00 307.00 278.00 254.00 41.65
274.00 301.00 286.00 242.00 39.69
263.00 287.00 268.00 253.00 42.45
254.00 302.00 264.00 243.00 36.18
265.00 293.00 271.00 247.00 35.49
249.00 276.00 265.00 248.00 41.23
261.00 290.00 253.00 251.00 40.11
250.00 302.00 257.00 217.00 41.65
252.00 254.00 246.00 222.00 41.60
247.00 289.00 268.00 207.00 41.97
246.00 276.00 228.00 261.00 42.24
258.00 255.00 255.00 246.00 36.60
258.00 278.00 258.00 247.00 42.34
244.00 266.00 270.00 245.00 42.39
264.00 290.00 273.00 267.00 39.74
261.00 309.00 275.00 264.00 35.91
261.00 297.00 262.00 266.00 40.80
271.00 312.00 267.00 248.00 37.93
269.00 300.00 264.00 257.00 42.50
270.00 272.00 262.00 245.00 35.22
264.00 281.00 286.00 251.00 42.24
264.00 284.00 276.00 243.00 37.99
263.00 279.00 276.00 252.00 41.12
265.00 292.00 278.00 244.00 41.33
253.00 286.00 264.00 244.00 35.28
259.00 284.00 271.00 247.00 42.13
268.00 277.00 262.00 241.00 42.18
263.00 281.00 268.00 246.00 41.17
262.00 288.00 265.00 243.00 39.05
270.00 276.00 275.00 257.00 40.64
280.00 307.00 283.00 251.00 37.88
282.00 296.00 275.00 248.00 39.63
279.00 314.00 275.00 245.00 37.14
277.00 295.00 271.00 246.00 37.88
273.00 314.00 245.00 240.00 40.85
279.00 234.00 255.00 229.00 37.77
273.00 260.00 257.00 234.00 42.34
252.00 294.00 256.00 232.00 34.80
247.00 287.00 263.00 227.00 34.80
228.00 277.00 249.00 229.00 35.38
244.00 304.00 286.00 247.00 34.69
260.00 316.00 275.00 242.00 41.92
249.00 307.00 274.00 238.00 42.13
253.00 299.00 261.00 241.00 41.44
253.00 294.00 268.00 239.00 41.44
252.00 294.00 270.00 233.00 39.79
250.00 298.00 275.00 239.00 34.69
253.00 299.00 291.00 252.00 39.31
278.00 318.00 278.00 258.00 41.01
265.00 304.00 283.00 242.00 38.46
250.00 295.00 221.00 232.00 41.28
232.00 285.00 262.00 228.00 38.04
237.00 291.00 266.00 221.00 35.59
226.00 288.00 268.00 224.00 41.54
229.00 285.00 264.00 215.00 36.07
224.00 293.00 267.00 223.00 34.27
225.00 284.00 258.00 224.00 35.38
220.00 278.00 247.00 219.00 41.33
224.00 269.00 240.00 215.00 38.36
217.00 264.00 236.00 212.00 32.99
210.00 257.00 227.00 207.00 41.39
211.00 254.00 225.00 209.00 36.18
210.00 253.00 214.00 204.00 36.13
203.00 251.00 208.00 202.00 34.80
203.00 252.00 208.00 205.00 41.17
205.00 251.00 213.00 208.00 32.73
208.00 253.00 217.00 213.00 38.94
202.00 249.00 213.00 211.00 40.11
194.00 248.00 211.00 211.00 40.32
193.00 246.00 214.00 205.00 38.52
188.00 246.00 205.00 203.00 32.03
181.00 247.00 202.00 203.00 39.05
176.00 245.00 197.00 200.00 32.78
175.00 239.00 203.00 201.00 39.05
178.00 238.00 200.00 201.00 32.35
182.00 234.00 202.00 191.00 33.47
187.00 222.00 196.00 216.00 32.67
187.00 240.00 211.00 222.00 38.94
190.00 233.00 216.00 221.00 39.15
194.00 243.00 234.00 225.00 38.04
200.00 238.00 224.00 215.00 34.27
192.00 233.00 212.00 210.00 34.74
190.00 227.00 206.00 199.00 36.44
184.00 225.00 204.00 200.00 40.69
186.00 220.00 209.00 209.00 38.36
198.00 222.00 216.00 213.00 41.07
206.00 229.00 213.00 211.00 40.59
204.00 232.00 214.00 213.00 34.96
194.00 226.00 209.00 204.00 40.43
186.00 219.00 208.00 196.00 40.85
183.00 222.00 201.00 193.00 37.67
186.00 217.00 196.00 191.00 31.66
206.00 219.00 205.00 197.00 34.00
192.00 227.00 204.00 202.00 33.95
216.00 234.00 210.00 202.00 40.64
208.00 226.00 196.00 183.00 35.81
205.00 230.00 255.00 199.00 31.45
216.00 244.00 242.00 206.00 35.12
204.00 240.00 222.00 164.00 40.85
183.00 217.00 219.00 198.00 37.40
179.00 238.00 238.00 213.00 36.34
205.00 249.00 248.00 227.00 32.35
213.00 243.00 244.00 216.00 39.10
207.00 242.00 241.00 212.00 32.03
207.00 234.00 224.00 208.00 39.47
204.00 227.00 230.00 214.00 31.72
203.00 229.00 226.00 215.00 36.02
205.00 250.00 235.00 215.00 40.00
210.00 239.00 230.00 206.00 41.01
210.00 257.00 235.00 198.00 40.64
208.00 256.00 236.00 198.00 37.88
209.00 259.00 230.00 198.00 31.45
207.00 242.00 229.00 202.00 36.87
203.00 233.00 217.00 198.00 32.30
204.00 228.00 209.00 193.00 34.96
194.00 224.00 209.00 193.00 40.80
186.00 220.00 214.00 202.00 34.05
193.00 233.00 213.00 200.00 30.60
184.00 225.00 213.00 192.00 34.64
178.00 223.00 205.00 191.00 37.14
172.00 223.00 207.00 191.00 36.50
171.00 222.00 209.00 192.00 38.73
174.00 236.00 211.00 198.00 36.50
176.00 227.00 207.00 193.00 32.83
170.00 223.00 205.00 190.00 35.28
172.00 225.00 209.00 191.00 37.08
168.00 231.00 208.00 192.00 39.63
167.00 230.00 204.00 188.00 39.79
165.00 230.00 212.00 196.00 30.28
174.00 234.00 208.00 201.00 30.60
169.00 227.00 204.00 192.00 30.49
165.00 215.00 199.00 190.00 39.58
166.00 217.00 195.00 186.00 34.05
171.00 214.00 197.00 188.00 28.85
178.00 213.00 200.00 188.00 30.02
184.00 231.00 202.00 196.00 39.26
184.00 222.00 199.00 189.00 36.39
179.00 216.00 194.00 188.00 38.68
175.00 212.00 193.00 182.00 28.95
172.00 214.00 190.00 181.00 35.97
170.00 211.00 189.00 182.00 29.06
172.00 209.00 187.00 182.00 31.50
181.00 210.00 199.00 189.00 28.00
177.00 214.00 194.00 184.00 30.60
173.00 211.00 192.00 184.00 38.30
175.00 208.00 189.00 179.00 34.90
177.00 208.00 189.00 180.00 29.59
192.00 206.00 192.00 181.00 37.51
194.00 200.00 186.00 183.00 35.54
189.00 203.00 191.00 184.00 32.41
177.00 194.00 183.00 142.00 30.87
129.00 129.00 87.00 55.00 29.86

