# C1    C2   C3     C4      T
826.00 37.00 0.00 0.00 1023.00
825.00 37.00 0.00 0.00 1023.00
825.00 37.00 0.00 0.00 1023.00
826.00 37.00 0.00 0.00 1023.00
826.00 37.00 0.00 0.00 1023.00
825.00 37.00 0.00 0.00 1023.00
826.00 37.00 0.00 0.00 1023.00
833.00 37.00 0.00 0.00 1023.00
818.00 37.00 0.00 0.00 1023.00
819.00 37.00 0.00 0.00 1023.00
819.00 37.00 0.00 0.00 1023.00
818.00 37.00 0.00 0.00 1023.00
818.00 37.00 0.00 0.00 1023.00
816.00 37.00 0.00 0.00 1023.00
557.00 25.00 0.00 0.00 1023.00
0.00 0.00 0.00 0.00 1023.00
0.00 0.00 0.00 0.00 1023.00
0.00 0.00 0.00 0.00 1023.00
0.00 0.00 0.00 0.00 1023.00
0.00 0.00 0.00 0.00 1023.00
0.00 0.00 0.00 0.00 1023.00
0.00 0.00 0.00 0.00 1023.00
0.00 0.00 0.00 0.00 1023.00
0.00 0.00 0.00 0.00 1023.00
0.00 0.00 0.00 0.00 1023.00
0.00 0.00 0.00 0.00 1023.00
0.00 0.00 0.00 0.00 1023.00
0.00 0.00 0.00 0.00 1023.00
0.00 0.00 0.00 0.00 1023.00
0.00 0.00 0.00 0.00 1023.00
0.00 0.00 0.00 0.00 1023.00
0.00 0.00 0.00 0.00 1023.00
0.00 0.00 0.00 0.00 1023.00
0.00 0.00 0.00 0.00 1023.00
0.00 0.00 0.00 0.00 1023.00
0.00 0.00 0.00 0.00 1023.00
0.00 0.00 0.00 0.00 1023.00
0.00 0.00 0.00 0.00 1023.00
0.00 0.00 0.00 0.00 1023.00
0.00 0.00 0.00 0.00 1023.00
0.00 0.00 0.00 0.00 1023.00
0.00 0.00 0.00 0.00 1023.00
0.00 0.00 0.00 0.00 1023.00
0.00 0.00 0.00 0.00 1023.00
0.00 0.00 0.00 0.00 1023.00
0.00 0.00 0.00 0.00 1023.00
0.00 0.00 0.00 0.00 1023.00
0.00 0.00 0.00 0.00 1023.00
0.00 0.00 0.00 0.00 1023.00
0.00 0.00 0.00 0.00 1023.00
0.00 0.00 0.00 0.00 1023.00
0.00 0.00 0.00 0.00 1023.00
0.00 0.00 0.00 0.00 1023.00
0.00 0.00 0.00 0.00 1023.00
0.00 0.00 0.00 0.00 1023.00
0.00 0.00 0.00 0.00 1023.00
0.00 0.00 0.00 0.00 1023.00
0.00 0.00 0.00 0.00 1023.00
0.00 0.00 0.00 0.00 1023.00
0.00 0.00 0.00 0.00 1023.00
0.00 0.00 0.00 0.00 1023.00
0.00 0.00 0.00 0.00 1023.00
0.00 0.00 0.00 0.00 1023.00
0.00 0.00 0.00 0.00 1023.00
0.00 0.00 0.00 0.00 1023.00
0.00 0.00 0.00 0.00 1023.00
0.00 0.00 0.00 0.00 1023.00
0.00 0.00 0.00 0.00 1023.00
0.00 0.00 0.00 0.00 1023.00
0.00 0.00 0.00 0.00 1023.00
0.00 0.00 0.00 0.00 1023.00
0.00 0.00 0.00 0.00 1023.00
0.00 0.00 0.00 0.00 1023.00
0.00 0.00 0.00 0.00 1023.00
0.00 0.00 0.00 0.00 1023.00
0.00 0.00 0.00 0.00 1023.00
0.00 0.00 0.00 0.00 1023.00
0.00 0.00 0.00 0.00 1023.00
0.00 0.00 0.00 0.00 1023.00
0.00 0.00 0.00 0.00 1023.00
0.00 0.00 0.00 0.00 1023.00
0.00 0.00 0.00 0.00 1023.00
0.00 0.00 0.00 0.00 1023.00
0.00 0.00 0.00 0.00 1023.00
0.00 0.00 0.00 0.00 1023.00
0.00 0.00 0.00 0.00 1023.00
0.00 0.00 0.00 0.00 1023.00
0.00 0.00 0.00 0.00 1023.00
0.00 0.00 0.00 0.00 1023.00
0.00 0.00 0.00 0.00 1023.00
0.00 0.00 0.00 0.00 1023.00
0.00 0.00 0.00 0.00 1023.00
0.00 0.00 0.00 0.00 1023.00
0.00 0.00 0.00 0.00 1023.00
0.00 0.00 0.00 0.00 1023.00
0.00 0.00 0.00 0.00 1023.00
0.00 0.00 0.00 0.00 1023.00
0.00 0.00 0.00 0.00 1023.00
0.00 0.00 0.00 0.00 1023.00
0.00 0.00 0.00 0.00 1023.00
0.00 0.00 0.00 0.00 1023.00
0.00 0.00 0.00 0.00 1023.00
0.00 0.00 0.00 0.00 1023.00
0.00 0.00 0.00 0.00 1023.00
0.00 0.00 0.00 0.00 1023.00
0.00 0.00 0.00 0.00 1023.00
0.00 0.00 0.00 0.00 1023.00
0.00 0.00 0.00 0.00 1023.00
0.00 0.00 0.00 0.00 1023.00
0.00 0.00 0.00 0.00 1023.00
0.00 0.00 0.00 0.00 1023.00
0.00 0.00 0.00 0.00 1023.00
0.00 0.00 0.00 0.00 1023.00
0.00 0.00 0.00 0.00 1023.00
0.00 0.00 0.00 0.00 1023.00
0.00 0.00 0.00 0.00 1023.00
49.00 0.00 0.00 0.00 1023.00
661.00 30.00 0.00 0.00 1023.00
661.00 30.00 0.00 0.00 1023.00
660.00 30.00 0.00 0.00 1023.00
661.00 30.00 0.00 0.00 1023.00
660.00 30.00 0.00 0.00 1023.00
660.00 30.00 0.00 0.00 1023.00
657.00 30.00 0.00 0.00 1023.00
658.00 30.00 0.00 0.00 1023.00
657.00 29.00 0.00 0.00 1023.00
657.00 29.00 0.00 0.00 1023.00
657.00 29.00 0.00 0.00 1023.00
656.00 29.00 0.00 0.00 1023.00
657.00 29.00 0.00 0.00 1023.00
656.00 29.00 0.00 0.00 1023.00
656.00 29.00 0.00 0.00 1023.00
655.00 29.00 0.00 0.00 1023.00
655.00 29.00 0.00 0.00 1023.00
656.00 29.00 0.00 0.00 1023.00
656.00 29.00 0.00 0.00 1023.00
656.00 29.00 0.00 0.00 1023.00
656.00 29.00 0.00 0.00 1023.00
657.00 29.00 0.00 0.00 1023.00
658.00 29.00 0.00 0.00 1023.00
658.00 29.00 0.00 0.00 1023.00
658.00 29.00 0.00 0.00 1023.00
657.00 29.00 0.00 0.00 1023.00
657.00 30.00 0.00 0.00 1023.00
657.00 29.00 0.00 0.00 1023.00
657.00 29.00 0.00 0.00 1023.00
657.00 29.00 0.00 0.00 1023.00
657.00 29.00 0.00 0.00 1023.00
658.00 29.00 0.00 0.00 1023.00
658.00 29.00 0.00 0.00 1023.00
657.00 29.00 0.00 0.00 1023.00
659.00 29.00 0.00 0.00 1023.00
659.00 29.00 0.00 0.00 1023.00
659.00 29.00 0.00 0.00 1023.00
660.00 30.00 0.00 0.00 1023.00
660.00 30.00 0.00 0.00 1023.00
660.00 29.00 0.00 0.00 1023.00
660.00 30.00 0.00 0.00 1023.00
660.00 29.00 0.00 0.00 1023.00
659.00 29.00 0.00 0.00 1023.00
659.00 29.00 0.00 0.00 1023.00
660.00 30.00 0.00 0.00 1023.00
660.00 29.00 0.00 0.00 1023.00
659.00 29.00 0.00 0.00 1023.00
660.00 29.00 0.00 0.00 1023.00
659.00 29.00 0.00 0.00 1023.00
659.00 30.00 0.00 0.00 1023.00
659.00 29.00 0.00 0.00 1023.00
659.00 29.00 0.00 0.00 1023.00
657.00 29.00 0.00 0.00 1023.00
657.00 29.00 0.00 0.00 1023.00
658.00 29.00 0.00 0.00 1023.00
656.00 30.00 0.00 0.00 1023.00
658.00 29.00 0.00 0.00 1023.00
658.00 29.00 0.00 0.00 1023.00
658.00 29.00 0.00 0.00 1023.00
658.00 29.00 0.00 0.00 1023.00
657.00 29.00 0.00 0.00 1023.00
657.00 30.00 0.00 0.00 1023.00
656.00 29.00 0.00 0.00 1023.00
656.00 30.00 0.00 0.00 1023.00
656.00 30.00 0.00 0.00 1023.00
656.00 29.00 0.00 0.00 1023.00
656.00 29.00 0.00 0.00 1023.00
655.00 29.00 0.00 0.00 1023.00
655.00 29.00 0.00 0.00 1023.00
654.00 29.00 0.00 0.00 1023.00
654.00 29.00 0.00 0.00 1023.00
655.00 30.00 0.00 0.00 1023.00
654.00 29.00 0.00 0.00 1023.00
655.00 29.00 0.00 0.00 1023.00
654.00 29.00 0.00 0.00 1023.00
656.00 29.00 0.00 0.00 1023.00
655.00 29.00 0.00 0.00 1023.00
655.00 29.00 0.00 0.00 1023.00
656.00 29.00 0.00 0.00 1023.00
657.00 29.00 0.00 0.00 1023.00
656.00 29.00 0.00 0.00 1023.00
657.00 29.00 0.00 0.00 1023.00
656.00 29.00 0.00 0.00 1023.00
655.00 29.00 0.00 0.00 1023.00
656.00 29.00 0.00 0.00 1023.00
655.00 29.00 0.00 0.00 1023.00
655.00 29.00 0.00 0.00 1023.00
655.00 30.00 0.00 0.00 1023.00
655.00 29.00 0.00 0.00 1023.00
655.00 29.00 0.00 0.00 1023.00
656.00 29.00 0.00 0.00 1023.00
