36237.0,36096.0,36096.0,48128.0,18690.0
36608.0,36608.0,36608.0,48128.0,2.0
37265.0,145.0,700.0,37449.0,37376.0
147.0,147.0,147.0,147.0,700.0
148.0,148.0,148.0,148.0,700.0
149.0,149.0,149.0,149.0,700.0
183.0,183.0,183.0,183.0,700.0
184.0,184.0,184.0,184.0,700.0
185.0,185.0,185.0,185.0,700.0
192.0,192.0,192.0,192.0,700.0
205.0,205.0,205.0,205.0,700.0
53248.0,53248.0,53248.0,48128.0,18690.0
222.0,222.0,222.0,222.0,700.0
231.0,231.0,231.0,231.0,700.0
232.0,232.0,232.0,232.0,700.0
59648.0,59648.0,59648.0,48128.0,18690.0
235.0,235.0,235.0,235.0,700.0
236.0,236.0,236.0,236.0,700.0
237.0,237.0,237.0,237.0,700.0
