161.0,161.0,161.0,161.0,700.0
162.0,162.0,162.0,162.0,700.0
163.0,163.0,163.0,163.0,700.0
42240.0,42240.0,42240.0,48128.0,42498.0
46003.0,45824.0,45824.0,48128.0,18690.0
195.0,195.0,195.0,195.0,700.0
203.0,203.0,203.0,203.0,700.0
204.0,204.0,204.0,204.0,700.0
210.0,210.0,210.0,210.0,700.0
211.0,211.0,211.0,211.0,700.0
212.0,212.0,212.0,212.0,700.0
214.0,214.0,214.0,214.0,700.0
215.0,215.0,215.0,215.0,700.0
216.0,216.0,216.0,216.0,700.0
217.0,217.0,217.0,217.0,700.0
223.0,223.0,223.0,223.0,700.0
224.0,224.0,224.0,224.0,700.0
227.0,227.0,227.0,227.0,700.0
228.0,228.0,228.0,228.0,58697.0
