154.0,154.0,154.0,154.0,700.0
155.0,155.0,155.0,155.0,700.0
156.0,156.0,156.0,156.0,700.0
162.0,162.0,162.0,700.0,41801.0
43008.0,43008.0,43008.0,48128.0,43337.0
170.0,170.0,170.0,170.0,700.0
171.0,171.0,171.0,171.0,700.0
182.0,182.0,182.0,182.0,700.0
183.0,183.0,183.0,183.0,700.0
184.0,184.0,184.0,184.0,700.0
185.0,185.0,185.0,185.0,700.0
191.0,191.0,191.0,191.0,700.0
192.0,192.0,192.0,192.0,700.0
193.0,49408.0,49408.0,48128.0,18690.0
195.0,195.0,195.0,195.0,700.0
196.0,196.0,196.0,196.0,700.0
197.0,197.0,197.0,197.0,700.0
201.0,201.0,201.0,201.0,700.0
202.0,202.0,202.0,202.0,700.0
203.0,203.0,203.0,203.0,700.0
204.0,204.0,204.0,204.0,700.0
206.0,206.0,206.0,206.0,700.0
207.0,207.0,207.0,207.0,700.0
208.0,208.0,208.0,208.0,700.0
209.0,209.0,209.0,209.0,700.0
211.0,211.0,211.0,211.0,700.0
212.0,212.0,212.0,212.0,700.0
213.0,213.0,213.0,213.0,700.0
214.0,214.0,214.0,214.0,700.0
232.0,232.0,232.0,232.0,700.0
233.0,233.0,233.0,700.0,73.0
