129.0,129.0,129.0,129.0,700.0
33410.0,33280.0,33280.0,48128.0,18690.0
132.0,132.0,132.0,132.0,700.0
146.0,146.0,146.0,146.0,700.0
147.0,147.0,147.0,147.0,700.0
148.0,148.0,148.0,148.0,700.0
149.0,149.0,149.0,149.0,700.0
160.0,160.0,160.0,160.0,700.0
188.0,188.0,188.0,188.0,700.0
189.0,189.0,189.0,189.0,700.0
190.0,190.0,190.0,190.0,700.0
50432.0,50432.0,50432.0,48128.0,50690.0
199.0,199.0,199.0,199.0,700.0
200.0,200.0,200.0,200.0,700.0
214.0,54998.0,54784.0,48128.0,55042.0
225.0,225.0,225.0,700.0,73.0
227.0,58339.0,58112.0,48128.0,18690.0
59136.0,0.0,231.0,700.0,232.0
