135.0,135.0,135.0,135.0,700.0
136.0,136.0,136.0,136.0,700.0
146.0,37376.0,37376.0,48128.0,37634.0
148.0,148.0,148.0,148.0,700.0
153.0,153.0,153.0,153.0,700.0
154.0,154.0,154.0,154.0,700.0
155.0,155.0,155.0,155.0,700.0
156.0,156.0,156.0,156.0,700.0
174.0,174.0,174.0,174.0,700.0
176.0,176.0,176.0,176.0,700.0
177.0,177.0,177.0,177.0,700.0
204.0,204.0,204.0,204.0,700.0
205.0,205.0,205.0,205.0,700.0
206.0,206.0,206.0,206.0,700.0
52992.0,52992.0,48128.0,18690.0,208.0
236.0,236.0,236.0,236.0,700.0
237.0,237.0,237.0,237.0,700.0
