30.0,30.0,30.0,30.0,700.0
31.0,31.0,31.0,31.0,700.0
32.0,32.0,32.0,32.0,700.0
33.0,33.0,33.0,33.0,700.0
34.0,34.0,34.0,34.0,700.0
35.0,35.0,35.0,35.0,700.0
36.0,36.0,36.0,36.0,700.0
37.0,37.0,37.0,37.0,700.0
38.0,38.0,38.0,38.0,700.0
39.0,39.0,39.0,39.0,700.0
40.0,40.0,40.0,40.0,700.0
41.0,41.0,41.0,41.0,700.0
42.0,42.0,42.0,42.0,700.0
43.0,43.0,43.0,43.0,700.0
44.0,44.0,44.0,44.0,700.0
45.0,45.0,45.0,45.0,700.0
46.0,46.0,46.0,46.0,700.0
47.0,47.0,47.0,47.0,700.0
48.0,48.0,48.0,48.0,700.0
49.0,49.0,49.0,49.0,700.0
50.0,50.0,50.0,50.0,700.0
51.0,51.0,51.0,51.0,700.0
52.0,52.0,52.0,52.0,700.0
53.0,53.0,53.0,53.0,700.0
54.0,54.0,54.0,54.0,700.0
55.0,55.0,55.0,55.0,700.0
56.0,56.0,56.0,56.0,700.0
57.0,57.0,57.0,57.0,700.0
58.0,58.0,58.0,58.0,700.0
59.0,59.0,59.0,59.0,700.0
60.0,60.0,60.0,60.0,700.0
61.0,61.0,61.0,61.0,700.0
62.0,62.0,62.0,62.0,700.0
63.0,63.0,63.0,63.0,700.0
64.0,64.0,64.0,64.0,700.0
65.0,65.0,65.0,65.0,700.0
66.0,66.0,66.0,66.0,700.0
67.0,67.0,67.0,67.0,700.0
68.0,68.0,68.0,68.0,700.0
69.0,69.0,69.0,69.0,700.0
70.0,70.0,70.0,70.0,700.0
71.0,71.0,71.0,71.0,700.0
72.0,72.0,72.0,72.0,700.0
73.0,73.0,73.0,73.0,700.0
74.0,74.0,74.0,74.0,700.0
75.0,75.0,75.0,75.0,700.0
76.0,76.0,76.0,76.0,700.0
77.0,77.0,77.0,77.0,700.0
78.0,78.0,78.0,78.0,700.0
79.0,79.0,79.0,79.0,700.0
80.0,80.0,80.0,80.0,700.0
81.0,81.0,81.0,81.0,700.0
82.0,82.0,82.0,82.0,700.0
83.0,83.0,83.0,83.0,700.0
84.0,84.0,84.0,84.0,700.0
85.0,85.0,85.0,85.0,700.0
86.0,86.0,86.0,86.0,700.0
87.0,87.0,87.0,87.0,700.0
88.0,88.0,88.0,88.0,700.0
89.0,89.0,89.0,89.0,700.0
90.0,90.0,90.0,90.0,700.0
91.0,91.0,91.0,91.0,700.0
92.0,92.0,92.0,92.0,700.0
93.0,93.0,93.0,93.0,700.0
94.0,94.0,94.0,94.0,700.0
95.0,95.0,95.0,95.0,700.0
96.0,96.0,96.0,96.0,700.0
97.0,97.0,97.0,97.0,700.0
98.0,98.0,98.0,98.0,700.0
99.0,99.0,99.0,99.0,700.0
100.0,100.0,100.0,100.0,700.0
101.0,101.0,101.0,101.0,700.0
102.0,102.0,102.0,102.0,700.0
103.0,103.0,103.0,103.0,700.0
104.0,104.0,104.0,104.0,700.0
105.0,105.0,105.0,105.0,700.0
106.0,106.0,106.0,106.0,700.0
107.0,107.0,107.0,107.0,700.0
108.0,108.0,108.0,108.0,700.0
109.0,109.0,109.0,109.0,700.0
110.0,110.0,110.0,110.0,700.0
111.0,111.0,111.0,111.0,700.0
112.0,112.0,112.0,112.0,700.0
113.0,113.0,113.0,113.0,700.0
114.0,114.0,114.0,114.0,700.0
115.0,115.0,115.0,115.0,700.0
116.0,116.0,116.0,116.0,700.0
117.0,117.0,117.0,117.0,700.0
118.0,118.0,118.0,118.0,700.0
119.0,119.0,119.0,119.0,700.0
120.0,120.0,120.0,120.0,700.0
121.0,121.0,121.0,121.0,700.0
122.0,122.0,122.0,122.0,700.0
123.0,123.0,123.0,123.0,700.0
152.0,152.0,152.0,152.0,700.0
153.0,153.0,153.0,153.0,700.0
154.0,154.0,154.0,154.0,700.0
155.0,155.0,155.0,155.0,700.0
156.0,156.0,156.0,156.0,700.0
157.0,157.0,157.0,157.0,700.0
158.0,158.0,158.0,158.0,700.0
159.0,159.0,159.0,159.0,700.0
160.0,160.0,160.0,160.0,700.0
161.0,161.0,161.0,161.0,700.0
162.0,162.0,162.0,162.0,700.0
163.0,163.0,163.0,163.0,700.0
164.0,164.0,164.0,164.0,700.0
165.0,165.0,165.0,165.0,700.0
166.0,166.0,166.0,166.0,700.0
167.0,167.0,167.0,167.0,700.0
168.0,168.0,168.0,168.0,700.0
169.0,169.0,169.0,169.0,700.0
170.0,170.0,170.0,170.0,700.0
171.0,171.0,171.0,171.0,700.0
172.0,172.0,172.0,172.0,700.0
173.0,173.0,173.0,173.0,700.0
174.0,174.0,174.0,174.0,700.0
175.0,175.0,175.0,175.0,700.0
176.0,176.0,176.0,176.0,700.0
177.0,177.0,177.0,177.0,700.0
178.0,178.0,178.0,178.0,700.0
179.0,179.0,179.0,179.0,700.0
180.0,180.0,180.0,180.0,700.0
181.0,181.0,181.0,181.0,700.0
182.0,182.0,182.0,182.0,700.0
183.0,183.0,183.0,183.0,700.0
184.0,184.0,184.0,184.0,700.0
185.0,185.0,185.0,185.0,700.0
186.0,186.0,186.0,186.0,700.0
187.0,187.0,187.0,187.0,700.0
188.0,188.0,188.0,188.0,700.0
189.0,189.0,189.0,189.0,700.0
190.0,190.0,190.0,190.0,700.0
191.0,191.0,191.0,191.0,700.0
192.0,192.0,192.0,192.0,700.0
193.0,193.0,193.0,193.0,700.0
194.0,194.0,194.0,194.0,700.0
195.0,195.0,195.0,195.0,700.0
196.0,196.0,196.0,196.0,700.0
197.0,197.0,197.0,197.0,700.0
198.0,198.0,198.0,198.0,700.0
199.0,199.0,199.0,199.0,700.0
200.0,200.0,200.0,200.0,700.0
201.0,201.0,201.0,201.0,700.0
202.0,202.0,202.0,202.0,700.0
203.0,203.0,203.0,203.0,700.0
204.0,204.0,204.0,204.0,700.0
252.0,252.0,252.0,252.0,700.0
253.0,253.0,253.0,253.0,700.0
254.0,254.0,254.0,254.0,700.0
0.0,0.0,0.0,0.0,700.0
0.0,0.0,0.0,0.0,700.0
0.0,0.0,0.0,0.0,700.0
0.0,0.0,0.0,0.0,700.0
0.0,0.0,0.0,0.0,700.0
0.0,0.0,0.0,0.0,700.0
0.0,0.0,0.0,0.0,700.0
0.0,0.0,0.0,0.0,700.0
7.0,7.0,7.0,7.0,700.0
