131.0,131.0,131.0,131.0,700.0
132.0,132.0,132.0,132.0,700.0
139.0,139.0,139.0,139.0,700.0
140.0,140.0,140.0,140.0,700.0
160.0,160.0,160.0,160.0,700.0
41216.0,41216.0,41216.0,48128.0,18690.0
163.0,163.0,163.0,163.0,700.0
164.0,164.0,164.0,164.0,700.0
165.0,165.0,165.0,165.0,700.0
166.0,166.0,166.0,166.0,700.0
178.0,178.0,178.0,700.0,73.0
186.0,186.0,186.0,186.0,700.0
187.0,187.0,187.0,187.0,700.0
188.0,48128.0,48128.0,48128.0,18690.0
200.0,200.0,200.0,200.0,700.0
201.0,201.0,201.0,201.0,700.0
202.0,202.0,202.0,202.0,700.0
203.0,203.0,203.0,203.0,700.0
218.0,218.0,218.0,218.0,700.0
56064.0,56064.0,56064.0,48128.0,18690.0
221.0,221.0,221.0,221.0,700.0
57825.0,57600.0,48128.0,2.0,0.0
231.0,231.0,231.0,231.0,700.0
232.0,232.0,232.0,232.0,700.0
233.0,233.0,233.0,233.0,700.0
234.0,234.0,234.0,234.0,700.0
