153.0,153.0,153.0,153.0,700.0
154.0,154.0,154.0,154.0,700.0
156.0,156.0,156.0,156.0,700.0
157.0,157.0,157.0,157.0,700.0
0.0,158.0,158.0,700.0,40777.0
163.0,163.0,163.0,163.0,700.0
42240.0,42240.0,42240.0,48128.0,42498.0
167.0,167.0,167.0,167.0,700.0
43176.0,43008.0,43008.0,48128.0,43266.0
43690.0,43520.0,43520.0,48128.0,18690.0
173.0,173.0,173.0,173.0,700.0
179.0,179.0,179.0,179.0,700.0
180.0,180.0,180.0,180.0,700.0
181.0,181.0,181.0,181.0,700.0
182.0,182.0,182.0,182.0,700.0
183.0,183.0,183.0,183.0,700.0
184.0,184.0,184.0,184.0,700.0
185.0,185.0,185.0,185.0,700.0
191.0,0.0,191.0,700.0,49344.0
194.0,194.0,194.0,194.0,700.0
195.0,195.0,195.0,195.0,700.0
201.0,201.0,201.0,201.0,700.0
202.0,202.0,202.0,202.0,700.0
0.0,52736.0,48128.0,18690.0,52992.0
212.0,212.0,212.0,212.0,700.0
213.0,213.0,213.0,213.0,700.0
58853.0,58624.0,58624.0,48128.0,18690.0
