169.0,169.0,169.0,169.0,700.0
170.0,170.0,170.0,170.0,700.0
171.0,171.0,171.0,171.0,700.0
172.0,172.0,172.0,700.0,44461.0
181.0,181.0,181.0,181.0,700.0
182.0,182.0,182.0,182.0,700.0
183.0,183.0,183.0,183.0,700.0
191.0,191.0,191.0,191.0,700.0
192.0,192.0,192.0,192.0,700.0
193.0,193.0,193.0,193.0,700.0
195.0,195.0,195.0,195.0,700.0
196.0,196.0,196.0,196.0,700.0
197.0,197.0,197.0,197.0,700.0
198.0,198.0,198.0,198.0,700.0
53504.0,53504.0,53504.0,48128.0,18690.0
211.0,211.0,211.0,211.0,700.0
212.0,212.0,212.0,212.0,700.0
216.0,216.0,216.0,216.0,700.0
217.0,217.0,217.0,217.0,700.0
222.0,222.0,222.0,222.0,700.0
223.0,223.0,223.0,223.0,700.0
57344.0,57344.0,57344.0,48128.0,2.0
227.0,58339.0,48128.0,18690.0,228.0
229.0,229.0,229.0,229.0,700.0
