42496.0,42496.0,42496.0,48128.0,18690.0
168.0,168.0,168.0,168.0,700.0
169.0,169.0,169.0,169.0,700.0
170.0,170.0,170.0,170.0,700.0
173.0,173.0,173.0,173.0,700.0
174.0,174.0,174.0,174.0,700.0
175.0,175.0,175.0,175.0,700.0
176.0,176.0,176.0,176.0,700.0
177.0,177.0,177.0,177.0,700.0
178.0,178.0,178.0,178.0,700.0
188.0,188.0,188.0,188.0,700.0
18877.0,0.0,190.0,190.0,700.0
196.0,196.0,196.0,196.0,700.0
197.0,197.0,197.0,197.0,700.0
198.0,198.0,198.0,198.0,700.0
199.0,199.0,199.0,199.0,700.0
200.0,51200.0,51200.0,48128.0,18690.0
202.0,202.0,202.0,202.0,700.0
207.0,207.0,207.0,207.0,700.0
219.0,219.0,219.0,219.0,700.0
220.0,220.0,220.0,220.0,700.0
230.0,230.0,230.0,230.0,700.0
