146.00 289.00 240.00 180.00
160.00 286.00 253.00 212.00
170.00 294.00 246.00 262.00
181.00 289.00 252.00 293.00
200.00 293.00 258.00 304.00
208.00 304.00 263.00 310.00
222.00 308.00 270.00 323.00
251.00 298.00 261.00 307.00
251.00 307.00 257.00 304.00
303.00 315.00 274.00 322.00
315.00 302.00 263.00 320.00
311.00 310.00 277.00 322.00
316.00 313.00 264.00 318.00
313.00 315.00 250.00 304.00
311.00 303.00 263.00 298.00
308.00 316.00 244.00 329.00
328.00 317.00 268.00 323.00
324.00 292.00 245.00 311.00
309.00 290.00 251.00 305.00
325.00 297.00 253.00 314.00
318.00 284.00 233.00 282.00
312.00 288.00 245.00 306.00
305.00 292.00 243.00 295.00
317.00 278.00 247.00 283.00
315.00 283.00 230.00 309.00
317.00 270.00 236.00 300.00
311.00 275.00 223.00 298.00
311.00 260.00 216.00 296.00
304.00 269.00 225.00 273.00
309.00 256.00 211.00 275.00
307.00 251.00 211.00 285.00
304.00 252.00 217.00 273.00
307.00 254.00 213.00 259.00
299.00 247.00 217.00 274.00
304.00 245.00 206.00 246.00
291.00 241.00 212.00 243.00
294.00 247.00 216.00 267.00
286.00 235.00 199.00 258.00
287.00 241.00 204.00 228.00
272.00 232.00 208.00 240.00
272.00 232.00 206.00 255.00
262.00 233.00 195.00 238.00
251.00 229.00 206.00 221.00
255.00 232.00 217.00 227.00
248.00 230.00 219.00 237.00
247.00 232.00 215.00 223.00
225.00 234.00 211.00 222.00
231.00 230.00 205.00 238.00
236.00 230.00 217.00 242.00
229.00 238.00 215.00 231.00
220.00 226.00 214.00 244.00
229.00 229.00 209.00 242.00
221.00 223.00 211.00 215.00
220.00 226.00 212.00 224.00
221.00 232.00 208.00 238.00
214.00 228.00 212.00 229.00
212.00 217.00 202.00 223.00
212.00 220.00 211.00 222.00
221.00 228.00 210.00 220.00
214.00 226.00 218.00 226.00
216.00 232.00 212.00 231.00
228.00 232.00 208.00 235.00
231.00 231.00 218.00 253.00
230.00 240.00 226.00 256.00
228.00 230.00 209.00 232.00
234.00 233.00 232.00 230.00
230.00 231.00 218.00 236.00
219.00 225.00 222.00 237.00
213.00 209.00 223.00 242.00
226.00 231.00 221.00 239.00
219.00 228.00 228.00 243.00
216.00 237.00 229.00 248.00
229.00 240.00 227.00 256.00
237.00 239.00 220.00 260.00
233.00 231.00 226.00 257.00
226.00 238.00 223.00 251.00
227.00 228.00 227.00 240.00
208.00 218.00 217.00 233.00
218.00 215.00 228.00 246.00
211.00 229.00 210.00 227.00
214.00 214.00 208.00 242.00
215.00 221.00 217.00 244.00
215.00 225.00 220.00 263.00
217.00 233.00 231.00 256.00
207.00 224.00 228.00 266.00
229.00 234.00 230.00 257.00
235.00 234.00 243.00 257.00
243.00 235.00 240.00 248.00
227.00 218.00 216.00 242.00
224.00 221.00 203.00 233.00
221.00 223.00 219.00 238.00
226.00 215.00 214.00 260.00
250.00 230.00 237.00 261.00
229.00 232.00 217.00 236.00
248.00 227.00 218.00 257.00
225.00 225.00 213.00 269.00
234.00 230.00 231.00 252.00
223.00 228.00 227.00 245.00
242.00 222.00 209.00 251.00
230.00 233.00 215.00 232.00
224.00 218.00 230.00 244.00
225.00 213.00 224.00 245.00
227.00 214.00 217.00 228.00
221.00 216.00 198.00 236.00
220.00 230.00 201.00 249.00
217.00 228.00 214.00 253.00
218.00 226.00 217.00 235.00
214.00 229.00 228.00 240.00
211.00 239.00 236.00 237.00
215.00 231.00 209.00 239.00
216.00 238.00 211.00 237.00
226.00 237.00 216.00 242.00
246.00 242.00 217.00 238.00
250.00 229.00 208.00 224.00
234.00 228.00 218.00 238.00
208.00 220.00 207.00 233.00
204.00 221.00 210.00 226.00
236.00 236.00 213.00 238.00
224.00 231.00 221.00 238.00
231.00 231.00 228.00 255.00
230.00 241.00 227.00 261.00
229.00 232.00 222.00 249.00
223.00 223.00 203.00 251.00
232.00 216.00 204.00 242.00
229.00 222.00 202.00 233.00
213.00 215.00 229.00 242.00
225.00 237.00 228.00 267.00
246.00 239.00 220.00 253.00
231.00 239.00 221.00 246.00
237.00 233.00 233.00 260.00
229.00 235.00 221.00 260.00
250.00 217.00 215.00 249.00
238.00 222.00 212.00 246.00
226.00 222.00 220.00 250.00
228.00 233.00 233.00 248.00
228.00 224.00 221.00 263.00
245.00 221.00 233.00 262.00
246.00 232.00 237.00 270.00
245.00 244.00 239.00 264.00
238.00 236.00 235.00 255.00
232.00 220.00 215.00 245.00
226.00 223.00 226.00 263.00
228.00 224.00 230.00 248.00
229.00 226.00 226.00 261.00
231.00 231.00 237.00 238.00
225.00 251.00 229.00 265.00
227.00 227.00 229.00 264.00
228.00 222.00 236.00 265.00
230.00 231.00 237.00 271.00
219.00 224.00 211.00 254.00
217.00 210.00 201.00 259.00
217.00 215.00 208.00 268.00
220.00 218.00 205.00 259.00
220.00 210.00 204.00 262.00
224.00 211.00 215.00 268.00
224.00 225.00 213.00 261.00
221.00 231.00 223.00 263.00
229.00 239.00 215.00 258.00
206.00 222.00 209.00 263.00
207.00 224.00 206.00 259.00
209.00 227.00 215.00 262.00
224.00 221.00 219.00 266.00
231.00 238.00 210.00 262.00
230.00 243.00 217.00 262.00
220.00 234.00 200.00 244.00
216.00 216.00 201.00 253.00
220.00 218.00 198.00 250.00
208.00 220.00 210.00 243.00
219.00 212.00 201.00 259.00
219.00 212.00 214.00 257.00
216.00 210.00 210.00 246.00
211.00 205.00 200.00 239.00
209.00 203.00 201.00 241.00
211.00 203.00 196.00 241.00
209.00 202.00 202.00 242.00
216.00 208.00 200.00 248.00
209.00 206.00 210.00 246.00
209.00 207.00 206.00 232.00
214.00 204.00 194.00 222.00
212.00 199.00 195.00 221.00
211.00 199.00 192.00 217.00
206.00 207.00 191.00 222.00
210.00 203.00 190.00 214.00
219.00 206.00 192.00 220.00
212.00 207.00 193.00 220.00
224.00 210.00 190.00 223.00
216.00 216.00 204.00 225.00
220.00 229.00 197.00 229.00
221.00 217.00 186.00 219.00
217.00 222.00 187.00 215.00
210.00 218.00 169.00 213.00
206.00 219.00 181.00 209.00
214.00 211.00 171.00 207.00
213.00 209.00 177.00 208.00
212.00 209.00 210.00 211.00
214.00 218.00 199.00 217.00
229.00 217.00 186.00 216.00
220.00 209.00 184.00 220.00
213.00 211.00 187.00 216.00
224.00 210.00 188.00 219.00
215.00 213.00 187.00 218.00
211.00 204.00 185.00 211.00
217.00 207.00 177.00 207.00
215.00 207.00 177.00 205.00
216.00 209.00 178.00 206.00
213.00 209.00 203.00 208.00
218.00 215.00 205.00 215.00
212.00 208.00 203.00 214.00
212.00 215.00 213.00 218.00
221.00 219.00 212.00 224.00
220.00 219.00 210.00 221.00
214.00 217.00 209.00 216.00
224.00 229.00 202.00 216.00
207.00 221.00 199.00 209.00
207.00 213.00 204.00 208.00
203.00 212.00 200.00 208.00
203.00 215.00 200.00 214.00
210.00 223.00 194.00 222.00
205.00 223.00 195.00 225.00
213.00 218.00 195.00 220.00
219.00 231.00 176.00 218.00
220.00 226.00 175.00 228.00
216.00 221.00 173.00 217.00
231.00 233.00 171.00 211.00
216.00 230.00 164.00 213.00
215.00 216.00 164.00 210.00
206.00 214.00 172.00 205.00
217.00 212.00 175.00 205.00
214.00 211.00 177.00 203.00
209.00 213.00 181.00 205.00
211.00 210.00 185.00 208.00
218.00 218.00 184.00 211.00
214.00 217.00 189.00 209.00
215.00 224.00 185.00 210.00
216.00 218.00 182.00 207.00
216.00 214.00 179.00 201.00
208.00 212.00 176.00 200.00
208.00 215.00 177.00 201.00
208.00 215.00 180.00 202.00
213.00 211.00 174.00 205.00
222.00 218.00 183.00 201.00
217.00 219.00 178.00 206.00
232.00 226.00 178.00 208.00
217.00 222.00 188.00 206.00
216.00 224.00 177.00 205.00
208.00 228.00 159.00 206.00
203.00 226.00 160.00 202.00
206.00 226.00 156.00 197.00
205.00 220.00 162.00 194.00
207.00 215.00 163.00 195.00
208.00 217.00 164.00 197.00
212.00 220.00 167.00 201.00
216.00 224.00 165.00 196.00
217.00 223.00 167.00 195.00
210.00 220.00 167.00 194.00
209.00 216.00 166.00 195.00
211.00 216.00 168.00 193.00
209.00 217.00 169.00 197.00
210.00 219.00 171.00 197.00
214.00 219.00 174.00 198.00
215.00 220.00 176.00 201.00
216.00 221.00 173.00 197.00
211.00 221.00 169.00 197.00
211.00 221.00 168.00 195.00
204.00 219.00 169.00 195.00
204.00 221.00 167.00 200.00
207.00 223.00 171.00 194.00
208.00 219.00 174.00 193.00
209.00 218.00 175.00 194.00
208.00 215.00 175.00 195.00
210.00 219.00 178.00 194.00
210.00 221.00 176.00 197.00
209.00 224.00 176.00 212.00
203.00 233.00 177.00 205.00
211.00 233.00 179.00 215.00
212.00 234.00 180.00 212.00
205.00 230.00 172.00 203.00
