114.00 19.00 287.00 238.00
114.00 20.00 280.00 241.00
114.00 17.00 273.00 234.00
114.00 17.00 276.00 235.00
113.00 16.00 281.00 234.00
114.00 16.00 281.00 232.00
113.00 16.00 280.00 233.00
113.00 16.00 281.00 232.00
114.00 16.00 282.00 232.00
120.00 17.00 284.00 235.00
120.00 17.00 284.00 233.00
120.00 18.00 281.00 236.00
121.00 17.00 285.00 235.00
125.00 21.00 286.00 234.00
128.00 18.00 286.00 235.00
131.00 35.00 297.00 239.00
140.00 58.00 294.00 252.00
140.00 69.00 302.00 273.00
149.00 80.00 310.00 313.00
165.00 115.00 327.00 330.00
192.00 134.00 339.00 336.00
250.00 161.00 330.00 338.00
276.00 183.00 334.00 332.00
308.00 209.00 305.00 337.00
313.00 233.00 321.00 333.00
341.00 258.00 298.00 334.00
339.00 277.00 323.00 332.00
335.00 306.00 330.00 316.00
326.00 307.00 311.00 315.00
358.00 300.00 303.00 311.00
349.00 298.00 304.00 319.00
334.00 300.00 304.00 308.00
346.00 284.00 311.00 312.00
347.00 287.00 300.00 310.00
350.00 264.00 287.00 298.00
323.00 260.00 254.00 293.00
309.00 252.00 246.00 280.00
306.00 243.00 244.00 295.00
301.00 242.00 245.00 293.00
300.00 239.00 251.00 295.00
294.00 237.00 249.00 293.00
292.00 236.00 243.00 292.00
289.00 235.00 241.00 292.00
287.00 229.00 240.00 288.00
283.00 230.00 242.00 282.00
278.00 225.00 240.00 281.00
275.00 225.00 238.00 269.00
271.00 223.00 241.00 269.00
270.00 222.00 240.00 266.00
268.00 222.00 236.00 260.00
268.00 226.00 237.00 261.00
267.00 221.00 235.00 263.00
268.00 219.00 239.00 262.00
263.00 223.00 237.00 261.00
266.00 222.00 241.00 255.00
263.00 224.00 234.00 256.00
260.00 222.00 235.00 258.00
264.00 223.00 234.00 261.00
262.00 222.00 233.00 262.00
263.00 223.00 231.00 256.00
262.00 220.00 230.00 267.00
257.00 223.00 228.00 257.00
261.00 220.00 228.00 268.00
271.00 219.00 224.00 266.00
266.00 220.00 222.00 237.00
268.00 220.00 222.00 235.00
275.00 221.00 219.00 249.00
269.00 218.00 218.00 241.00
263.00 220.00 217.00 230.00
262.00 222.00 217.00 221.00
250.00 222.00 216.00 218.00
245.00 222.00 215.00 221.00
240.00 224.00 218.00 231.00
236.00 226.00 235.00 224.00
222.00 235.00 249.00 228.00
225.00 240.00 247.00 229.00
227.00 248.00 240.00 229.00
220.00 250.00 236.00 230.00
230.00 241.00 230.00 232.00
233.00 242.00 233.00 234.00
230.00 236.00 235.00 233.00
231.00 238.00 237.00 231.00
224.00 232.00 228.00 226.00
233.00 233.00 224.00 228.00
230.00 231.00 224.00 229.00
227.00 227.00 223.00 222.00
225.00 217.00 226.00 228.00
220.00 221.00 227.00 232.00
222.00 220.00 238.00 250.00
232.00 233.00 244.00 243.00
236.00 243.00 249.00 257.00
239.00 247.00 250.00 264.00
236.00 236.00 246.00 256.00
236.00 239.00 232.00 252.00
232.00 220.00 257.00 243.00
223.00 219.00 244.00 247.00
223.00 210.00 233.00 255.00
235.00 215.00 228.00 253.00
239.00 220.00 229.00 248.00
227.00 212.00 228.00 256.00
248.00 219.00 245.00 262.00
235.00 208.00 247.00 264.00
246.00 217.00 253.00 266.00
253.00 231.00 249.00 258.00
252.00 226.00 254.00 262.00
251.00 225.00 247.00 254.00
247.00 217.00 238.00 253.00
236.00 213.00 221.00 245.00
228.00 203.00 214.00 242.00
224.00 201.00 211.00 237.00
221.00 204.00 216.00 251.00
241.00 210.00 219.00 264.00
241.00 216.00 221.00 268.00
247.00 207.00 228.00 258.00
238.00 211.00 223.00 257.00
237.00 202.00 224.00 258.00
231.00 199.00 216.00 256.00
229.00 197.00 217.00 246.00
229.00 199.00 208.00 248.00
220.00 194.00 221.00 248.00
220.00 195.00 210.00 248.00
216.00 197.00 212.00 254.00
211.00 192.00 220.00 259.00
220.00 197.00 222.00 254.00
227.00 199.00 227.00 260.00
220.00 203.00 228.00 262.00
215.00 202.00 214.00 258.00
217.00 196.00 218.00 260.00
210.00 200.00 220.00 255.00
209.00 200.00 220.00 253.00
209.00 192.00 216.00 251.00
207.00 186.00 213.00 248.00
209.00 195.00 212.00 251.00
208.00 196.00 205.00 249.00
208.00 198.00 211.00 258.00
218.00 211.00 216.00 260.00
219.00 206.00 214.00 259.00
219.00 204.00 218.00 258.00
215.00 209.00 217.00 252.00
215.00 204.00 216.00 252.00
211.00 204.00 217.00 247.00
206.00 195.00 213.00 245.00
202.00 190.00 210.00 247.00
201.00 184.00 208.00 244.00
201.00 185.00 205.00 246.00
198.00 188.00 206.00 252.00
202.00 188.00 208.00 254.00
207.00 191.00 206.00 250.00
209.00 198.00 214.00 255.00
207.00 196.00 216.00 248.00
203.00 194.00 218.00 240.00
203.00 192.00 213.00 239.00
193.00 191.00 210.00 242.00
199.00 189.00 211.00 236.00
202.00 192.00 214.00 229.00
197.00 195.00 215.00 221.00
192.00 193.00 202.00 221.00
194.00 204.00 212.00 224.00
201.00 211.00 216.00 236.00
203.00 215.00 215.00 225.00
199.00 210.00 210.00 234.00
202.00 196.00 211.00 222.00
196.00 196.00 203.00 218.00
193.00 189.00 209.00 220.00
190.00 185.00 210.00 207.00
188.00 182.00 217.00 183.00
193.00 193.00 210.00 214.00
200.00 198.00 204.00 209.00
199.00 198.00 200.00 203.00
195.00 195.00 201.00 207.00
193.00 186.00 200.00 207.00
189.00 183.00 198.00 210.00
187.00 177.00 200.00 197.00
189.00 187.00 202.00 206.00
194.00 186.00 208.00 208.00
196.00 189.00 202.00 173.00
193.00 183.00 200.00 201.00
190.00 184.00 199.00 187.00
185.00 184.00 207.00 195.00
184.00 180.00 207.00 199.00
182.00 185.00 218.00 198.00
193.00 190.00 217.00 207.00
187.00 183.00 209.00 189.00
183.00 176.00 202.00 189.00
179.00 176.00 205.00 195.00
187.00 189.00 199.00 200.00
190.00 185.00 193.00 192.00
182.00 177.00 196.00 177.00
184.00 174.00 190.00 158.00
180.00 177.00 193.00 126.00
189.00 178.00 202.00 191.00
191.00 186.00 205.00 166.00
186.00 184.00 199.00 186.00
184.00 183.00 199.00 190.00
182.00 188.00 199.00 187.00
179.00 187.00 197.00 179.00
179.00 182.00 211.00 189.00
183.00 187.00 210.00 197.00
184.00 192.00 210.00 209.00
191.00 192.00 211.00 210.00
197.00 194.00 220.00 220.00
195.00 187.00 215.00 217.00
200.00 195.00 214.00 217.00
195.00 193.00 219.00 217.00
194.00 193.00 212.00 197.00
192.00 188.00 208.00 193.00
192.00 181.00 208.00 208.00
190.00 182.00 204.00 196.00
186.00 182.00 206.00 200.00
187.00 177.00 202.00 191.00
185.00 185.00 201.00 193.00
192.00 195.00 195.00 216.00
196.00 196.00 192.00 216.00
191.00 193.00 185.00 214.00
191.00 187.00 182.00 207.00
187.00 184.00 184.00 211.00
184.00 183.00 182.00 209.00
183.00 187.00 184.00 192.00
182.00 187.00 188.00 199.00
184.00 188.00 187.00 211.00
192.00 186.00 189.00 192.00
190.00 185.00 184.00 203.00
184.00 185.00 181.00 182.00
181.00 180.00 181.00 188.00
178.00 178.00 181.00 200.00
179.00 179.00 180.00 206.00
184.00 182.00 181.00 211.00
191.00 185.00 189.00 203.00
189.00 185.00 189.00 196.00
189.00 185.00 186.00 212.00
191.00 180.00 184.00 192.00
183.00 177.00 182.00 191.00
182.00 176.00 181.00 188.00
179.00 174.00 180.00 190.00
179.00 174.00 180.00 192.00
180.00 176.00 184.00 198.00
180.00 177.00 184.00 185.00
179.00 178.00 183.00 190.00
179.00 178.00 184.00 189.00
178.00 179.00 183.00 193.00
172.00 181.00 181.00 185.00
175.00 181.00 185.00 185.00
177.00 179.00 184.00 191.00
176.00 179.00 184.00 165.00
176.00 181.00 186.00 184.00
176.00 183.00 185.00 179.00
178.00 184.00 186.00 174.00
179.00 183.00 189.00 186.00
182.00 184.00 187.00 186.00
180.00 186.00 187.00 193.00
