79.00 233.00 228.00 70.00
88.00 234.00 231.00 75.00
93.00 231.00 232.00 86.00
113.00 240.00 237.00 101.00
118.00 236.00 244.00 105.00
131.00 244.00 247.00 106.00
149.00 245.00 239.00 110.00
152.00 234.00 237.00 105.00
160.00 241.00 234.00 108.00
174.00 239.00 230.00 120.00
190.00 245.00 243.00 113.00
208.00 252.00 250.00 122.00
233.00 262.00 240.00 128.00
230.00 260.00 240.00 133.00
239.00 242.00 237.00 131.00
224.00 237.00 235.00 128.00
225.00 240.00 228.00 133.00
227.00 237.00 247.00 141.00
220.00 232.00 232.00 134.00
213.00 232.00 233.00 146.00
222.00 232.00 240.00 159.00
240.00 249.00 240.00 155.00
235.00 262.00 244.00 160.00
238.00 261.00 233.00 174.00
238.00 251.00 243.00 166.00
235.00 252.00 227.00 174.00
232.00 253.00 231.00 164.00
232.00 244.00 227.00 176.00
221.00 251.00 230.00 181.00
236.00 247.00 230.00 186.00
224.00 224.00 234.00 179.00
230.00 228.00 222.00 183.00
226.00 229.00 223.00 174.00
230.00 228.00 226.00 186.00
233.00 228.00 228.00 190.00
223.00 221.00 227.00 215.00
230.00 237.00 229.00 214.00
227.00 246.00 230.00 214.00
220.00 245.00 233.00 231.00
215.00 251.00 235.00 242.00
237.00 258.00 231.00 205.00
206.00 257.00 241.00 219.00
193.00 252.00 237.00 218.00
207.00 254.00 233.00 220.00
230.00 242.00 231.00 217.00
234.00 245.00 235.00 215.00
228.00 246.00 232.00 223.00
239.00 229.00 236.00 221.00
229.00 225.00 222.00 222.00
255.00 238.00 232.00 222.00
237.00 259.00 238.00 223.00
244.00 247.00 239.00 228.00
234.00 246.00 234.00 227.00
237.00 243.00 235.00 218.00
239.00 238.00 229.00 209.00
234.00 246.00 225.00 214.00
221.00 237.00 215.00 212.00
225.00 252.00 236.00 230.00
249.00 254.00 234.00 223.00
236.00 238.00 235.00 221.00
215.00 238.00 226.00 219.00
238.00 241.00 242.00 240.00
253.00 246.00 237.00 224.00
228.00 230.00 233.00 217.00
209.00 247.00 222.00 213.00
230.00 237.00 235.00 224.00
239.00 248.00 238.00 232.00
243.00 237.00 221.00 214.00
228.00 225.00 221.00 216.00
229.00 230.00 222.00 232.00
240.00 245.00 240.00 237.00
255.00 236.00 227.00 218.00
252.00 229.00 223.00 221.00
242.00 219.00 221.00 208.00
226.00 237.00 225.00 216.00
236.00 231.00 233.00 219.00
246.00 244.00 235.00 224.00
239.00 255.00 238.00 226.00
253.00 256.00 217.00 229.00
221.00 225.00 225.00 223.00
219.00 222.00 216.00 213.00
224.00 230.00 223.00 231.00
225.00 249.00 230.00 233.00
238.00 249.00 245.00 238.00
246.00 248.00 232.00 237.00
251.00 258.00 240.00 225.00
236.00 239.00 239.00 221.00
241.00 235.00 233.00 215.00
198.00 251.00 243.00 238.00
241.00 251.00 234.00 229.00
234.00 255.00 245.00 225.00
234.00 252.00 245.00 229.00
232.00 232.00 237.00 208.00
221.00 236.00 216.00 212.00
238.00 246.00 231.00 230.00
241.00 249.00 237.00 216.00
194.00 239.00 241.00 225.00
252.00 251.00 241.00 227.00
222.00 244.00 229.00 218.00
220.00 246.00 231.00 233.00
192.00 228.00 233.00 240.00
230.00 237.00 239.00 245.00
209.00 250.00 238.00 234.00
238.00 239.00 239.00 240.00
194.00 253.00 240.00 238.00
234.00 243.00 228.00 225.00
195.00 245.00 218.00 216.00
200.00 233.00 222.00 232.00
236.00 234.00 222.00 221.00
225.00 235.00 230.00 244.00
201.00 252.00 239.00 233.00
267.00 243.00 241.00 246.00
206.00 241.00 243.00 238.00
246.00 251.00 238.00 235.00
237.00 245.00 235.00 231.00
262.00 229.00 240.00 226.00
254.00 227.00 228.00 217.00
213.00 225.00 230.00 220.00
156.00 233.00 229.00 217.00
221.00 233.00 226.00 228.00
213.00 239.00 236.00 227.00
184.00 257.00 236.00 238.00
189.00 246.00 235.00 240.00
226.00 244.00 233.00 233.00
223.00 251.00 245.00 240.00
241.00 233.00 188.00 235.00
209.00 241.00 238.00 243.00
198.00 237.00 230.00 221.00
222.00 239.00 225.00 225.00
213.00 241.00 228.00 221.00
231.00 230.00 141.00 219.00
239.00 248.00 202.00 240.00
173.00 250.00 213.00 241.00
252.00 250.00 241.00 241.00
182.00 259.00 238.00 240.00
159.00 242.00 232.00 238.00
237.00 232.00 228.00 230.00
175.00 245.00 225.00 230.00
209.00 231.00 220.00 225.00
143.00 233.00 219.00 227.00
188.00 236.00 229.00 232.00
239.00 234.00 229.00 230.00
202.00 249.00 236.00 232.00
216.00 248.00 226.00 228.00
249.00 246.00 229.00 234.00
166.00 249.00 229.00 222.00
187.00 248.00 220.00 202.00
183.00 241.00 220.00 212.00
180.00 240.00 211.00 201.00
231.00 235.00 230.00 221.00
235.00 229.00 234.00 213.00
219.00 247.00 244.00 221.00
232.00 241.00 242.00 229.00
225.00 255.00 232.00 211.00
192.00 242.00 228.00 221.00
187.00 235.00 220.00 217.00
210.00 231.00 231.00 217.00
215.00 237.00 189.00 224.00
184.00 244.00 223.00 229.00
178.00 234.00 230.00 216.00
199.00 224.00 233.00 238.00
166.00 243.00 231.00 234.00
227.00 238.00 239.00 242.00
193.00 249.00 229.00 226.00
220.00 231.00 208.00 222.00
181.00 220.00 207.00 210.00
191.00 221.00 220.00 220.00
197.00 214.00 230.00 225.00
225.00 220.00 228.00 225.00
167.00 215.00 224.00 217.00
219.00 207.00 222.00 196.00
150.00 205.00 220.00 222.00
175.00 204.00 206.00 209.00
168.00 210.00 211.00 200.00
208.00 201.00 226.00 214.00
191.00 218.00 220.00 221.00
198.00 222.00 225.00 231.00
187.00 219.00 225.00 217.00
149.00 214.00 215.00 209.00
194.00 211.00 212.00 212.00
183.00 208.00 213.00 209.00
213.00 196.00 212.00 208.00
210.00 197.00 212.00 209.00
179.00 206.00 218.00 224.00
222.00 203.00 224.00 221.00
194.00 237.00 242.00 237.00
164.00 225.00 235.00 226.00
191.00 223.00 226.00 221.00
188.00 219.00 227.00 209.00
174.00 212.00 215.00 212.00
206.00 215.00 217.00 233.00
177.00 207.00 217.00 216.00
182.00 207.00 218.00 218.00
207.00 204.00 206.00 208.00
155.00 199.00 207.00 216.00
216.00 199.00 208.00 207.00
163.00 196.00 216.00 227.00
186.00 217.00 225.00 236.00
226.00 203.00 242.00 228.00
168.00 211.00 225.00 211.00
206.00 207.00 216.00 222.00
195.00 208.00 243.00 229.00
155.00 206.00 231.00 218.00
171.00 191.00 217.00 214.00
189.00 195.00 216.00 212.00
175.00 190.00 207.00 216.00
169.00 194.00 209.00 215.00
179.00 193.00 216.00 214.00
209.00 194.00 220.00 223.00
193.00 196.00 227.00 228.00
181.00 205.00 222.00 213.00
169.00 209.00 223.00 218.00
179.00 212.00 212.00 224.00
186.00 207.00 215.00 213.00
207.00 205.00 213.00 202.00
154.00 204.00 215.00 209.00
183.00 203.00 210.00 212.00
205.00 204.00 217.00 228.00
210.00 198.00 211.00 217.00
178.00 194.00 198.00 212.00
159.00 194.00 184.00 201.00
149.00 180.00 184.00 197.00
180.00 193.00 196.00 207.00
171.00 194.00 198.00 201.00
196.00 176.00 192.00 202.00
156.00 166.00 183.00 197.00
144.00 164.00 179.00 194.00
166.00 177.00 180.00 209.00
171.00 182.00 177.00 197.00
173.00 172.00 171.00 199.00
184.00 157.00 168.00 189.00
165.00 157.00 160.00 190.00
196.00 160.00 170.00 204.00
178.00 167.00 176.00 206.00
170.00 178.00 174.00 197.00
193.00 168.00 166.00 192.00
187.00 157.00 170.00 196.00
163.00 165.00 173.00 202.00
169.00 177.00 177.00 199.00
198.00 172.00 170.00 194.00
172.00 170.00 168.00 190.00
176.00 162.00 171.00 198.00
150.00 163.00 173.00 204.00
159.00 179.00 172.00 209.00
207.00 170.00 169.00 212.00
176.00 168.00 164.00 210.00
169.00 167.00 166.00 210.00
155.00 166.00 173.00 206.00
191.00 174.00 182.00 209.00
194.00 176.00 174.00 200.00
165.00 174.00 170.00 195.00
173.00 160.00 168.00 197.00
188.00 157.00 169.00 197.00
184.00 163.00 175.00 206.00
164.00 172.00 175.00 210.00
202.00 166.00 174.00 205.00
168.00 161.00 177.00 205.00
161.00 166.00 170.00 196.00
179.00 159.00 165.00 204.00
173.00 170.00 177.00 212.00
189.00 169.00 185.00 209.00
192.00 168.00 177.00 202.00
147.00 166.00 174.00 199.00
158.00 166.00 172.00 185.00
147.00 167.00 171.00 196.00
172.00 164.00 177.00 210.00
165.00 172.00 189.00 205.00
170.00 172.00 190.00 215.00
178.00 170.00 176.00 204.00
205.00 160.00 175.00 207.00
194.00 157.00 173.00 202.00
169.00 164.00 176.00 203.00
176.00 164.00 172.00 202.00
174.00 165.00 167.00 202.00
170.00 163.00 159.00 203.00
170.00 162.00 159.00 202.00
196.00 157.00 157.00 201.00
156.00 160.00 156.00 197.00
141.00 160.00 155.00 194.00
177.00 160.00 153.00 187.00
159.00 157.00 154.00 195.00
174.00 163.00 149.00 196.00
176.00 168.00 152.00 180.00
178.00 168.00 154.00 205.00
199.00 164.00 154.00 205.00
168.00 158.00 149.00 200.00
188.00 154.00 147.00 206.00
185.00 151.00 147.00 202.00
191.00 152.00 153.00 193.00
156.00 157.00 153.00 195.00
169.00 159.00 147.00 189.00
158.00 155.00 150.00 189.00
187.00 161.00 152.00 195.00
185.00 155.00 153.00 192.00
149.00 160.00 153.00 196.00
199.00 158.00 152.00 203.00
204.00 163.00 151.00 207.00
191.00 161.00 159.00 209.00
206.00 157.00 159.00 208.00
203.00 166.00 160.00 207.00
190.00 173.00 159.00 213.00
195.00 170.00 164.00 215.00
179.00 173.00 159.00 210.00
210.00 176.00 162.00 208.00
201.00 172.00 160.00 218.00
206.00 170.00 156.00 208.00
196.00 174.00 160.00 207.00
205.00 165.00 156.00 210.00
176.00 168.00 156.00 209.00
184.00 168.00 152.00 202.00
184.00 161.00 152.00 204.00
194.00 157.00 152.00 201.00
205.00 151.00 154.00 202.00
191.00 155.00 148.00 197.00
182.00 152.00 148.00 206.00
160.00 153.00 145.00 195.00
185.00 151.00 140.00 195.00
182.00 150.00 140.00 193.00
173.00 148.00 138.00 198.00
166.00 148.00 141.00 201.00
151.00 153.00 149.00 201.00
148.00 156.00 143.00 208.00
149.00 157.00 145.00 208.00
148.00 153.00 144.00 202.00
140.00 147.00 142.00 200.00
136.00 146.00 134.00 190.00
132.00 150.00 136.00 196.00
138.00 158.00 143.00 209.00
138.00 162.00 144.00 203.00
134.00 155.00 140.00 198.00
131.00 151.00 142.00 207.00
127.00 151.00 134.00 190.00
127.00 151.00 140.00 203.00
133.00 158.00 148.00 202.00
136.00 158.00 147.00 212.00
132.00 155.00 140.00 199.00
131.00 152.00 140.00 191.00
128.00 150.00 137.00 197.00
125.00 148.00 134.00 196.00
125.00 153.00 140.00 198.00
134.00 154.00 145.00 200.00
133.00 155.00 142.00 189.00
132.00 150.00 137.00 192.00
125.00 145.00 136.00 191.00
124.00 144.00 137.00 193.00
122.00 145.00 135.00 190.00
125.00 150.00 138.00 198.00
131.00 154.00 144.00 200.00
128.00 147.00 140.00 191.00
125.00 143.00 138.00 194.00
123.00 143.00 133.00 192.00
121.00 143.00 134.00 195.00
122.00 150.00 143.00 196.00
129.00 152.00 140.00 200.00
126.00 149.00 140.00 196.00
124.00 145.00 137.00 196.00
119.00 144.00 133.00 194.00
120.00 142.00 130.00 189.00
118.00 144.00 133.00 200.00
124.00 154.00 140.00 201.00
127.00 150.00 139.00 198.00
125.00 150.00 140.00 199.00
123.00 148.00 137.00 195.00
122.00 144.00 133.00 194.00
120.00 144.00 131.00 189.00
120.00 140.00 131.00 194.00
120.00 139.00 128.00 190.00
120.00 141.00 133.00 189.00
129.00 144.00 140.00 190.00
130.00 144.00 136.00 195.00
128.00 145.00 136.00 196.00
125.00 142.00 135.00 185.00
123.00 137.00 132.00 202.00
125.00 138.00 132.00 202.00
122.00 137.00 131.00 204.00
120.00 133.00 123.00 204.00
119.00 134.00 128.00 203.00
119.00 134.00 127.00 205.00
119.00 133.00 126.00 209.00
128.00 141.00 137.00 208.00
128.00 140.00 131.00 209.00
128.00 141.00 136.00 211.00
125.00 139.00 137.00 194.00
127.00 140.00 133.00 209.00
126.00 135.00 132.00 196.00
124.00 135.00 131.00 199.00
122.00 136.00 130.00 194.00
123.00 134.00 132.00 203.00
120.00 130.00 129.00 194.00
121.00 131.00 129.00 199.00
122.00 131.00 128.00 192.00
122.00 131.00 127.00 200.00
121.00 128.00 128.00 194.00
121.00 129.00 125.00 199.00
120.00 127.00 125.00 197.00
120.00 126.00 126.00 204.00
121.00 126.00 124.00 202.00
119.00 127.00 122.00 196.00
119.00 126.00 121.00 199.00
121.00 127.00 124.00 201.00
124.00 127.00 127.00 201.00
127.00 129.00 131.00 204.00
128.00 134.00 127.00 219.00
128.00 135.00 131.00 211.00
128.00 135.00 131.00 214.00
126.00 132.00 131.00 204.00
125.00 129.00 128.00 214.00
125.00 129.00 129.00 219.00
124.00 130.00 126.00 208.00
124.00 127.00 125.00 220.00
121.00 127.00 127.00 213.00
121.00 124.00 122.00 218.00
121.00 122.00 120.00 206.00
120.00 119.00 119.00 220.00
120.00 119.00 118.00 226.00
121.00 117.00 118.00 221.00
123.00 119.00 120.00 221.00
127.00 122.00 121.00 221.00
125.00 123.00 124.00 215.00
128.00 123.00 122.00 194.00
127.00 120.00 121.00 193.00
126.00 122.00 120.00 195.00
125.00 119.00 118.00 190.00
122.00 116.00 115.00 188.00
120.00 114.00 112.00 187.00
121.00 113.00 113.00 185.00
119.00 113.00 112.00 186.00
118.00 112.00 111.00 186.00
118.00 112.00 111.00 186.00
118.00 111.00 110.00 185.00
118.00 112.00 110.00 184.00
119.00 111.00 110.00 184.00
118.00 112.00 110.00 185.00
120.00 112.00 114.00 186.00
121.00 114.00 113.00 187.00
123.00 115.00 112.00 186.00
122.00 114.00 113.00 184.00
122.00 112.00 112.00 180.00
117.00 109.00 105.00 177.00
113.00 106.00 60.00 39.00
100.00 82.00 56.00 45.00
68.00 50.00 58.00 64.00
29.00 20.00 32.00 22.00
51.00 25.00 37.00 45.00
51.00 23.00 32.00 9.00
17.00 19.00 26.00 6.00
21.00 6.00 30.00 5.00
10.00 8.00 7.00 8.00
23.00 18.00 10.00 12.00
27.00 25.00 15.00 29.00
33.00 35.00 20.00 19.00
22.00 44.00 32.00 34.00
