289.00 309.00 334.00 227.00
281.00 306.00 311.00 232.00
284.00 308.00 316.00 245.00
278.00 302.00 311.00 258.00
265.00 319.00 319.00 273.00
267.00 321.00 324.00 281.00
270.00 314.00 298.00 293.00
285.00 323.00 325.00 311.00
288.00 329.00 329.00 297.00
304.00 328.00 344.00 310.00
287.00 320.00 348.00 303.00
289.00 316.00 345.00 298.00
275.00 314.00 335.00 302.00
276.00 303.00 329.00 298.00
278.00 299.00 335.00 293.00
267.00 292.00 321.00 286.00
277.00 282.00 317.00 303.00
272.00 267.00 324.00 291.00
274.00 256.00 303.00 268.00
270.00 242.00 292.00 266.00
272.00 222.00 276.00 261.00
262.00 212.00 256.00 245.00
259.00 202.00 257.00 239.00
247.00 196.00 242.00 220.00
241.00 194.00 240.00 219.00
233.00 184.00 235.00 213.00
225.00 193.00 235.00 216.00
229.00 212.00 231.00 221.00
221.00 199.00 230.00 212.00
223.00 203.00 223.00 207.00
214.00 206.00 215.00 202.00
213.00 202.00 205.00 200.00
210.00 191.00 198.00 192.00
189.00 193.00 197.00 200.00
210.00 190.00 199.00 190.00
198.00 193.00 212.00 196.00
194.00 201.00 212.00 202.00
197.00 213.00 208.00 194.00
203.00 199.00 199.00 192.00
198.00 200.00 201.00 188.00
181.00 185.00 206.00 182.00
184.00 200.00 205.00 180.00
172.00 184.00 213.00 190.00
180.00 194.00 226.00 197.00
178.00 214.00 219.00 194.00
182.00 196.00 222.00 195.00
200.00 182.00 217.00 192.00
198.00 197.00 208.00 193.00
199.00 193.00 214.00 190.00
178.00 198.00 210.00 191.00
176.00 198.00 207.00 192.00
174.00 195.00 223.00 201.00
179.00 199.00 224.00 195.00
178.00 208.00 217.00 193.00
176.00 195.00 221.00 192.00
168.00 183.00 206.00 191.00
170.00 201.00 209.00 174.00
167.00 191.00 213.00 177.00
158.00 173.00 215.00 184.00
172.00 198.00 227.00 189.00
174.00 193.00 222.00 182.00
173.00 188.00 225.00 179.00
166.00 184.00 224.00 186.00
160.00 170.00 227.00 182.00
172.00 165.00 216.00 177.00
164.00 149.00 222.00 189.00
182.00 162.00 235.00 202.00
177.00 160.00 224.00 194.00
170.00 154.00 220.00 187.00
166.00 154.00 230.00 183.00
169.00 161.00 231.00 192.00
165.00 164.00 228.00 187.00
163.00 171.00 235.00 183.00
164.00 150.00 231.00 191.00
168.00 149.00 232.00 194.00
179.00 162.00 227.00 196.00
165.00 151.00 229.00 183.00
170.00 150.00 221.00 187.00
154.00 155.00 224.00 182.00
170.00 188.00 216.00 181.00
163.00 178.00 217.00 181.00
172.00 175.00 236.00 174.00
183.00 196.00 223.00 198.00
169.00 187.00 235.00 199.00
170.00 201.00 234.00 198.00
182.00 180.00 223.00 184.00
171.00 155.00 216.00 181.00
171.00 157.00 211.00 180.00
178.00 172.00 228.00 186.00
185.00 173.00 234.00 199.00
186.00 169.00 232.00 186.00
169.00 171.00 216.00 189.00
167.00 162.00 207.00 177.00
165.00 173.00 203.00 181.00
169.00 188.00 199.00 174.00
156.00 190.00 207.00 175.00
158.00 163.00 212.00 184.00
151.00 179.00 206.00 177.00
157.00 192.00 210.00 180.00
167.00 198.00 202.00 180.00
164.00 184.00 203.00 184.00
152.00 162.00 214.00 185.00
163.00 197.00 212.00 183.00
174.00 198.00 212.00 182.00
165.00 203.00 208.00 180.00
163.00 200.00 206.00 177.00
175.00 199.00 203.00 187.00
168.00 189.00 203.00 178.00
165.00 194.00 201.00 180.00
160.00 196.00 199.00 187.00
155.00 169.00 204.00 186.00
158.00 167.00 202.00 186.00
171.00 177.00 202.00 185.00
165.00 168.00 188.00 183.00
186.00 170.00 197.00 189.00
176.00 172.00 216.00 197.00
186.00 176.00 211.00 188.00
164.00 168.00 201.00 181.00
180.00 164.00 194.00 182.00
176.00 160.00 181.00 177.00
167.00 161.00 199.00 187.00
154.00 161.00 200.00 185.00
148.00 165.00 191.00 176.00
163.00 151.00 186.00 172.00
143.00 148.00 181.00 171.00
149.00 152.00 185.00 175.00
154.00 145.00 202.00 190.00
180.00 141.00 204.00 191.00
184.00 140.00 209.00 193.00
166.00 148.00 208.00 192.00
168.00 145.00 202.00 193.00
172.00 145.00 186.00 187.00
161.00 148.00 178.00 180.00
156.00 150.00 157.00 169.00
149.00 154.00 144.00 169.00
153.00 154.00 153.00 173.00
153.00 154.00 158.00 179.00
152.00 160.00 163.00 183.00
169.00 166.00 172.00 156.00
176.00 169.00 175.00 172.00
180.00 168.00 173.00 160.00
182.00 167.00 171.00 157.00
187.00 163.00 167.00 155.00
178.00 158.00 163.00 150.00
178.00 157.00 161.00 151.00
176.00 154.00 160.00 147.00
171.00 152.00 160.00 146.00
173.00 155.00 163.00 155.00
177.00 160.00 162.00 150.00
177.00 159.00 159.00 146.00
177.00 158.00 163.00 153.00
178.00 158.00 174.00 160.00
175.00 154.00 177.00 161.00
174.00 152.00 170.00 146.00
174.00 149.00 161.00 143.00
174.00 149.00 157.00 149.00
171.00 150.00 156.00 145.00
174.00 151.00 157.00 149.00
178.00 157.00 159.00 154.00
178.00 158.00 164.00 162.00
185.00 158.00 162.00 158.00
181.00 156.00 160.00 157.00
179.00 153.00 158.00 155.00
177.00 151.00 152.00 156.00
174.00 149.00 147.00 148.00
173.00 147.00 145.00 139.00
178.00 147.00 149.00 152.00
177.00 147.00 156.00 153.00
177.00 147.00 160.00 152.00
178.00 151.00 165.00 160.00
185.00 150.00 167.00 164.00
183.00 156.00 167.00 160.00
185.00 159.00 166.00 160.00
187.00 157.00 162.00 159.00
188.00 153.00 155.00 158.00
187.00 153.00 152.00 150.00
185.00 155.00 150.00 149.00
185.00 157.00 152.00 152.00
183.00 157.00 162.00 165.00
183.00 155.00 162.00 162.00
184.00 154.00 162.00 167.00
183.00 154.00 160.00 164.00
183.00 155.00 159.00 181.00
182.00 154.00 157.00 179.00
185.00 152.00 155.00 175.00
183.00 150.00 154.00 165.00
174.00 139.00 143.00 165.00
166.00 135.00 133.00 160.00
164.00 134.00 134.00 165.00
167.00 137.00 138.00 171.00
170.00 138.00 159.00 183.00
168.00 139.00 163.00 176.00
169.00 139.00 162.00 181.00
172.00 141.00 157.00 177.00
171.00 139.00 152.00 176.00
174.00 141.00 149.00 179.00
174.00 141.00 149.00 181.00
175.00 141.00 149.00 179.00
174.00 143.00 151.00 184.00
177.00 145.00 149.00 186.00
177.00 145.00 145.00 178.00
177.00 147.00 143.00 178.00
180.00 149.00 146.00 175.00
180.00 151.00 156.00 185.00
179.00 151.00 160.00 188.00
176.00 150.00 160.00 189.00
179.00 146.00 166.00 189.00
176.00 149.00 166.00 186.00
179.00 147.00 165.00 181.00
175.00 143.00 158.00 184.00
175.00 146.00 155.00 182.00
173.00 146.00 154.00 180.00
175.00 142.00 150.00 179.00
170.00 145.00 147.00 179.00
169.00 138.00 150.00 183.00
170.00 141.00 144.00 176.00
172.00 140.00 143.00 175.00
173.00 143.00 148.00 173.00
172.00 146.00 157.00 184.00
176.00 147.00 163.00 189.00
176.00 147.00 162.00 183.00
181.00 147.00 154.00 179.00
175.00 145.00 153.00 179.00
172.00 146.00 151.00 174.00
182.00 147.00 153.00 175.00
188.00 151.00 151.00 173.00
188.00 153.00 148.00 174.00
176.00 149.00 147.00 175.00
174.00 150.00 148.00 170.00
173.00 147.00 148.00 173.00
172.00 148.00 150.00 172.00
172.00 145.00 144.00 170.00
175.00 145.00 144.00 170.00
174.00 145.00 143.00 167.00
174.00 147.00 145.00 166.00
177.00 148.00 154.00 175.00
174.00 149.00 164.00 185.00
173.00 146.00 164.00 191.00
172.00 145.00 157.00 180.00
172.00 144.00 148.00 175.00
169.00 142.00 143.00 168.00
170.00 140.00 142.00 164.00
168.00 142.00 143.00 166.00
168.00 143.00 149.00 171.00
169.00 143.00 155.00 178.00
168.00 143.00 152.00 174.00
167.00 141.00 150.00 175.00
167.00 142.00 148.00 173.00
168.00 141.00 145.00 170.00
167.00 141.00 145.00 168.00
169.00 141.00 146.00 167.00
168.00 141.00 144.00 166.00
164.00 136.00 140.00 164.00
163.00 136.00 140.00 168.00
