72.00 273.00 265.00 148.00
70.00 326.00 275.00 204.00
98.00 293.00 240.00 208.00
91.00 250.00 237.00 195.00
81.00 226.00 236.00 180.00
72.00 207.00 235.00 169.00
62.00 191.00 231.00 159.00
54.00 182.00 233.00 151.00
49.00 175.00 231.00 149.00
41.00 164.00 229.00 142.00
38.00 156.00 226.00 136.00
34.00 147.00 225.00 128.00
31.00 143.00 223.00 123.00
29.00 137.00 223.00 116.00
27.00 131.00 221.00 111.00
27.00 127.00 219.00 104.00
25.00 121.00 221.00 96.00
24.00 115.00 218.00 92.00
24.00 113.00 220.00 87.00
22.00 108.00 218.00 81.00
21.00 105.00 218.00 78.00
21.00 103.00 219.00 75.00
21.00 101.00 220.00 71.00
23.00 100.00 224.00 72.00
29.00 106.00 229.00 82.00
43.00 142.00 234.00 110.00
91.00 206.00 250.00 249.00
293.00 298.00 278.00 294.00
313.00 299.00 290.00 311.00
316.00 295.00 296.00 347.00
299.00 301.00 276.00 331.00
322.00 334.00 288.00 316.00
331.00 330.00 309.00 302.00
373.00 342.00 307.00 328.00
371.00 351.00 294.00 334.00
367.00 340.00 298.00 328.00
349.00 341.00 305.00 295.00
363.00 351.00 309.00 318.00
345.00 351.00 309.00 293.00
310.00 350.00 321.00 316.00
303.00 346.00 309.00 312.00
335.00 344.00 269.00 300.00
334.00 337.00 273.00 272.00
318.00 329.00 263.00 303.00
328.00 308.00 290.00 310.00
372.00 351.00 293.00 288.00
375.00 361.00 315.00 329.00
391.00 356.00 288.00 297.00
361.00 348.00 296.00 363.00
370.00 366.00 305.00 323.00
362.00 335.00 308.00 299.00
362.00 356.00 288.00 313.00
354.00 320.00 282.00 311.00
333.00 284.00 312.00 306.00
340.00 293.00 280.00 302.00
343.00 268.00 269.00 310.00
323.00 287.00 249.00 315.00
333.00 269.00 277.00 333.00
323.00 273.00 287.00 306.00
322.00 282.00 244.00 268.00
324.00 270.00 269.00 299.00
332.00 278.00 281.00 299.00
318.00 294.00 253.00 289.00
316.00 288.00 244.00 279.00
293.00 291.00 230.00 252.00
305.00 278.00 230.00 268.00
309.00 274.00 248.00 261.00
304.00 282.00 255.00 274.00
310.00 272.00 239.00 273.00
309.00 285.00 226.00 263.00
316.00 260.00 227.00 282.00
299.00 261.00 231.00 246.00
280.00 261.00 221.00 253.00
296.00 259.00 238.00 239.00
279.00 265.00 239.00 228.00
272.00 267.00 236.00 238.00
247.00 254.00 216.00 270.00
291.00 269.00 224.00 227.00
285.00 294.00 231.00 263.00
291.00 285.00 240.00 254.00
291.00 307.00 244.00 265.00
273.00 285.00 252.00 258.00
300.00 302.00 241.00 281.00
297.00 285.00 244.00 268.00
296.00 287.00 249.00 287.00
301.00 298.00 252.00 264.00
301.00 298.00 250.00 294.00
304.00 265.00 226.00 257.00
285.00 288.00 254.00 263.00
282.00 275.00 267.00 252.00
289.00 296.00 218.00 259.00
298.00 287.00 246.00 259.00
305.00 273.00 232.00 253.00
306.00 284.00 235.00 261.00
305.00 276.00 230.00 251.00
300.00 271.00 229.00 280.00
299.00 278.00 229.00 253.00
316.00 272.00 236.00 262.00
316.00 269.00 230.00 263.00
310.00 277.00 244.00 249.00
310.00 297.00 244.00 247.00
325.00 294.00 260.00 296.00
335.00 318.00 268.00 274.00
325.00 292.00 248.00 287.00
332.00 308.00 270.00 271.00
328.00 304.00 267.00 279.00
328.00 283.00 249.00 294.00
330.00 308.00 257.00 280.00
309.00 297.00 255.00 273.00
316.00 299.00 253.00 288.00
325.00 289.00 250.00 290.00
313.00 294.00 251.00 252.00
328.00 289.00 240.00 249.00
320.00 288.00 235.00 261.00
331.00 291.00 256.00 277.00
339.00 294.00 263.00 301.00
348.00 297.00 282.00 290.00
339.00 312.00 275.00 281.00
305.00 313.00 267.00 285.00
301.00 309.00 270.00 295.00
293.00 301.00 257.00 300.00
294.00 296.00 255.00 293.00
300.00 302.00 280.00 267.00
284.00 285.00 259.00 298.00
274.00 302.00 292.00 338.00
303.00 296.00 303.00 324.00
326.00 325.00 289.00 310.00
305.00 314.00 281.00 301.00
298.00 306.00 283.00 290.00
293.00 298.00 279.00 284.00
292.00 303.00 261.00 285.00
279.00 295.00 269.00 290.00
274.00 284.00 277.00 282.00
270.00 268.00 255.00 279.00
251.00 257.00 264.00 266.00
239.00 254.00 243.00 248.00
236.00 244.00 242.00 250.00
239.00 239.00 261.00 263.00
237.00 226.00 265.00 266.00
226.00 213.00 234.00 262.00
211.00 200.00 258.00 260.00
190.00 183.00 267.00 265.00
166.00 176.00 282.00 262.00
148.00 162.00 268.00 261.00
139.00 154.00 250.00 264.00
123.00 151.00 251.00 260.00
113.00 142.00 274.00 257.00
104.00 148.00 261.00 264.00
93.00 148.00 265.00 255.00
84.00 143.00 277.00 253.00
79.00 142.00 250.00 256.00
71.00 143.00 263.00 253.00
67.00 138.00 278.00 260.00
60.00 132.00 253.00 224.00
52.00 126.00 263.00 220.00
50.00 133.00 257.00 193.00
50.00 113.00 260.00 177.00
48.00 106.00 248.00 165.00
48.00 98.00 255.00 147.00
51.00 93.00 254.00 135.00
54.00 86.00 257.00 121.00
58.00 78.00 260.00 113.00
60.00 70.00 254.00 107.00
56.00 66.00 238.00 102.00
59.00 64.00 238.00 94.00
63.00 63.00 255.00 82.00
60.00 58.00 243.00 71.00
59.00 53.00 239.00 68.00
58.00 53.00 237.00 62.00
59.00 53.00 236.00 56.00
67.00 50.00 239.00 52.00
69.00 50.00 237.00 53.00
65.00 50.00 239.00 54.00
59.00 50.00 236.00 52.00
55.00 46.00 235.00 49.00
48.00 47.00 235.00 48.00
43.00 43.00 236.00 41.00
40.00 39.00 239.00 35.00
38.00 35.00 238.00 33.00
33.00 30.00 233.00 39.00
34.00 28.00 234.00 39.00
37.00 42.00 233.00 44.00
35.00 41.00 235.00 44.00
35.00 39.00 235.00 41.00
35.00 39.00 233.00 40.00
36.00 39.00 233.00 42.00
40.00 44.00 235.00 48.00
42.00 41.00 233.00 44.00
43.00 41.00 232.00 42.00
44.00 41.00 233.00 44.00
53.00 42.00 230.00 43.00
59.00 41.00 230.00 43.00
71.00 39.00 236.00 35.00
82.00 36.00 239.00 34.00
95.00 34.00 233.00 31.00
103.00 26.00 230.00 30.00
108.00 24.00 228.00 33.00
118.00 24.00 227.00 40.00
112.00 43.00 230.00 45.00
108.00 42.00 237.00 44.00
118.00 47.00 236.00 46.00
119.00 51.00 234.00 45.00
114.00 49.00 230.00 43.00
109.00 52.00 227.00 41.00
111.00 47.00 227.00 40.00
105.00 48.00 224.00 39.00
107.00 44.00 225.00 37.00
106.00 44.00 226.00 34.00
106.00 38.00 226.00 28.00
101.00 36.00 226.00 28.00
95.00 32.00 226.00 32.00
93.00 31.00 230.00 34.00
86.00 31.00 230.00 34.00
94.00 31.00 229.00 35.00
94.00 30.00 228.00 37.00
91.00 30.00 228.00 39.00
86.00 38.00 228.00 41.00
87.00 39.00 228.00 41.00
83.00 38.00 228.00 42.00
81.00 44.00 227.00 43.00
77.00 44.00 223.00 44.00
68.00 42.00 223.00 36.00
62.00 38.00 226.00 33.00
55.00 37.00 224.00 32.00
51.00 32.00 221.00 38.00
48.00 56.00 222.00 38.00
42.00 63.00 223.00 38.00
37.00 57.00 222.00 39.00
29.00 56.00 223.00 36.00
29.00 56.00 223.00 37.00
27.00 56.00 228.00 38.00
26.00 53.00 227.00 37.00
28.00 51.00 225.00 37.00
30.00 47.00 227.00 29.00
31.00 41.00 221.00 30.00
33.00 36.00 219.00 33.00
37.00 31.00 217.00 34.00
36.00 29.00 218.00 33.00
34.00 29.00 218.00 36.00
31.00 35.00 220.00 35.00
33.00 36.00 218.00 35.00
28.00 34.00 219.00 36.00
27.00 33.00 218.00 32.00
28.00 31.00 218.00 28.00
25.00 29.00 217.00 32.00
22.00 30.00 216.00 35.00
24.00 49.00 218.00 38.00
24.00 46.00 220.00 35.00
22.00 44.00 221.00 35.00
22.00 40.00 222.00 36.00
24.00 38.00 222.00 34.00
23.00 36.00 217.00 32.00
23.00 29.00 217.00 28.00
24.00 24.00 214.00 29.00
26.00 23.00 214.00 32.00
27.00 36.00 218.00 35.00
27.00 37.00 217.00 36.00
25.00 38.00 216.00 33.00
24.00 48.00 216.00 33.00
24.00 63.00 218.00 34.00
23.00 68.00 216.00 34.00
22.00 76.00 217.00 33.00
21.00 76.00 219.00 32.00
22.00 73.00 220.00 33.00
22.00 75.00 223.00 38.00
23.00 65.00 220.00 34.00
23.00 58.00 215.00 31.00
21.00 50.00 214.00 28.00
21.00 46.00 213.00 29.00
22.00 38.00 211.00 27.00
26.00 29.00 210.00 26.00
25.00 25.00 211.00 28.00
24.00 22.00 213.00 27.00
20.00 19.00 213.00 25.00
19.00 16.00 211.00 26.00
20.00 18.00 210.00 24.00
31.00 18.00 210.00 27.00
43.00 19.00 208.00 29.00
45.00 19.00 208.00 32.00
47.00 18.00 209.00 30.00
46.00 17.00 208.00 29.00
45.00 16.00 206.00 29.00
40.00 15.00 204.00 27.00
33.00 14.00 204.00 27.00
28.00 15.00 206.00 27.00
26.00 15.00 211.00 30.00
23.00 14.00 212.00 28.00
20.00 16.00 214.00 28.00
19.00 28.00 214.00 32.00
19.00 31.00 213.00 30.00
24.00 30.00 218.00 25.00
26.00 32.00 217.00 29.00
31.00 26.00 215.00 29.00
28.00 23.00 210.00 28.00
29.00 19.00 209.00 29.00
28.00 20.00 214.00 29.00
