17.00 8.00 100.00 127.00
15.00 9.00 103.00 130.00
18.00 9.00 105.00 129.00
18.00 9.00 105.00 127.00
18.00 8.00 103.00 123.00
18.00 9.00 102.00 123.00
17.00 9.00 101.00 122.00
17.00 8.00 100.00 122.00
17.00 9.00 99.00 127.00
21.00 9.00 100.00 123.00
18.00 9.00 101.00 131.00
21.00 9.00 104.00 126.00
17.00 10.00 101.00 125.00
18.00 11.00 100.00 124.00
21.00 15.00 102.00 132.00
27.00 24.00 115.00 145.00
53.00 96.00 155.00 153.00
62.00 152.00 187.00 159.00
61.00 240.00 248.00 167.00
60.00 256.00 267.00 186.00
77.00 253.00 296.00 196.00
89.00 257.00 301.00 225.00
99.00 270.00 282.00 263.00
173.00 267.00 298.00 295.00
284.00 292.00 309.00 301.00
307.00 303.00 322.00 295.00
297.00 291.00 296.00 304.00
304.00 307.00 289.00 300.00
307.00 295.00 290.00 304.00
309.00 310.00 320.00 321.00
339.00 296.00 317.00 332.00
325.00 311.00 308.00 311.00
303.00 298.00 308.00 308.00
314.00 292.00 307.00 305.00
313.00 311.00 303.00 317.00
313.00 285.00 319.00 321.00
314.00 297.00 314.00 314.00
297.00 294.00 314.00 320.00
317.00 288.00 318.00 313.00
314.00 288.00 323.00 321.00
312.00 306.00 324.00 329.00
312.00 307.00 323.00 325.00
305.00 301.00 308.00 311.00
279.00 290.00 313.00 310.00
280.00 312.00 333.00 317.00
314.00 296.00 305.00 310.00
282.00 318.00 309.00 278.00
297.00 314.00 311.00 321.00
308.00 297.00 316.00 315.00
299.00 323.00 317.00 294.00
266.00 323.00 299.00 293.00
304.00 305.00 316.00 322.00
323.00 303.00 316.00 314.00
298.00 295.00 292.00 295.00
297.00 274.00 295.00 306.00
302.00 308.00 326.00 319.00
327.00 306.00 323.00 305.00
287.00 302.00 303.00 298.00
287.00 299.00 309.00 310.00
283.00 284.00 310.00 294.00
281.00 296.00 308.00 327.00
287.00 291.00 294.00 308.00
300.00 298.00 311.00 332.00
304.00 314.00 317.00 318.00
305.00 307.00 300.00 311.00
273.00 314.00 308.00 291.00
297.00 299.00 321.00 334.00
303.00 310.00 321.00 318.00
295.00 286.00 314.00 316.00
273.00 283.00 290.00 296.00
295.00 282.00 276.00 307.00
299.00 318.00 331.00 315.00
312.00 311.00 325.00 326.00
272.00 297.00 308.00 310.00
294.00 304.00 309.00 309.00
281.00 298.00 308.00 313.00
302.00 299.00 335.00 324.00
310.00 306.00 310.00 315.00
306.00 301.00 311.00 305.00
294.00 290.00 284.00 304.00
294.00 288.00 314.00 307.00
306.00 288.00 330.00 321.00
306.00 324.00 337.00 324.00
341.00 295.00 325.00 317.00
297.00 293.00 314.00 310.00
299.00 297.00 314.00 321.00
314.00 307.00 330.00 315.00
314.00 299.00 310.00 312.00
293.00 309.00 314.00 298.00
273.00 314.00 304.00 308.00
301.00 294.00 312.00 306.00
298.00 307.00 324.00 317.00
293.00 290.00 330.00 320.00
301.00 317.00 324.00 315.00
295.00 300.00 307.00 308.00
308.00 291.00 317.00 315.00
292.00 280.00 301.00 291.00
284.00 297.00 318.00 302.00
258.00 281.00 317.00 297.00
291.00 297.00 330.00 306.00
307.00 290.00 322.00 288.00
280.00 310.00 312.00 292.00
261.00 300.00 300.00 299.00
294.00 311.00 294.00 301.00
202.00 317.00 337.00 310.00
291.00 306.00 313.00 313.00
282.00 292.00 312.00 317.00
304.00 289.00 316.00 305.00
322.00 324.00 317.00 325.00
325.00 301.00 322.00 325.00
325.00 311.00 305.00 306.00
286.00 288.00 310.00 300.00
288.00 297.00 325.00 303.00
315.00 296.00 334.00 333.00
310.00 317.00 327.00 326.00
289.00 299.00 321.00 306.00
313.00 288.00 314.00 286.00
300.00 276.00 307.00 288.00
302.00 302.00 343.00 323.00
336.00 303.00 335.00 328.00
317.00 316.00 334.00 318.00
327.00 290.00 330.00 305.00
309.00 278.00 316.00 295.00
296.00 308.00 321.00 312.00
316.00 315.00 338.00 314.00
322.00 324.00 335.00 315.00
316.00 312.00 337.00 307.00
300.00 300.00 328.00 305.00
308.00 305.00 326.00 290.00
302.00 311.00 351.00 306.00
299.00 315.00 341.00 290.00
268.00 301.00 340.00 305.00
311.00 287.00 328.00 305.00
291.00 305.00 343.00 306.00
288.00 318.00 337.00 312.00
315.00 295.00 320.00 283.00
301.00 269.00 312.00 287.00
298.00 301.00 351.00 314.00
325.00 311.00 328.00 307.00
315.00 281.00 315.00 289.00
291.00 289.00 306.00 292.00
296.00 290.00 301.00 294.00
303.00 296.00 310.00 308.00
322.00 287.00 312.00 320.00
307.00 293.00 299.00 306.00
294.00 286.00 295.00 286.00
301.00 288.00 286.00 288.00
262.00 279.00 288.00 287.00
307.00 289.00 312.00 314.00
296.00 299.00 308.00 315.00
287.00 289.00 307.00 296.00
312.00 279.00 291.00 295.00
300.00 273.00 286.00 291.00
317.00 283.00 298.00 313.00
343.00 280.00 311.00 325.00
331.00 281.00 305.00 295.00
290.00 273.00 291.00 298.00
300.00 255.00 284.00 300.00
292.00 282.00 302.00 307.00
317.00 284.00 304.00 304.00
323.00 262.00 295.00 302.00
289.00 276.00 293.00 299.00
299.00 272.00 287.00 314.00
306.00 295.00 303.00 340.00
323.00 291.00 302.00 326.00
330.00 277.00 285.00 311.00
322.00 275.00 278.00 296.00
303.00 269.00 282.00 295.00
322.00 282.00 290.00 313.00
347.00 283.00 292.00 317.00
326.00 302.00 287.00 307.00
328.00 295.00 283.00 301.00
301.00 279.00 269.00 295.00
292.00 283.00 265.00 308.00
301.00 285.00 277.00 315.00
316.00 291.00 277.00 314.00
314.00 293.00 278.00 310.00
306.00 283.00 274.00 313.00
298.00 288.00 272.00 299.00
288.00 271.00 268.00 307.00
285.00 285.00 264.00 312.00
286.00 278.00 266.00 310.00
281.00 277.00 274.00 323.00
288.00 281.00 283.00 312.00
294.00 304.00 285.00 322.00
307.00 293.00 280.00 325.00
290.00 295.00 272.00 314.00
294.00 289.00 264.00 311.00
288.00 285.00 268.00 317.00
277.00 285.00 263.00 312.00
281.00 275.00 271.00 324.00
277.00 282.00 273.00 312.00
268.00 292.00 275.00 317.00
269.00 275.00 261.00 311.00
253.00 289.00 260.00 310.00
252.00 285.00 259.00 303.00
249.00 279.00 253.00 305.00
245.00 276.00 253.00 304.00
251.00 271.00 259.00 312.00
259.00 285.00 263.00 317.00
283.00 284.00 257.00 317.00
285.00 277.00 252.00 310.00
279.00 279.00 246.00 305.00
281.00 286.00 245.00 293.00
274.00 283.00 248.00 297.00
279.00 295.00 256.00 304.00
290.00 299.00 260.00 302.00
275.00 297.00 256.00 293.00
269.00 291.00 250.00 293.00
264.00 285.00 244.00 284.00
262.00 286.00 247.00 282.00
266.00 290.00 259.00 284.00
261.00 287.00 254.00 291.00
266.00 289.00 253.00 281.00
257.00 275.00 248.00 287.00
255.00 280.00 239.00 281.00
238.00 260.00 240.00 283.00
236.00 265.00 252.00 291.00
240.00 263.00 248.00 287.00
236.00 257.00 244.00 282.00
235.00 254.00 237.00 284.00
227.00 251.00 240.00 281.00
228.00 253.00 250.00 290.00
248.00 269.00 256.00 289.00
238.00 266.00 252.00 281.00
236.00 252.00 242.00 276.00
228.00 251.00 241.00 275.00
227.00 266.00 248.00 283.00
241.00 269.00 257.00 282.00
231.00 261.00 243.00 272.00
234.00 252.00 240.00 268.00
228.00 252.00 238.00 268.00
221.00 256.00 245.00 277.00
231.00 262.00 249.00 279.00
234.00 255.00 249.00 270.00
233.00 249.00 245.00 268.00
218.00 252.00 240.00 267.00
213.00 252.00 237.00 269.00
222.00 256.00 238.00 278.00
229.00 259.00 246.00 280.00
239.00 256.00 254.00 279.00
232.00 261.00 247.00 276.00
233.00 262.00 243.00 274.00
230.00 254.00 239.00 272.00
223.00 250.00 234.00 273.00
224.00 257.00 237.00 277.00
232.00 263.00 248.00 281.00
231.00 260.00 244.00 277.00
232.00 251.00 239.00 269.00
224.00 246.00 235.00 264.00
217.00 240.00 237.00 260.00
219.00 240.00 245.00 257.00
223.00 247.00 254.00 271.00
234.00 257.00 254.00 277.00
229.00 259.00 246.00 280.00
233.00 258.00 244.00 277.00
232.00 252.00 237.00 273.00
226.00 249.00 234.00 274.00
219.00 247.00 232.00 272.00
221.00 249.00 234.00 273.00
225.00 258.00 239.00 281.00
226.00 259.00 244.00 272.00
226.00 252.00 237.00 276.00
221.00 246.00 231.00 268.00
212.00 242.00 232.00 271.00
215.00 237.00 233.00 275.00
226.00 241.00 235.00 299.00
230.00 255.00 239.00 290.00
236.00 258.00 237.00 277.00
236.00 250.00 244.00 272.00
227.00 255.00 238.00 273.00
219.00 249.00 229.00 274.00
215.00 247.00 227.00 270.00
210.00 243.00 225.00 272.00
210.00 244.00 229.00 270.00
212.00 250.00 234.00 272.00
215.00 251.00 235.00 269.00
224.00 248.00 233.00 266.00
222.00 242.00 229.00 253.00
209.00 235.00 227.00 249.00
211.00 233.00 224.00 240.00
204.00 239.00 228.00 240.00
219.00 238.00 226.00 248.00
217.00 247.00 234.00 248.00
216.00 247.00 239.00 247.00
225.00 247.00 231.00 250.00
221.00 245.00 230.00 250.00
215.00 242.00 228.00 248.00
211.00 238.00 224.00 254.00
213.00 242.00 227.00 252.00
214.00 242.00 229.00 251.00
217.00 251.00 234.00 258.00
222.00 246.00 235.00 256.00
223.00 245.00 229.00 250.00
216.00 240.00 227.00 249.00
207.00 241.00 219.00 241.00
212.00 249.00 229.00 235.00
213.00 252.00 230.00 251.00
222.00 255.00 229.00 250.00
224.00 239.00 229.00 235.00
216.00 244.00 232.00 234.00
215.00 250.00 228.00 254.00
214.00 252.00 232.00 262.00
218.00 255.00 240.00 270.00
233.00 256.00 238.00 273.00
230.00 255.00 235.00 269.00
224.00 246.00 229.00 265.00
216.00 245.00 228.00 264.00
209.00 241.00 226.00 269.00
221.00 258.00 230.00 263.00
228.00 246.00 230.00 251.00
214.00 242.00 225.00 240.00
207.00 237.00 219.00 234.00
199.00 238.00 219.00 227.00
213.00 239.00 221.00 230.00
210.00 248.00 224.00 223.00
202.00 240.00 219.00 216.00
211.00 236.00 215.00 211.00
208.00 236.00 215.00 210.00
202.00 235.00 216.00 213.00
206.00 241.00 218.00 217.00
210.00 243.00 222.00 217.00
210.00 242.00 218.00 213.00
204.00 234.00 217.00 205.00
198.00 233.00 211.00 213.00
197.00 234.00 211.00 243.00
200.00 242.00 222.00 261.00
210.00 243.00 220.00 258.00
206.00 242.00 221.00 251.00
204.00 234.00 210.00 246.00
202.00 232.00 218.00 247.00
