299.00 337.00 309.00 303.00
309.00 347.00 330.00 328.00
309.00 349.00 333.00 346.00
316.00 360.00 351.00 342.00
315.00 358.00 337.00 313.00
308.00 361.00 342.00 314.00
311.00 345.00 343.00 320.00
302.00 336.00 329.00 308.00
292.00 323.00 297.00 297.00
282.00 320.00 296.00 294.00
279.00 309.00 295.00 263.00
280.00 299.00 290.00 272.00
276.00 301.00 288.00 257.00
259.00 301.00 285.00 249.00
251.00 281.00 288.00 233.00
243.00 273.00 273.00 239.00
237.00 294.00 262.00 233.00
227.00 281.00 258.00 232.00
217.00 272.00 254.00 235.00
215.00 270.00 247.00 235.00
215.00 251.00 245.00 235.00
206.00 241.00 236.00 232.00
208.00 237.00 236.00 230.00
209.00 233.00 233.00 229.00
208.00 232.00 228.00 215.00
201.00 220.00 225.00 235.00
203.00 223.00 228.00 238.00
205.00 222.00 226.00 229.00
204.00 217.00 225.00 228.00
204.00 217.00 221.00 224.00
199.00 214.00 220.00 237.00
198.00 211.00 217.00 237.00
195.00 210.00 216.00 244.00
197.00 211.00 215.00 239.00
198.00 208.00 215.00 237.00
199.00 207.00 213.00 232.00
199.00 206.00 215.00 233.00
204.00 208.00 216.00 240.00
205.00 207.00 215.00 243.00
205.00 206.00 217.00 214.00
209.00 207.00 218.00 230.00
204.00 205.00 215.00 214.00
207.00 205.00 215.00 220.00
211.00 206.00 227.00 226.00
225.00 210.00 261.00 226.00
248.00 218.00 276.00 228.00
239.00 274.00 270.00 231.00
224.00 275.00 261.00 239.00
221.00 259.00 260.00 240.00
227.00 249.00 260.00 239.00
235.00 254.00 261.00 264.00
239.00 249.00 261.00 263.00
235.00 251.00 258.00 266.00
222.00 245.00 254.00 258.00
220.00 245.00 246.00 263.00
216.00 231.00 237.00 250.00
215.00 228.00 240.00 259.00
213.00 221.00 227.00 252.00
212.00 221.00 238.00 239.00
210.00 221.00 226.00 256.00
207.00 220.00 224.00 265.00
205.00 215.00 221.00 270.00
226.00 222.00 223.00 279.00
212.00 226.00 232.00 257.00
221.00 217.00 237.00 264.00
227.00 228.00 244.00 260.00
231.00 236.00 245.00 284.00
232.00 226.00 247.00 267.00
226.00 226.00 235.00 253.00
206.00 233.00 237.00 262.00
219.00 227.00 232.00 266.00
213.00 214.00 233.00 256.00
202.00 216.00 230.00 261.00
214.00 224.00 233.00 229.00
209.00 210.00 223.00 249.00
207.00 215.00 231.00 251.00
203.00 217.00 220.00 252.00
212.00 212.00 231.00 273.00
222.00 229.00 245.00 278.00
223.00 241.00 241.00 279.00
230.00 240.00 247.00 273.00
226.00 231.00 240.00 266.00
219.00 224.00 232.00 267.00
219.00 221.00 226.00 269.00
224.00 218.00 230.00 242.00
216.00 220.00 235.00 230.00
215.00 242.00 238.00 285.00
223.00 228.00 241.00 276.00
214.00 219.00 230.00 257.00
213.00 232.00 220.00 245.00
202.00 226.00 225.00 250.00
207.00 220.00 222.00 263.00
216.00 232.00 229.00 262.00
220.00 249.00 242.00 271.00
220.00 223.00 231.00 222.00
211.00 220.00 221.00 236.00
213.00 215.00 227.00 227.00
209.00 217.00 223.00 197.00
226.00 211.00 212.00 201.00
207.00 210.00 209.00 205.00
218.00 220.00 223.00 201.00
212.00 232.00 215.00 202.00
217.00 230.00 220.00 207.00
204.00 233.00 217.00 192.00
202.00 238.00 216.00 180.00
208.00 236.00 221.00 208.00
211.00 228.00 219.00 221.00
204.00 219.00 203.00 211.00
201.00 214.00 216.00 187.00
216.00 222.00 211.00 183.00
213.00 216.00 192.00 213.00
201.00 221.00 200.00 224.00
218.00 239.00 218.00 218.00
220.00 236.00 214.00 220.00
202.00 227.00 214.00 210.00
202.00 236.00 212.00 210.00
192.00 224.00 207.00 206.00
215.00 221.00 203.00 210.00
205.00 231.00 210.00 229.00
223.00 231.00 216.00 230.00
223.00 247.00 220.00 222.00
221.00 232.00 221.00 215.00
205.00 230.00 210.00 216.00
224.00 229.00 205.00 208.00
208.00 218.00 210.00 202.00
196.00 235.00 217.00 215.00
215.00 227.00 223.00 219.00
219.00 238.00 218.00 218.00
232.00 236.00 222.00 219.00
219.00 228.00 220.00 213.00
224.00 227.00 210.00 210.00
209.00 218.00 206.00 205.00
218.00 210.00 207.00 201.00
212.00 216.00 202.00 204.00
200.00 220.00 204.00 202.00
206.00 214.00 202.00 209.00
189.00 218.00 196.00 202.00
190.00 224.00 194.00 203.00
196.00 227.00 197.00 207.00
197.00 222.00 202.00 199.00
195.00 219.00 199.00 195.00
190.00 217.00 197.00 197.00
187.00 211.00 192.00 193.00
193.00 216.00 191.00 193.00
195.00 215.00 192.00 192.00
192.00 213.00 191.00 191.00
191.00 211.00 193.00 191.00
192.00 210.00 191.00 190.00
188.00 209.00 191.00 188.00
189.00 210.00 188.00 191.00
190.00 208.00 187.00 185.00
187.00 209.00 187.00 183.00
188.00 208.00 185.00 186.00
185.00 206.00 191.00 187.00
187.00 204.00 188.00 185.00
184.00 191.00 191.00 186.00
184.00 189.00 189.00 184.00
182.00 188.00 191.00 185.00
180.00 186.00 189.00 183.00
182.00 185.00 190.00 186.00
181.00 188.00 187.00 189.00
184.00 187.00 190.00 185.00
193.00 198.00 191.00 191.00
194.00 205.00 193.00 193.00
195.00 203.00 197.00 186.00
195.00 204.00 195.00 189.00
193.00 201.00 199.00 202.00
189.00 202.00 190.00 192.00
192.00 197.00 191.00 188.00
186.00 193.00 188.00 184.00
187.00 190.00 183.00 176.00
188.00 190.00 180.00 177.00
187.00 191.00 182.00 176.00
184.00 189.00 190.00 182.00
186.00 195.00 193.00 183.00
192.00 196.00 200.00 186.00
191.00 194.00 193.00 183.00
189.00 191.00 189.00 180.00
186.00 188.00 188.00 176.00
187.00 193.00 187.00 177.00
186.00 190.00 189.00 176.00
185.00 192.00 190.00 176.00
185.00 193.00 187.00 175.00
185.00 192.00 183.00 175.00
186.00 189.00 179.00 171.00
188.00 188.00 181.00 175.00
185.00 188.00 185.00 179.00
188.00 190.00 189.00 177.00
187.00 190.00 187.00 180.00
190.00 191.00 184.00 175.00
191.00 192.00 180.00 175.00
194.00 193.00 190.00 177.00
190.00 196.00 196.00 184.00
192.00 189.00 194.00 177.00
194.00 191.00 186.00 175.00
190.00 188.00 179.00 170.00
189.00 182.00 169.00 169.00
190.00 188.00 167.00 168.00
192.00 194.00 173.00 171.00
188.00 192.00 183.00 174.00
186.00 190.00 186.00 171.00
187.00 190.00 184.00 170.00
186.00 187.00 185.00 170.00
185.00 185.00 188.00 171.00
182.00 184.00 187.00 173.00
184.00 185.00 184.00 172.00
185.00 183.00 179.00 171.00
183.00 182.00 178.00 174.00
187.00 184.00 188.00 179.00
184.00 187.00 183.00 175.00
190.00 191.00 174.00 174.00
186.00 185.00 173.00 168.00
188.00 186.00 167.00 169.00
188.00 186.00 176.00 170.00
189.00 189.00 176.00 171.00
187.00 186.00 165.00 166.00
187.00 188.00 177.00 170.00
188.00 185.00 183.00 169.00
184.00 182.00 182.00 167.00
181.00 178.00 183.00 168.00
181.00 175.00 185.00 169.00
179.00 172.00 189.00 168.00
180.00 172.00 181.00 167.00
183.00 169.00 174.00 165.00
177.00 165.00 162.00 164.00
