249.00 65.00 116.00 298.00
280.00 62.00 123.00 307.00
294.00 73.00 124.00 313.00
298.00 78.00 139.00 315.00
299.00 75.00 146.00 316.00
303.00 85.00 167.00 333.00
314.00 87.00 175.00 330.00
311.00 91.00 181.00 327.00
304.00 101.00 188.00 323.00
303.00 120.00 192.00 315.00
299.00 110.00 200.00 309.00
294.00 115.00 203.00 319.00
288.00 121.00 232.00 328.00
298.00 130.00 243.00 323.00
294.00 153.00 238.00 311.00
280.00 144.00 237.00 300.00
284.00 156.00 232.00 300.00
281.00 170.00 238.00 305.00
289.00 172.00 248.00 318.00
292.00 192.00 248.00 312.00
289.00 195.00 244.00 302.00
283.00 198.00 231.00 286.00
268.00 197.00 236.00 287.00
268.00 211.00 234.00 289.00
274.00 226.00 241.00 289.00
259.00 219.00 237.00 300.00
277.00 265.00 245.00 299.00
274.00 274.00 243.00 297.00
268.00 274.00 251.00 286.00
269.00 274.00 239.00 285.00
271.00 257.00 243.00 291.00
268.00 254.00 237.00 289.00
263.00 249.00 231.00 285.00
260.00 249.00 236.00 286.00
264.00 256.00 239.00 289.00
272.00 264.00 248.00 300.00
275.00 263.00 244.00 297.00
269.00 267.00 243.00 292.00
274.00 241.00 243.00 288.00
266.00 266.00 236.00 287.00
270.00 260.00 235.00 285.00
269.00 257.00 234.00 283.00
280.00 259.00 229.00 283.00
280.00 247.00 239.00 290.00
293.00 285.00 252.00 295.00
291.00 283.00 255.00 297.00
283.00 272.00 255.00 291.00
279.00 281.00 256.00 294.00
278.00 266.00 248.00 281.00
267.00 254.00 256.00 284.00
277.00 248.00 252.00 283.00
275.00 248.00 256.00 287.00
265.00 255.00 252.00 287.00
263.00 265.00 248.00 284.00
269.00 256.00 251.00 289.00
289.00 280.00 260.00 288.00
276.00 252.00 247.00 289.00
275.00 256.00 253.00 292.00
294.00 269.00 263.00 306.00
298.00 273.00 268.00 293.00
291.00 265.00 267.00 280.00
293.00 251.00 261.00 287.00
288.00 257.00 268.00 286.00
287.00 249.00 271.00 288.00
282.00 249.00 273.00 303.00
283.00 242.00 266.00 303.00
290.00 244.00 252.00 297.00
284.00 250.00 257.00 290.00
299.00 260.00 248.00 290.00
263.00 245.00 254.00 293.00
273.00 235.00 250.00 293.00
277.00 250.00 242.00 288.00
287.00 260.00 251.00 308.00
302.00 276.00 270.00 313.00
305.00 263.00 275.00 311.00
291.00 256.00 267.00 308.00
293.00 266.00 266.00 306.00
280.00 262.00 260.00 300.00
288.00 256.00 253.00 298.00
278.00 246.00 243.00 298.00
274.00 247.00 244.00 300.00
299.00 263.00 269.00 314.00
302.00 275.00 262.00 315.00
303.00 256.00 264.00 304.00
295.00 246.00 260.00 296.00
287.00 255.00 252.00 304.00
294.00 266.00 252.00 305.00
276.00 258.00 246.00 304.00
286.00 247.00 247.00 309.00
301.00 278.00 267.00 322.00
315.00 261.00 278.00 317.00
303.00 256.00 266.00 311.00
299.00 249.00 265.00 315.00
285.00 256.00 265.00 311.00
295.00 251.00 250.00 306.00
296.00 246.00 231.00 299.00
299.00 245.00 255.00 312.00
295.00 258.00 259.00 313.00
297.00 267.00 260.00 326.00
311.00 263.00 262.00 324.00
312.00 275.00 269.00 321.00
298.00 281.00 269.00 321.00
294.00 265.00 268.00 306.00
288.00 255.00 259.00 302.00
286.00 268.00 257.00 304.00
291.00 263.00 274.00 316.00
309.00 290.00 278.00 312.00
305.00 275.00 281.00 302.00
302.00 258.00 259.00 279.00
296.00 266.00 263.00 283.00
295.00 266.00 273.00 309.00
308.00 293.00 278.00 310.00
292.00 286.00 267.00 299.00
308.00 266.00 255.00 299.00
299.00 255.00 249.00 297.00
298.00 264.00 244.00 300.00
303.00 257.00 255.00 306.00
300.00 253.00 271.00 311.00
311.00 248.00 265.00 298.00
299.00 270.00 265.00 303.00
297.00 255.00 242.00 293.00
299.00 275.00 253.00 309.00
296.00 260.00 253.00 306.00
309.00 275.00 273.00 320.00
306.00 260.00 268.00 264.00
254.00 299.00 279.00 293.00
301.00 257.00 257.00 303.00
296.00 244.00 249.00 288.00
294.00 270.00 256.00 292.00
302.00 261.00 256.00 303.00
303.00 274.00 263.00 305.00
293.00 268.00 273.00 311.00
306.00 290.00 267.00 318.00
315.00 283.00 264.00 327.00
309.00 268.00 269.00 318.00
304.00 269.00 261.00 313.00
304.00 270.00 267.00 304.00
292.00 254.00 261.00 271.00
275.00 245.00 264.00 290.00
303.00 282.00 260.00 299.00
288.00 288.00 260.00 300.00
274.00 285.00 268.00 309.00
294.00 297.00 264.00 313.00
294.00 268.00 271.00 273.00
289.00 257.00 266.00 315.00
314.00 258.00 248.00 308.00
298.00 254.00 249.00 303.00
288.00 255.00 262.00 294.00
303.00 267.00 267.00 296.00
303.00 277.00 275.00 312.00
310.00 283.00 276.00 312.00
296.00 279.00 267.00 310.00
303.00 269.00 274.00 308.00
297.00 278.00 271.00 309.00
289.00 270.00 245.00 304.00
296.00 274.00 269.00 313.00
296.00 276.00 263.00 307.00
295.00 267.00 257.00 303.00
289.00 284.00 268.00 296.00
300.00 273.00 271.00 292.00
294.00 253.00 280.00 289.00
285.00 267.00 258.00 292.00
292.00 255.00 245.00 293.00
295.00 280.00 267.00 298.00
301.00 275.00 266.00 315.00
287.00 271.00 275.00 307.00
298.00 271.00 278.00 297.00
282.00 270.00 261.00 284.00
292.00 271.00 249.00 288.00
303.00 272.00 268.00 293.00
292.00 269.00 275.00 297.00
277.00 266.00 254.00 298.00
273.00 275.00 259.00 279.00
286.00 272.00 261.00 287.00
278.00 256.00 251.00 288.00
276.00 264.00 239.00 288.00
293.00 263.00 241.00 299.00
293.00 264.00 258.00 285.00
289.00 275.00 282.00 296.00
283.00 275.00 278.00 291.00
292.00 276.00 281.00 306.00
284.00 282.00 273.00 298.00
298.00 270.00 277.00 307.00
297.00 281.00 254.00 288.00
274.00 270.00 244.00 284.00
273.00 273.00 253.00 294.00
270.00 267.00 269.00 289.00
275.00 264.00 245.00 283.00
276.00 277.00 255.00 297.00
279.00 283.00 262.00 304.00
286.00 290.00 286.00 306.00
290.00 291.00 263.00 307.00
279.00 281.00 251.00 292.00
286.00 271.00 242.00 291.00
286.00 271.00 253.00 281.00
280.00 264.00 245.00 297.00
263.00 244.00 265.00 290.00
264.00 263.00 252.00 290.00
270.00 275.00 254.00 301.00
264.00 276.00 238.00 296.00
268.00 283.00 256.00 306.00
273.00 281.00 258.00 310.00
256.00 293.00 267.00 297.00
274.00 282.00 271.00 306.00
278.00 278.00 258.00 313.00
237.00 276.00 261.00 310.00
245.00 279.00 263.00 305.00
234.00 282.00 255.00 312.00
234.00 295.00 258.00 308.00
239.00 288.00 258.00 309.00
271.00 286.00 257.00 301.00
275.00 287.00 277.00 307.00
277.00 288.00 268.00 303.00
282.00 289.00 266.00 300.00
279.00 287.00 260.00 305.00
278.00 286.00 248.00 312.00
275.00 266.00 252.00 312.00
272.00 280.00 258.00 309.00
272.00 285.00 261.00 311.00
265.00 278.00 259.00 311.00
269.00 276.00 249.00 307.00
264.00 269.00 253.00 313.00
262.00 276.00 245.00 305.00
262.00 269.00 253.00 303.00
262.00 274.00 258.00 311.00
262.00 270.00 248.00 314.00
264.00 270.00 260.00 309.00
264.00 268.00 254.00 313.00
262.00 265.00 253.00 311.00
262.00 278.00 252.00 308.00
260.00 274.00 250.00 312.00
256.00 276.00 251.00 320.00
267.00 279.00 262.00 319.00
266.00 284.00 265.00 310.00
281.00 285.00 282.00 340.00
275.00 301.00 274.00 338.00
275.00 290.00 269.00 335.00
270.00 288.00 261.00 338.00
269.00 280.00 267.00 334.00
270.00 281.00 260.00 325.00
266.00 280.00 263.00 334.00
271.00 277.00 267.00 323.00
267.00 276.00 238.00 319.00
258.00 285.00 246.00 330.00
257.00 283.00 246.00 312.00
258.00 281.00 248.00 331.00
265.00 294.00 253.00 327.00
268.00 295.00 271.00 324.00
265.00 290.00 265.00 333.00
250.00 288.00 249.00 310.00
244.00 277.00 245.00 318.00
244.00 279.00 239.00 333.00
241.00 263.00 240.00 336.00
237.00 263.00 244.00 335.00
230.00 259.00 235.00 336.00
229.00 263.00 242.00 334.00
226.00 280.00 259.00 341.00
234.00 275.00 260.00 340.00
234.00 284.00 253.00 329.00
228.00 275.00 244.00 323.00
221.00 269.00 254.00 319.00
220.00 265.00 240.00 316.00
215.00 261.00 240.00 316.00
212.00 267.00 241.00 315.00
218.00 280.00 251.00 324.00
225.00 281.00 244.00 313.00
220.00 273.00 242.00 307.00
216.00 255.00 232.00 309.00
213.00 276.00 247.00 304.00
207.00 291.00 239.00 302.00
208.00 282.00 248.00 308.00
213.00 289.00 256.00 316.00
221.00 290.00 248.00 309.00
215.00 289.00 241.00 300.00
212.00 282.00 239.00 298.00
207.00 282.00 236.00 296.00
205.00 278.00 232.00 297.00
204.00 273.00 247.00 262.00
204.00 265.00 238.00 259.00
205.00 265.00 237.00 272.00
206.00 286.00 261.00 289.00
214.00 278.00 253.00 292.00
213.00 289.00 249.00 289.00
208.00 266.00 250.00 287.00
203.00 268.00 250.00 280.00
200.00 273.00 242.00 278.00
195.00 272.00 227.00 270.00
194.00 253.00 242.00 272.00
200.00 269.00 240.00 279.00
210.00 277.00 250.00 283.00
207.00 275.00 262.00 285.00
202.00 256.00 246.00 279.00
200.00 267.00 237.00 279.00
194.00 260.00 240.00 280.00
193.00 258.00 245.00 283.00
205.00 279.00 256.00 288.00
207.00 273.00 243.00 281.00
201.00 265.00 247.00 265.00
197.00 262.00 233.00 262.00
191.00 267.00 235.00 263.00
207.00 280.00 246.00 271.00
201.00 264.00 250.00 263.00
199.00 263.00 244.00 259.00
190.00 260.00 230.00 260.00
188.00 270.00 243.00 262.00
207.00 281.00 246.00 268.00
201.00 279.00 244.00 261.00
200.00 259.00 240.00 256.00
191.00 261.00 241.00 259.00
190.00 262.00 239.00 259.00
190.00 278.00 247.00 270.00
201.00 267.00 239.00 264.00
196.00 262.00 243.00 260.00
188.00 254.00 223.00 253.00
185.00 255.00 233.00 253.00
185.00 266.00 229.00 259.00
194.00 278.00 229.00 253.00
190.00 278.00 233.00 253.00
186.00 254.00 233.00 246.00
182.00 265.00 234.00 249.00
179.00 266.00 238.00 258.00
193.00 269.00 235.00 250.00
188.00 263.00 223.00 245.00
180.00 253.00 219.00 245.00
178.00 269.00 228.00 246.00
185.00 262.00 234.00 254.00
190.00 267.00 239.00 250.00
183.00 270.00 236.00 243.00
178.00 272.00 226.00 241.00
175.00 269.00 226.00 248.00
179.00 260.00 247.00 256.00
187.00 290.00 240.00 254.00
184.00 275.00 237.00 246.00
181.00 261.00 243.00 241.00
175.00 265.00 218.00 244.00
173.00 268.00 232.00 251.00
183.00 274.00 227.00 246.00
183.00 263.00 225.00 244.00
176.00 248.00 221.00 243.00
174.00 255.00 229.00 238.00
172.00 260.00 222.00 245.00
175.00 262.00 240.00 256.00
185.00 270.00 247.00 252.00
182.00 254.00 234.00 246.00
179.00 270.00 224.00 245.00
171.00 257.00 229.00 244.00
171.00 250.00 220.00 240.00
169.00 257.00 233.00 250.00
207.00 266.00 227.00 244.00
182.00 256.00 236.00 243.00
178.00 271.00 214.00 243.00
173.00 258.00 217.00 246.00
168.00 261.00 220.00 246.00
173.00 259.00 236.00 265.00
185.00 269.00 236.00 260.00
177.00 275.00 225.00 253.00
174.00 263.00 224.00 250.00
174.00 254.00 222.00 249.00
172.00 254.00 222.00 248.00
168.00 255.00 233.00 249.00
172.00 264.00 230.00 250.00
171.00 254.00 221.00 248.00
168.00 258.00 230.00 248.00
171.00 257.00 231.00 252.00
171.00 259.00 224.00 251.00
169.00 250.00 233.00 252.00
174.00 263.00 226.00 255.00
180.00 267.00 224.00 260.00
182.00 282.00 234.00 259.00
179.00 267.00 225.00 261.00
177.00 261.00 235.00 258.00
181.00 267.00 225.00 257.00
176.00 270.00 224.00 255.00
177.00 267.00 223.00 254.00
177.00 253.00 232.00 253.00
174.00 246.00 217.00 250.00
173.00 249.00 216.00 246.00
170.00 255.00 225.00 241.00
171.00 250.00 234.00 237.00
170.00 257.00 235.00 236.00
168.00 250.00 228.00 239.00
168.00 258.00 236.00 236.00
170.00 253.00 232.00 249.00
180.00 274.00 231.00 250.00
179.00 265.00 227.00 245.00
179.00 261.00 230.00 241.00
178.00 252.00 226.00 233.00
176.00 257.00 224.00 234.00
172.00 254.00 231.00 236.00
172.00 251.00 239.00 235.00
170.00 249.00 226.00 231.00
168.00 247.00 218.00 234.00
166.00 254.00 230.00 233.00
165.00 250.00 235.00 234.00
165.00 261.00 235.00 233.00
167.00 258.00 230.00 224.00
165.00 263.00 229.00 231.00
172.00 266.00 241.00 243.00
180.00 280.00 240.00 243.00
180.00 275.00 239.00 230.00
180.00 268.00 236.00 233.00
177.00 271.00 238.00 228.00
171.00 271.00 229.00 208.00
171.00 268.00 233.00 228.00
166.00 263.00 237.00 226.00
165.00 256.00 232.00 225.00
164.00 266.00 238.00 235.00
170.00 278.00 253.00 246.00
178.00 271.00 252.00 246.00
178.00 265.00 243.00 239.00
172.00 253.00 245.00 237.00
171.00 261.00 237.00 232.00
169.00 257.00 236.00 228.00
165.00 255.00 242.00 226.00
169.00 253.00 233.00 226.00
167.00 249.00 249.00 227.00
164.00 260.00 238.00 225.00
163.00 255.00 247.00 223.00
165.00 256.00 244.00 215.00
164.00 262.00 242.00 225.00
166.00 262.00 251.00 231.00
167.00 263.00 250.00 232.00
173.00 271.00 249.00 243.00
179.00 261.00 253.00 243.00
176.00 291.00 249.00 247.00
180.00 279.00 238.00 242.00
178.00 272.00 238.00 242.00
175.00 266.00 236.00 240.00
173.00 262.00 243.00 238.00
175.00 256.00 246.00 241.00
172.00 260.00 247.00 241.00
174.00 262.00 239.00 238.00
173.00 261.00 239.00 237.00
171.00 247.00 237.00 233.00
169.00 246.00 239.00 230.00
164.00 251.00 233.00 227.00
165.00 253.00 232.00 224.00
164.00 244.00 234.00 226.00
161.00 255.00 227.00 227.00
160.00 255.00 222.00 228.00
158.00 254.00 224.00 232.00
159.00 250.00 223.00 232.00
159.00 254.00 223.00 227.00
164.00 252.00 227.00 227.00
162.00 237.00 226.00 235.00
166.00 239.00 224.00 235.00
164.00 238.00 223.00 234.00
166.00 238.00 225.00 232.00
164.00 235.00 221.00 228.00
163.00 231.00 219.00 227.00
160.00 229.00 214.00 223.00
159.00 229.00 211.00 222.00
157.00 226.00 208.00 222.00
157.00 226.00 207.00 223.00
156.00 224.00 208.00 222.00
154.00 223.00 206.00 222.00
154.00 224.00 203.00 222.00
155.00 222.00 200.00 222.00
156.00 221.00 200.00 217.00
154.00 222.00 199.00 217.00
155.00 222.00 196.00 217.00
153.00 220.00 195.00 220.00
153.00 220.00 192.00 220.00
