177.00 48.00 33.00 176.00
192.00 43.00 36.00 184.00
224.00 44.00 49.00 220.00
228.00 49.00 47.00 236.00
234.00 54.00 49.00 243.00
227.00 72.00 47.00 260.00
236.00 98.00 48.00 277.00
239.00 115.00 50.00 294.00
233.00 138.00 49.00 292.00
228.00 147.00 57.00 297.00
251.00 158.00 46.00 316.00
255.00 154.00 56.00 307.00
229.00 159.00 89.00 305.00
219.00 164.00 149.00 306.00
232.00 176.00 204.00 306.00
240.00 179.00 256.00 315.00
241.00 181.00 298.00 309.00
244.00 186.00 307.00 311.00
235.00 200.00 309.00 309.00
242.00 209.00 303.00 314.00
227.00 231.00 296.00 303.00
233.00 274.00 295.00 313.00
240.00 296.00 298.00 312.00
244.00 336.00 302.00 313.00
236.00 336.00 301.00 306.00
241.00 333.00 294.00 314.00
234.00 325.00 290.00 305.00
230.00 325.00 286.00 302.00
229.00 317.00 276.00 299.00
230.00 309.00 276.00 301.00
235.00 306.00 270.00 286.00
228.00 296.00 266.00 288.00
223.00 292.00 270.00 287.00
223.00 291.00 262.00 288.00
221.00 281.00 261.00 281.00
219.00 281.00 258.00 282.00
218.00 275.00 255.00 283.00
217.00 273.00 252.00 277.00
216.00 270.00 252.00 266.00
209.00 269.00 247.00 273.00
212.00 262.00 244.00 271.00
216.00 263.00 243.00 256.00
232.00 266.00 240.00 256.00
220.00 264.00 237.00 254.00
219.00 262.00 236.00 266.00
215.00 263.00 235.00 266.00
213.00 268.00 238.00 262.00
221.00 264.00 237.00 270.00
214.00 258.00 233.00 265.00
217.00 265.00 233.00 266.00
212.00 267.00 235.00 266.00
222.00 268.00 237.00 267.00
217.00 263.00 238.00 265.00
223.00 264.00 235.00 264.00
218.00 263.00 235.00 269.00
225.00 277.00 240.00 266.00
210.00 275.00 250.00 276.00
211.00 277.00 252.00 270.00
220.00 277.00 250.00 269.00
226.00 272.00 245.00 262.00
229.00 266.00 245.00 248.00
221.00 267.00 244.00 241.00
222.00 262.00 242.00 262.00
209.00 259.00 233.00 249.00
186.00 259.00 236.00 232.00
217.00 264.00 241.00 247.00
212.00 270.00 240.00 271.00
226.00 269.00 241.00 268.00
209.00 269.00 240.00 268.00
221.00 269.00 247.00 252.00
222.00 281.00 252.00 270.00
233.00 287.00 259.00 282.00
225.00 285.00 251.00 267.00
220.00 280.00 247.00 267.00
228.00 282.00 245.00 272.00
230.00 280.00 247.00 239.00
229.00 279.00 246.00 273.00
230.00 277.00 243.00 248.00
230.00 276.00 246.00 274.00
227.00 279.00 244.00 281.00
230.00 278.00 244.00 268.00
231.00 282.00 243.00 273.00
225.00 283.00 244.00 248.00
229.00 282.00 244.00 266.00
226.00 271.00 244.00 274.00
225.00 272.00 243.00 262.00
223.00 273.00 239.00 271.00
221.00 275.00 235.00 291.00
227.00 274.00 235.00 271.00
222.00 276.00 234.00 257.00
216.00 270.00 235.00 272.00
228.00 272.00 235.00 266.00
206.00 273.00 232.00 252.00
205.00 272.00 234.00 264.00
214.00 280.00 236.00 269.00
205.00 277.00 235.00 272.00
206.00 275.00 232.00 262.00
207.00 276.00 238.00 266.00
204.00 282.00 234.00 281.00
198.00 275.00 232.00 265.00
200.00 273.00 234.00 261.00
206.00 267.00 231.00 273.00
188.00 267.00 227.00 264.00
206.00 266.00 238.00 278.00
215.00 270.00 241.00 277.00
204.00 268.00 238.00 264.00
210.00 275.00 245.00 258.00
236.00 273.00 243.00 280.00
210.00 266.00 253.00 276.00
220.00 286.00 259.00 297.00
229.00 273.00 259.00 302.00
218.00 288.00 251.00 305.00
225.00 287.00 270.00 300.00
215.00 284.00 265.00 276.00
208.00 291.00 275.00 301.00
219.00 288.00 267.00 311.00
204.00 288.00 253.00 301.00
219.00 272.00 263.00 306.00
220.00 286.00 265.00 307.00
220.00 289.00 271.00 300.00
216.00 289.00 261.00 293.00
201.00 285.00 255.00 272.00
203.00 290.00 255.00 271.00
214.00 274.00 254.00 268.00
216.00 286.00 251.00 261.00
218.00 285.00 255.00 254.00
213.00 284.00 249.00 253.00
219.00 276.00 243.00 250.00
214.00 279.00 241.00 240.00
222.00 289.00 255.00 252.00
228.00 285.00 260.00 260.00
232.00 287.00 257.00 248.00
235.00 290.00 256.00 252.00
237.00 294.00 260.00 258.00
233.00 303.00 263.00 251.00
231.00 310.00 270.00 262.00
242.00 308.00 269.00 265.00
240.00 296.00 271.00 256.00
245.00 305.00 269.00 255.00
243.00 306.00 274.00 266.00
237.00 306.00 273.00 258.00
230.00 303.00 264.00 258.00
235.00 309.00 269.00 244.00
236.00 308.00 261.00 256.00
232.00 309.00 265.00 258.00
234.00 302.00 264.00 252.00
233.00 312.00 266.00 252.00
230.00 316.00 258.00 228.00
231.00 312.00 245.00 234.00
223.00 315.00 256.00 224.00
230.00 315.00 267.00 234.00
214.00 317.00 267.00 245.00
225.00 317.00 263.00 262.00
228.00 321.00 267.00 260.00
223.00 318.00 269.00 246.00
225.00 329.00 267.00 257.00
228.00 329.00 268.00 251.00
227.00 327.00 269.00 249.00
218.00 326.00 269.00 254.00
218.00 327.00 267.00 258.00
214.00 331.00 259.00 226.00
211.00 300.00 270.00 258.00
221.00 327.00 268.00 256.00
229.00 341.00 269.00 249.00
218.00 350.00 274.00 260.00
248.00 350.00 269.00 256.00
237.00 347.00 270.00 238.00
240.00 351.00 278.00 256.00
233.00 344.00 276.00 235.00
258.00 344.00 271.00 253.00
240.00 314.00 254.00 213.00
213.00 244.00 262.00 222.00
224.00 252.00 260.00 245.00
216.00 261.00 258.00 240.00
213.00 277.00 259.00 235.00
209.00 268.00 264.00 240.00
217.00 263.00 266.00 247.00
216.00 260.00 271.00 238.00
223.00 254.00 280.00 256.00
222.00 256.00 282.00 243.00
218.00 257.00 277.00 256.00
219.00 253.00 279.00 265.00
220.00 259.00 279.00 257.00
234.00 264.00 279.00 252.00
213.00 270.00 279.00 253.00
203.00 271.00 279.00 242.00
199.00 269.00 274.00 252.00
199.00 275.00 270.00 249.00
205.00 314.00 280.00 249.00
213.00 314.00 275.00 252.00
219.00 310.00 275.00 257.00
220.00 304.00 276.00 258.00
221.00 299.00 274.00 266.00
217.00 301.00 272.00 253.00
241.00 298.00 272.00 248.00
235.00 304.00 276.00 263.00
221.00 302.00 273.00 261.00
226.00 295.00 270.00 247.00
222.00 286.00 265.00 244.00
216.00 282.00 263.00 235.00
215.00 280.00 264.00 233.00
207.00 278.00 262.00 234.00
207.00 279.00 259.00 233.00
208.00 277.00 253.00 232.00
208.00 272.00 251.00 228.00
212.00 277.00 245.00 226.00
215.00 276.00 245.00 225.00
223.00 273.00 250.00 229.00
244.00 273.00 253.00 231.00
250.00 283.00 253.00 231.00
253.00 279.00 256.00 231.00
266.00 278.00 261.00 234.00
247.00 271.00 261.00 236.00
243.00 258.00 257.00 236.00
236.00 248.00 254.00 233.00
232.00 243.00 250.00 230.00
235.00 241.00 247.00 229.00
225.00 240.00 244.00 225.00
236.00 250.00 244.00 223.00
213.00 269.00 244.00 222.00
221.00 276.00 244.00 224.00
221.00 269.00 244.00 230.00
222.00 261.00 240.00 238.00
241.00 273.00 235.00 225.00
241.00 276.00 239.00 222.00
239.00 282.00 235.00 226.00
235.00 283.00 237.00 237.00
255.00 276.00 241.00 234.00
238.00 277.00 242.00 227.00
243.00 272.00 242.00 229.00
227.00 278.00 241.00 229.00
235.00 263.00 252.00 241.00
230.00 261.00 259.00 241.00
241.00 266.00 259.00 248.00
237.00 265.00 256.00 243.00
238.00 263.00 249.00 244.00
240.00 262.00 248.00 242.00
215.00 258.00 246.00 242.00
219.00 249.00 244.00 243.00
233.00 251.00 244.00 239.00
233.00 273.00 244.00 236.00
237.00 271.00 240.00 235.00
238.00 276.00 240.00 237.00
235.00 273.00 243.00 236.00
226.00 268.00 249.00 241.00
235.00 262.00 254.00 243.00
235.00 267.00 257.00 255.00
230.00 266.00 255.00 244.00
232.00 260.00 254.00 248.00
227.00 265.00 255.00 242.00
229.00 266.00 253.00 246.00
220.00 264.00 250.00 240.00
214.00 264.00 245.00 233.00
214.00 262.00 227.00 232.00
208.00 260.00 226.00 232.00
206.00 254.00 235.00 230.00
206.00 247.00 248.00 241.00
204.00 256.00 252.00 239.00
207.00 268.00 254.00 237.00
206.00 271.00 248.00 238.00
