93.00 215.00 182.00 209.00
117.00 223.00 192.00 213.00
129.00 223.00 210.00 201.00
138.00 200.00 202.00 213.00
158.00 212.00 203.00 204.00
176.00 210.00 195.00 217.00
193.00 235.00 201.00 211.00
201.00 219.00 201.00 211.00
200.00 206.00 196.00 199.00
198.00 215.00 196.00 215.00
197.00 212.00 208.00 222.00
205.00 226.00 205.00 218.00
196.00 213.00 199.00 208.00
192.00 210.00 203.00 205.00
201.00 211.00 201.00 228.00
206.00 228.00 209.00 217.00
212.00 216.00 198.00 228.00
198.00 222.00 191.00 205.00
195.00 212.00 204.00 206.00
191.00 208.00 199.00 202.00
199.00 225.00 204.00 222.00
207.00 223.00 202.00 215.00
195.00 216.00 197.00 218.00
191.00 218.00 195.00 208.00
194.00 215.00 193.00 218.00
202.00 225.00 209.00 220.00
210.00 222.00 209.00 224.00
204.00 218.00 200.00 213.00
196.00 219.00 204.00 205.00
192.00 201.00 195.00 211.00
193.00 216.00 198.00 210.00
206.00 214.00 206.00 217.00
196.00 210.00 206.00 202.00
197.00 205.00 203.00 193.00
194.00 200.00 199.00 192.00
189.00 201.00 191.00 193.00
188.00 192.00 204.00 204.00
201.00 215.00 202.00 202.00
215.00 220.00 198.00 206.00
195.00 215.00 188.00 204.00
193.00 211.00 196.00 189.00
190.00 218.00 197.00 211.00
211.00 231.00 210.00 220.00
213.00 221.00 212.00 202.00
199.00 212.00 201.00 219.00
194.00 209.00 194.00 203.00
198.00 213.00 189.00 211.00
195.00 225.00 215.00 227.00
211.00 223.00 204.00 216.00
211.00 220.00 195.00 218.00
208.00 219.00 196.00 218.00
204.00 208.00 194.00 210.00
200.00 213.00 199.00 203.00
209.00 224.00 198.00 216.00
210.00 221.00 200.00 217.00
203.00 214.00 203.00 203.00
190.00 212.00 193.00 180.00
180.00 209.00 201.00 205.00
199.00 219.00 203.00 213.00
202.00 233.00 206.00 197.00
200.00 216.00 185.00 193.00
177.00 211.00 186.00 204.00
182.00 223.00 181.00 197.00
193.00 228.00 209.00 228.00
215.00 222.00 192.00 210.00
208.00 222.00 195.00 201.00
196.00 220.00 188.00 185.00
186.00 224.00 200.00 205.00
200.00 233.00 204.00 209.00
210.00 226.00 200.00 219.00
209.00 212.00 193.00 214.00
203.00 216.00 189.00 218.00
203.00 215.00 197.00 213.00
212.00 233.00 211.00 219.00
213.00 227.00 203.00 210.00
214.00 225.00 197.00 207.00
194.00 223.00 189.00 217.00
196.00 221.00 196.00 195.00
196.00 223.00 199.00 195.00
205.00 228.00 196.00 188.00
209.00 227.00 206.00 200.00
210.00 228.00 201.00 201.00
188.00 237.00 194.00 206.00
194.00 229.00 198.00 199.00
198.00 241.00 203.00 196.00
211.00 239.00 216.00 213.00
212.00 238.00 196.00 209.00
196.00 229.00 194.00 203.00
193.00 231.00 191.00 183.00
206.00 238.00 214.00 211.00
205.00 236.00 199.00 198.00
216.00 232.00 196.00 173.00
193.00 223.00 187.00 197.00
190.00 235.00 191.00 212.00
209.00 233.00 193.00 226.00
217.00 235.00 204.00 208.00
206.00 240.00 200.00 204.00
201.00 229.00 190.00 210.00
207.00 224.00 198.00 206.00
197.00 228.00 196.00 203.00
224.00 235.00 200.00 211.00
210.00 226.00 199.00 207.00
194.00 229.00 193.00 194.00
195.00 223.00 199.00 233.00
209.00 231.00 205.00 226.00
209.00 230.00 200.00 208.00
206.00 245.00 199.00 206.00
197.00 221.00 187.00 202.00
203.00 223.00 185.00 197.00
211.00 241.00 193.00 210.00
212.00 240.00 200.00 225.00
205.00 239.00 192.00 190.00
202.00 234.00 202.00 207.00
198.00 240.00 195.00 206.00
193.00 239.00 192.00 208.00
199.00 249.00 197.00 228.00
208.00 237.00 198.00 204.00
199.00 223.00 197.00 181.00
196.00 233.00 196.00 203.00
189.00 227.00 192.00 183.00
185.00 235.00 195.00 185.00
193.00 225.00 197.00 207.00
202.00 231.00 203.00 200.00
202.00 221.00 200.00 196.00
196.00 216.00 202.00 205.00
188.00 215.00 201.00 207.00
201.00 205.00 196.00 195.00
196.00 204.00 202.00 216.00
204.00 210.00 199.00 200.00
196.00 200.00 190.00 201.00
197.00 186.00 198.00 196.00
186.00 176.00 189.00 194.00
186.00 165.00 185.00 190.00
203.00 156.00 186.00 190.00
195.00 147.00 191.00 186.00
191.00 129.00 190.00 201.00
194.00 115.00 193.00 196.00
191.00 101.00 181.00 191.00
194.00 95.00 191.00 199.00
189.00 86.00 192.00 192.00
198.00 86.00 194.00 195.00
193.00 78.00 185.00 199.00
191.00 67.00 189.00 192.00
192.00 67.00 188.00 203.00
187.00 61.00 188.00 203.00
201.00 65.00 191.00 203.00
202.00 62.00 189.00 214.00
191.00 59.00 187.00 183.00
179.00 53.00 188.00 184.00
192.00 45.00 189.00 198.00
183.00 46.00 183.00 201.00
196.00 49.00 200.00 187.00
186.00 46.00 191.00 197.00
194.00 45.00 193.00 184.00
195.00 41.00 195.00 212.00
169.00 36.00 186.00 199.00
187.00 33.00 194.00 203.00
202.00 35.00 200.00 207.00
197.00 31.00 201.00 180.00
187.00 27.00 182.00 182.00
190.00 26.00 191.00 190.00
180.00 23.00 190.00 184.00
184.00 23.00 188.00 180.00
187.00 27.00 196.00 184.00
163.00 26.00 205.00 185.00
152.00 25.00 194.00 182.00
139.00 24.00 190.00 176.00
128.00 23.00 190.00 192.00
124.00 24.00 198.00 186.00
123.00 23.00 191.00 188.00
112.00 23.00 195.00 190.00
97.00 22.00 195.00 192.00
86.00 23.00 201.00 191.00
84.00 24.00 194.00 186.00
78.00 25.00 196.00 155.00
66.00 23.00 198.00 142.00
62.00 24.00 198.00 143.00
56.00 24.00 194.00 138.00
52.00 22.00 203.00 136.00
54.00 24.00 202.00 131.00
50.00 24.00 201.00 128.00
44.00 24.00 195.00 127.00
39.00 23.00 198.00 127.00
37.00 22.00 194.00 119.00
35.00 22.00 194.00 119.00
34.00 24.00 194.00 115.00
35.00 23.00 196.00 106.00
33.00 22.00 194.00 99.00
33.00 23.00 202.00 93.00
31.00 21.00 188.00 90.00
29.00 21.00 196.00 91.00
29.00 21.00 199.00 92.00
30.00 23.00 201.00 92.00
32.00 24.00 194.00 93.00
30.00 25.00 198.00 93.00
33.00 24.00 200.00 88.00
33.00 24.00 196.00 90.00
34.00 23.00 197.00 84.00
34.00 23.00 199.00 86.00
30.00 22.00 195.00 90.00
31.00 24.00 194.00 91.00
30.00 24.00 163.00 84.00
28.00 23.00 160.00 85.00
27.00 21.00 165.00 79.00
25.00 18.00 170.00 74.00
23.00 16.00 167.00 68.00
20.00 14.00 166.00 64.00
19.00 12.00 168.00 59.00
18.00 11.00 164.00 55.00
17.00 10.00 155.00 52.00
18.00 10.00 153.00 49.00
17.00 9.00 151.00 45.00
15.00 9.00 149.00 41.00
14.00 9.00 149.00 37.00
14.00 8.00 151.00 35.00
13.00 9.00 150.00 33.00
