73.00 238.00 246.00 218.00
65.00 235.00 228.00 206.00
62.00 245.00 232.00 205.00
55.00 242.00 243.00 205.00
64.00 243.00 237.00 209.00
69.00 247.00 232.00 217.00
66.00 237.00 236.00 208.00
56.00 220.00 233.00 205.00
58.00 218.00 226.00 194.00
42.00 212.00 231.00 204.00
51.00 226.00 235.00 209.00
52.00 227.00 236.00 200.00
65.00 221.00 225.00 198.00
66.00 216.00 237.00 193.00
64.00 227.00 235.00 201.00
65.00 238.00 237.00 206.00
72.00 239.00 249.00 211.00
75.00 240.00 246.00 221.00
91.00 243.00 247.00 236.00
96.00 241.00 245.00 229.00
97.00 249.00 265.00 257.00
122.00 281.00 273.00 251.00
120.00 265.00 262.00 255.00
120.00 259.00 245.00 222.00
117.00 245.00 246.00 219.00
115.00 220.00 257.00 244.00
148.00 226.00 264.00 230.00
168.00 229.00 247.00 216.00
186.00 215.00 241.00 214.00
209.00 208.00 237.00 174.00
182.00 206.00 245.00 227.00
207.00 219.00 243.00 225.00
201.00 208.00 239.00 225.00
198.00 201.00 232.00 216.00
186.00 197.00 227.00 213.00
182.00 198.00 232.00 223.00
194.00 201.00 234.00 234.00
207.00 204.00 233.00 217.00
178.00 199.00 218.00 214.00
171.00 192.00 216.00 217.00
161.00 191.00 210.00 212.00
152.00 188.00 220.00 203.00
154.00 190.00 220.00 206.00
152.00 194.00 228.00 209.00
146.00 196.00 222.00 205.00
145.00 195.00 219.00 203.00
139.00 197.00 218.00 194.00
137.00 200.00 219.00 203.00
142.00 201.00 221.00 210.00
145.00 207.00 227.00 218.00
148.00 205.00 230.00 216.00
151.00 209.00 235.00 209.00
146.00 211.00 232.00 210.00
154.00 211.00 233.00 211.00
168.00 214.00 214.00 216.00
198.00 225.00 233.00 220.00
216.00 233.00 226.00 211.00
225.00 223.00 219.00 208.00
217.00 224.00 206.00 204.00
205.00 221.00 215.00 203.00
189.00 228.00 217.00 215.00
197.00 223.00 229.00 212.00
194.00 213.00 207.00 208.00
189.00 210.00 204.00 206.00
199.00 204.00 212.00 209.00
192.00 199.00 208.00 204.00
183.00 193.00 209.00 212.00
184.00 209.00 213.00 218.00
190.00 209.00 220.00 213.00
190.00 202.00 209.00 215.00
189.00 200.00 205.00 202.00
184.00 202.00 211.00 210.00
191.00 191.00 199.00 200.00
183.00 202.00 203.00 209.00
199.00 211.00 220.00 208.00
187.00 210.00 219.00 217.00
214.00 208.00 211.00 199.00
188.00 202.00 210.00 203.00
192.00 201.00 191.00 195.00
177.00 196.00 199.00 188.00
182.00 201.00 196.00 200.00
197.00 210.00 208.00 212.00
200.00 213.00 213.00 209.00
196.00 221.00 212.00 195.00
202.00 203.00 207.00 203.00
186.00 193.00 207.00 205.00
191.00 205.00 206.00 196.00
186.00 192.00 212.00 212.00
193.00 210.00 218.00 212.00
198.00 211.00 212.00 210.00
191.00 204.00 221.00 198.00
188.00 206.00 212.00 184.00
177.00 196.00 200.00 183.00
184.00 198.00 203.00 204.00
194.00 213.00 221.00 207.00
194.00 222.00 203.00 217.00
183.00 205.00 206.00 200.00
180.00 200.00 195.00 165.00
188.00 194.00 188.00 202.00
186.00 212.00 201.00 219.00
188.00 202.00 206.00 200.00
185.00 195.00 207.00 193.00
182.00 191.00 203.00 203.00
174.00 200.00 199.00 199.00
180.00 202.00 210.00 196.00
183.00 214.00 218.00 198.00
192.00 210.00 204.00 204.00
186.00 208.00 211.00 192.00
167.00 196.00 200.00 198.00
173.00 201.00 199.00 203.00
177.00 197.00 213.00 212.00
186.00 215.00 209.00 209.00
189.00 205.00 218.00 217.00
199.00 207.00 208.00 215.00
191.00 200.00 197.00 200.00
174.00 194.00 200.00 204.00
190.00 200.00 197.00 197.00
179.00 201.00 207.00 215.00
185.00 207.00 199.00 211.00
182.00 200.00 206.00 206.00
194.00 196.00 202.00 207.00
176.00 196.00 194.00 199.00
162.00 190.00 186.00 195.00
164.00 186.00 205.00 201.00
162.00 189.00 202.00 200.00
174.00 197.00 201.00 199.00
174.00 197.00 198.00 204.00
168.00 194.00 195.00 192.00
159.00 177.00 190.00 187.00
151.00 188.00 188.00 186.00
151.00 190.00 204.00 204.00
158.00 201.00 213.00 202.00
153.00 198.00 197.00 203.00
153.00 198.00 207.00 199.00
148.00 203.00 200.00 195.00
144.00 186.00 191.00 192.00
146.00 188.00 211.00 199.00
145.00 191.00 197.00 192.00
147.00 183.00 212.00 187.00
142.00 180.00 192.00 192.00
150.00 172.00 197.00 177.00
135.00 167.00 206.00 186.00
144.00 184.00 204.00 194.00
148.00 183.00 197.00 199.00
152.00 175.00 197.00 178.00
136.00 170.00 190.00 181.00
139.00 173.00 185.00 190.00
141.00 182.00 183.00 189.00
138.00 173.00 180.00 182.00
134.00 176.00 170.00 179.00
146.00 163.00 164.00 177.00
137.00 160.00 194.00 190.00
147.00 170.00 195.00 192.00
142.00 174.00 194.00 185.00
132.00 170.00 191.00 184.00
131.00 167.00 185.00 181.00
141.00 165.00 184.00 181.00
149.00 173.00 193.00 187.00
150.00 179.00 181.00 169.00
148.00 177.00 175.00 174.00
151.00 165.00 176.00 170.00
145.00 165.00 183.00 179.00
159.00 176.00 192.00 187.00
153.00 168.00 192.00 188.00
146.00 167.00 163.00 181.00
140.00 173.00 158.00 177.00
142.00 173.00 163.00 180.00
154.00 180.00 166.00 187.00
155.00 180.00 162.00 180.00
145.00 175.00 152.00 160.00
139.00 170.00 154.00 173.00
140.00 175.00 151.00 180.00
137.00 184.00 164.00 189.00
157.00 186.00 168.00 186.00
153.00 180.00 179.00 182.00
143.00 170.00 179.00 184.00
140.00 171.00 178.00 182.00
143.00 175.00 184.00 188.00
147.00 181.00 186.00 186.00
142.00 179.00 180.00 180.00
144.00 174.00 171.00 178.00
141.00 172.00 164.00 170.00
137.00 167.00 170.00 174.00
132.00 167.00 171.00 178.00
141.00 173.00 186.00 177.00
143.00 177.00 184.00 183.00
140.00 175.00 186.00 184.00
148.00 173.00 181.00 179.00
143.00 174.00 181.00 181.00
147.00 175.00 180.00 181.00
143.00 172.00 181.00 179.00
143.00 172.00 176.00 177.00
140.00 168.00 178.00 173.00
135.00 170.00 182.00 170.00
137.00 166.00 180.00 162.00
138.00 167.00 179.00 177.00
135.00 167.00 181.00 177.00
145.00 173.00 186.00 184.00
148.00 178.00 186.00 185.00
149.00 177.00 184.00 183.00
146.00 174.00 183.00 177.00
137.00 168.00 179.00 175.00
143.00 169.00 178.00 175.00
136.00 164.00 177.00 174.00
137.00 166.00 178.00 173.00
139.00 164.00 183.00 175.00
141.00 169.00 181.00 181.00
145.00 166.00 180.00 182.00
136.00 163.00 174.00 176.00
144.00 168.00 176.00 175.00
153.00 167.00 175.00 169.00
147.00 166.00 177.00 160.00
149.00 168.00 177.00 160.00
150.00 170.00 180.00 166.00
156.00 176.00 183.00 172.00
157.00 177.00 183.00 171.00
152.00 171.00 178.00 168.00
149.00 172.00 173.00 160.00
150.00 167.00 174.00 159.00
140.00 163.00 175.00 155.00
139.00 162.00 175.00 157.00
141.00 161.00 172.00 154.00
145.00 161.00 175.00 161.00
146.00 168.00 178.00 159.00
144.00 164.00 177.00 160.00
