40.00 122.00 312.00 55.00
44.00 129.00 318.00 63.00
49.00 128.00 333.00 60.00
48.00 128.00 313.00 60.00
45.00 123.00 322.00 56.00
43.00 121.00 321.00 54.00
45.00 119.00 307.00 56.00
45.00 118.00 303.00 64.00
44.00 120.00 293.00 74.00
44.00 119.00 287.00 79.00
42.00 115.00 285.00 83.00
41.00 116.00 281.00 89.00
40.00 115.00 274.00 88.00
40.00 114.00 272.00 88.00
37.00 111.00 269.00 91.00
36.00 108.00 260.00 88.00
31.00 114.00 265.00 89.00
34.00 117.00 283.00 91.00
35.00 117.00 285.00 92.00
48.00 108.00 284.00 106.00
46.00 110.00 277.00 98.00
40.00 109.00 275.00 101.00
42.00 108.00 271.00 100.00
47.00 109.00 267.00 99.00
44.00 111.00 267.00 100.00
46.00 112.00 276.00 114.00
48.00 110.00 284.00 130.00
61.00 110.00 286.00 143.00
71.00 112.00 295.00 159.00
86.00 115.00 300.00 181.00
118.00 118.00 310.00 207.00
131.00 139.00 311.00 231.00
165.00 165.00 299.00 273.00
188.00 216.00 298.00 271.00
216.00 239.00 277.00 269.00
224.00 235.00 263.00 267.00
239.00 232.00 253.00 266.00
255.00 233.00 250.00 265.00
254.00 235.00 244.00 253.00
256.00 258.00 249.00 251.00
242.00 253.00 237.00 253.00
237.00 244.00 229.00 241.00
248.00 240.00 227.00 229.00
240.00 249.00 225.00 232.00
221.00 237.00 223.00 239.00
235.00 235.00 232.00 234.00
245.00 239.00 236.00 227.00
230.00 238.00 246.00 231.00
234.00 243.00 242.00 241.00
243.00 235.00 230.00 227.00
242.00 237.00 239.00 236.00
243.00 241.00 234.00 225.00
240.00 240.00 231.00 224.00
241.00 239.00 242.00 225.00
239.00 238.00 235.00 226.00
243.00 236.00 237.00 226.00
240.00 239.00 243.00 223.00
235.00 235.00 236.00 228.00
229.00 242.00 242.00 239.00
237.00 232.00 237.00 227.00
243.00 239.00 230.00 234.00
241.00 234.00 228.00 235.00
228.00 231.00 231.00 223.00
240.00 244.00 236.00 224.00
243.00 236.00 216.00 224.00
248.00 237.00 235.00 223.00
257.00 243.00 241.00 217.00
256.00 252.00 240.00 229.00
242.00 236.00 231.00 229.00
232.00 242.00 249.00 233.00
255.00 231.00 248.00 228.00
251.00 229.00 239.00 235.00
249.00 254.00 246.00 240.00
247.00 248.00 250.00 232.00
242.00 248.00 251.00 231.00
248.00 247.00 238.00 241.00
251.00 248.00 254.00 240.00
259.00 257.00 256.00 241.00
272.00 253.00 254.00 240.00
256.00 259.00 246.00 234.00
257.00 256.00 237.00 235.00
250.00 256.00 251.00 245.00
253.00 255.00 252.00 235.00
261.00 250.00 252.00 238.00
244.00 243.00 249.00 243.00
252.00 263.00 251.00 235.00
255.00 265.00 254.00 243.00
252.00 262.00 257.00 243.00
261.00 257.00 257.00 229.00
242.00 241.00 252.00 254.00
250.00 252.00 258.00 250.00
246.00 261.00 244.00 254.00
253.00 260.00 256.00 253.00
257.00 259.00 257.00 245.00
265.00 259.00 255.00 241.00
255.00 259.00 267.00 248.00
265.00 257.00 260.00 243.00
261.00 256.00 268.00 241.00
250.00 251.00 268.00 235.00
253.00 246.00 253.00 237.00
261.00 254.00 253.00 245.00
259.00 254.00 253.00 244.00
259.00 252.00 253.00 244.00
257.00 252.00 250.00 222.00
245.00 253.00 239.00 228.00
240.00 249.00 246.00 235.00
253.00 250.00 245.00 238.00
249.00 246.00 246.00 240.00
251.00 250.00 245.00 242.00
262.00 242.00 253.00 241.00
262.00 249.00 246.00 243.00
255.00 248.00 248.00 247.00
259.00 246.00 249.00 245.00
263.00 249.00 244.00 245.00
264.00 242.00 243.00 247.00
257.00 247.00 240.00 243.00
243.00 248.00 239.00 233.00
251.00 246.00 239.00 233.00
246.00 241.00 236.00 231.00
264.00 239.00 237.00 238.00
255.00 237.00 233.00 231.00
240.00 242.00 227.00 232.00
249.00 236.00 231.00 231.00
244.00 239.00 227.00 230.00
246.00 234.00 226.00 224.00
242.00 231.00 227.00 222.00
243.00 231.00 225.00 222.00
239.00 232.00 226.00 231.00
245.00 229.00 230.00 229.00
244.00 235.00 233.00 231.00
253.00 235.00 241.00 243.00
251.00 242.00 248.00 244.00
265.00 229.00 250.00 246.00
255.00 244.00 236.00 239.00
254.00 240.00 233.00 247.00
254.00 235.00 231.00 235.00
245.00 232.00 228.00 242.00
238.00 231.00 227.00 233.00
241.00 224.00 228.00 235.00
248.00 221.00 231.00 239.00
235.00 236.00 232.00 243.00
270.00 240.00 244.00 253.00
263.00 246.00 241.00 250.00
249.00 247.00 236.00 254.00
257.00 241.00 236.00 251.00
246.00 238.00 236.00 241.00
251.00 230.00 231.00 225.00
229.00 223.00 234.00 230.00
239.00 214.00 226.00 240.00
240.00 206.00 224.00 224.00
222.00 211.00 232.00 233.00
228.00 215.00 238.00 230.00
246.00 214.00 246.00 231.00
241.00 211.00 255.00 237.00
247.00 218.00 249.00 233.00
251.00 218.00 255.00 235.00
233.00 217.00 251.00 232.00
229.00 218.00 243.00 227.00
231.00 215.00 241.00 222.00
217.00 212.00 246.00 227.00
230.00 207.00 239.00 224.00
218.00 206.00 235.00 224.00
215.00 204.00 236.00 221.00
212.00 205.00 232.00 223.00
213.00 207.00 232.00 223.00
214.00 204.00 233.00 219.00
214.00 209.00 234.00 219.00
214.00 206.00 233.00 216.00
212.00 204.00 236.00 216.00
211.00 206.00 233.00 215.00
208.00 205.00 233.00 215.00
208.00 203.00 237.00 218.00
205.00 203.00 236.00 213.00
205.00 201.00 236.00 213.00
204.00 199.00 238.00 210.00
202.00 202.00 238.00 212.00
211.00 205.00 240.00 220.00
206.00 203.00 233.00 225.00
214.00 204.00 236.00 222.00
215.00 208.00 245.00 218.00
213.00 211.00 243.00 223.00
201.00 204.00 231.00 215.00
207.00 202.00 231.00 216.00
203.00 208.00 231.00 217.00
200.00 204.00 227.00 216.00
200.00 203.00 228.00 211.00
203.00 199.00 231.00 210.00
203.00 199.00 232.00 209.00
204.00 198.00 231.00 208.00
203.00 197.00 234.00 210.00
196.00 205.00 235.00 210.00
201.00 212.00 233.00 215.00
203.00 210.00 237.00 218.00
206.00 209.00 235.00 217.00
203.00 206.00 231.00 213.00
202.00 204.00 231.00 212.00
200.00 199.00 231.00 208.00
199.00 196.00 228.00 206.00
195.00 194.00 220.00 206.00
195.00 196.00 232.00 211.00
195.00 196.00 229.00 209.00
195.00 195.00 227.00 207.00
190.00 196.00 226.00 207.00
193.00 197.00 226.00 208.00
190.00 198.00 223.00 211.00
189.00 200.00 222.00 211.00
