43.00 96.00 79.00 31.00
42.00 97.00 80.00 31.00
45.00 99.00 82.00 33.00
47.00 102.00 80.00 30.00
43.00 101.00 80.00 32.00
50.00 103.00 83.00 33.00
47.00 104.00 81.00 39.00
50.00 106.00 81.00 73.00
52.00 114.00 83.00 115.00
55.00 137.00 94.00 153.00
61.00 147.00 96.00 185.00
55.00 157.00 95.00 215.00
54.00 158.00 94.00 260.00
61.00 164.00 95.00 261.00
60.00 175.00 93.00 264.00
62.00 184.00 94.00 265.00
59.00 195.00 94.00 263.00
59.00 217.00 96.00 272.00
65.00 233.00 103.00 281.00
70.00 241.00 105.00 274.00
73.00 262.00 103.00 271.00
72.00 267.00 99.00 270.00
75.00 263.00 101.00 275.00
72.00 267.00 97.00 278.00
72.00 277.00 105.00 289.00
86.00 289.00 125.00 288.00
92.00 272.00 115.00 278.00
93.00 269.00 110.00 270.00
93.00 270.00 112.00 202.00
93.00 271.00 107.00 273.00
96.00 267.00 111.00 279.00
107.00 277.00 122.00 284.00
119.00 288.00 127.00 254.00
119.00 277.00 131.00 265.00
119.00 274.00 135.00 288.00
131.00 272.00 137.00 285.00
134.00 272.00 132.00 267.00
132.00 278.00 141.00 211.00
142.00 283.00 153.00 293.00
159.00 277.00 158.00 302.00
165.00 270.00 155.00 286.00
176.00 278.00 160.00 232.00
181.00 270.00 161.00 214.00
180.00 272.00 158.00 256.00
189.00 270.00 155.00 267.00
194.00 269.00 161.00 270.00
196.00 288.00 172.00 300.00
214.00 282.00 173.00 280.00
222.00 285.00 173.00 272.00
223.00 270.00 178.00 282.00
221.00 270.00 175.00 222.00
221.00 264.00 168.00 240.00
228.00 268.00 173.00 287.00
242.00 264.00 185.00 279.00
250.00 270.00 186.00 303.00
251.00 263.00 183.00 287.00
242.00 269.00 186.00 288.00
226.00 256.00 189.00 220.00
241.00 254.00 192.00 282.00
236.00 263.00 192.00 224.00
233.00 259.00 201.00 233.00
242.00 279.00 212.00 288.00
247.00 268.00 216.00 275.00
234.00 265.00 217.00 278.00
248.00 273.00 223.00 276.00
241.00 268.00 230.00 292.00
245.00 265.00 228.00 282.00
247.00 271.00 225.00 289.00
233.00 273.00 230.00 274.00
237.00 280.00 238.00 289.00
235.00 272.00 227.00 280.00
234.00 264.00 232.00 283.00
242.00 268.00 232.00 236.00
242.00 261.00 225.00 271.00
240.00 263.00 237.00 274.00
242.00 264.00 231.00 274.00
241.00 263.00 245.00 289.00
262.00 280.00 244.00 225.00
249.00 269.00 245.00 282.00
232.00 270.00 241.00 251.00
233.00 281.00 236.00 229.00
242.00 257.00 239.00 240.00
240.00 261.00 250.00 293.00
247.00 277.00 240.00 285.00
240.00 267.00 234.00 282.00
239.00 262.00 235.00 289.00
246.00 261.00 230.00 258.00
235.00 254.00 241.00 285.00
251.00 277.00 253.00 286.00
252.00 280.00 242.00 265.00
255.00 268.00 241.00 291.00
247.00 264.00 241.00 289.00
240.00 257.00 244.00 288.00
238.00 265.00 240.00 256.00
252.00 276.00 243.00 263.00
250.00 287.00 250.00 306.00
241.00 267.00 239.00 287.00
241.00 269.00 240.00 279.00
240.00 271.00 240.00 295.00
239.00 264.00 242.00 256.00
234.00 265.00 233.00 298.00
251.00 283.00 247.00 288.00
252.00 286.00 247.00 300.00
250.00 266.00 243.00 272.00
248.00 264.00 234.00 287.00
248.00 267.00 226.00 236.00
237.00 266.00 240.00 280.00
246.00 277.00 245.00 295.00
255.00 283.00 249.00 297.00
261.00 279.00 252.00 295.00
255.00 282.00 254.00 248.00
246.00 275.00 243.00 279.00
241.00 268.00 242.00 292.00
239.00 263.00 241.00 296.00
248.00 272.00 256.00 295.00
245.00 287.00 262.00 281.00
239.00 280.00 251.00 293.00
243.00 285.00 248.00 287.00
242.00 283.00 261.00 303.00
253.00 290.00 265.00 294.00
268.00 297.00 254.00 303.00
251.00 276.00 248.00 282.00
247.00 287.00 248.00 272.00
244.00 291.00 259.00 275.00
258.00 291.00 242.00 275.00
244.00 278.00 256.00 297.00
251.00 283.00 260.00 273.00
260.00 296.00 258.00 275.00
249.00 279.00 248.00 287.00
245.00 286.00 249.00 291.00
250.00 285.00 259.00 296.00
260.00 292.00 260.00 288.00
253.00 279.00 243.00 237.00
243.00 282.00 252.00 272.00
253.00 295.00 267.00 234.00
255.00 291.00 260.00 291.00
253.00 281.00 247.00 286.00
251.00 295.00 249.00 278.00
259.00 281.00 252.00 270.00
256.00 276.00 249.00 273.00
231.00 273.00 249.00 280.00
238.00 289.00 250.00 262.00
246.00 280.00 260.00 284.00
245.00 284.00 242.00 243.00
233.00 272.00 241.00 295.00
246.00 290.00 252.00 251.00
249.00 281.00 253.00 284.00
240.00 278.00 250.00 226.00
228.00 266.00 265.00 289.00
246.00 275.00 249.00 288.00
254.00 275.00 246.00 254.00
241.00 274.00 255.00 282.00
256.00 302.00 257.00 259.00
253.00 290.00 250.00 284.00
248.00 284.00 252.00 276.00
244.00 288.00 256.00 301.00
253.00 280.00 247.00 289.00
250.00 274.00 243.00 264.00
257.00 295.00 262.00 283.00
272.00 279.00 260.00 288.00
259.00 270.00 248.00 293.00
260.00 285.00 253.00 300.00
261.00 276.00 266.00 293.00
250.00 290.00 245.00 287.00
252.00 294.00 251.00 297.00
253.00 287.00 257.00 307.00
260.00 280.00 243.00 289.00
246.00 281.00 244.00 295.00
255.00 286.00 255.00 301.00
269.00 287.00 244.00 286.00
243.00 273.00 235.00 280.00
257.00 288.00 247.00 292.00
263.00 290.00 266.00 286.00
255.00 286.00 245.00 287.00
255.00 280.00 239.00 282.00
248.00 288.00 241.00 291.00
265.00 299.00 247.00 301.00
262.00 275.00 246.00 291.00
255.00 283.00 239.00 285.00
252.00 281.00 246.00 283.00
251.00 277.00 244.00 288.00
268.00 288.00 247.00 294.00
262.00 298.00 245.00 285.00
245.00 284.00 234.00 259.00
248.00 274.00 237.00 284.00
257.00 270.00 241.00 266.00
250.00 273.00 250.00 287.00
260.00 282.00 251.00 276.00
248.00 282.00 254.00 290.00
252.00 275.00 248.00 280.00
254.00 272.00 251.00 288.00
259.00 279.00 254.00 291.00
279.00 289.00 261.00 288.00
239.00 272.00 247.00 259.00
237.00 270.00 244.00 290.00
232.00 280.00 243.00 284.00
229.00 285.00 244.00 277.00
246.00 288.00 257.00 304.00
249.00 288.00 241.00 268.00
230.00 264.00 240.00 277.00
231.00 266.00 249.00 278.00
225.00 284.00 260.00 279.00
248.00 290.00 259.00 289.00
251.00 276.00 256.00 276.00
252.00 266.00 248.00 297.00
248.00 269.00 251.00 299.00
242.00 271.00 259.00 276.00
252.00 284.00 254.00 288.00
251.00 275.00 253.00 278.00
248.00 275.00 243.00 287.00
241.00 282.00 249.00 293.00
243.00 292.00 255.00 309.00
264.00 281.00 256.00 290.00
242.00 277.00 236.00 286.00
250.00 270.00 236.00 292.00
255.00 262.00 236.00 287.00
253.00 279.00 245.00 298.00
259.00 281.00 242.00 289.00
250.00 279.00 241.00 292.00
246.00 271.00 244.00 290.00
244.00 271.00 239.00 285.00
249.00 277.00 243.00 292.00
263.00 290.00 256.00 300.00
252.00 274.00 247.00 295.00
235.00 272.00 235.00 258.00
243.00 283.00 235.00 250.00
246.00 273.00 250.00 273.00
255.00 299.00 270.00 295.00
260.00 283.00 251.00 277.00
256.00 276.00 245.00 280.00
236.00 273.00 244.00 271.00
253.00 270.00 239.00 277.00
257.00 291.00 269.00 296.00
261.00 270.00 249.00 266.00
238.00 270.00 253.00 290.00
240.00 265.00 236.00 263.00
238.00 269.00 251.00 278.00
250.00 275.00 258.00 304.00
258.00 278.00 250.00 255.00
247.00 264.00 245.00 297.00
253.00 269.00 243.00 293.00
266.00 264.00 247.00 297.00
236.00 272.00 251.00 299.00
240.00 268.00 243.00 266.00
238.00 266.00 243.00 292.00
238.00 272.00 244.00 291.00
232.00 260.00 243.00 301.00
248.00 273.00 258.00 284.00
251.00 261.00 249.00 291.00
256.00 269.00 240.00 276.00
254.00 265.00 248.00 290.00
252.00 262.00 235.00 294.00
258.00 284.00 254.00 267.00
264.00 270.00 258.00 291.00
258.00 273.00 248.00 285.00
254.00 270.00 253.00 273.00
241.00 264.00 247.00 261.00
251.00 265.00 248.00 276.00
262.00 275.00 258.00 300.00
259.00 277.00 252.00 261.00
261.00 271.00 248.00 286.00
256.00 260.00 243.00 268.00
243.00 261.00 251.00 284.00
235.00 267.00 248.00 259.00
262.00 291.00 264.00 286.00
256.00 278.00 259.00 269.00
242.00 266.00 255.00 277.00
246.00 258.00 252.00 284.00
240.00 269.00 249.00 283.00
248.00 272.00 269.00 280.00
264.00 288.00 263.00 290.00
256.00 271.00 258.00 298.00
267.00 284.00 257.00 291.00
254.00 278.00 252.00 259.00
246.00 287.00 257.00 292.00
261.00 294.00 259.00 289.00
258.00 284.00 269.00 300.00
251.00 276.00 261.00 279.00
241.00 273.00 253.00 291.00
244.00 268.00 253.00 274.00
236.00 266.00 254.00 268.00
241.00 267.00 256.00 268.00
224.00 266.00 262.00 292.00
242.00 274.00 253.00 288.00
225.00 265.00 247.00 275.00
237.00 258.00 245.00 268.00
231.00 263.00 248.00 287.00
243.00 257.00 251.00 275.00
236.00 265.00 264.00 293.00
241.00 268.00 254.00 292.00
231.00 253.00 252.00 279.00
238.00 261.00 247.00 275.00
241.00 256.00 245.00 254.00
235.00 251.00 247.00 283.00
249.00 253.00 251.00 287.00
246.00 257.00 262.00 295.00
247.00 264.00 248.00 289.00
257.00 241.00 233.00 279.00
252.00 236.00 238.00 291.00
253.00 236.00 230.00 284.00
243.00 234.00 232.00 292.00
248.00 254.00 235.00 294.00
252.00 241.00 241.00 293.00
241.00 233.00 229.00 269.00
242.00 234.00 222.00 284.00
244.00 236.00 222.00 280.00
237.00 239.00 233.00 282.00
235.00 245.00 239.00 268.00
245.00 242.00 236.00 280.00
248.00 234.00 236.00 278.00
242.00 232.00 224.00 276.00
236.00 228.00 220.00 271.00
225.00 225.00 221.00 271.00
218.00 222.00 220.00 262.00
216.00 225.00 219.00 265.00
217.00 223.00 225.00 270.00
225.00 230.00 231.00 268.00
226.00 227.00 227.00 268.00
223.00 224.00 222.00 261.00
219.00 218.00 219.00 256.00
211.00 215.00 219.00 260.00
211.00 213.00 217.00 250.00
211.00 214.00 219.00 251.00
216.00 220.00 221.00 264.00
216.00 218.00 223.00 253.00
208.00 213.00 220.00 237.00
202.00 210.00 216.00 240.00
198.00 208.00 213.00 228.00
196.00 207.00 214.00 223.00
194.00 207.00 213.00 225.00
193.00 207.00 215.00 223.00
