9.00 10.00 88.00 15.00
9.00 8.00 88.00 11.00
9.00 8.00 88.00 9.00
9.00 7.00 88.00 11.00
9.00 6.00 89.00 15.00
9.00 6.00 89.00 12.00
9.00 8.00 88.00 12.00
9.00 6.00 88.00 9.00
9.00 5.00 87.00 8.00
10.00 5.00 87.00 12.00
9.00 6.00 87.00 8.00
9.00 6.00 86.00 9.00
10.00 5.00 86.00 9.00
9.00 6.00 86.00 10.00
11.00 8.00 89.00 16.00
13.00 17.00 108.00 21.00
25.00 28.00 145.00 49.00
32.00 64.00 185.00 89.00
56.00 140.00 216.00 144.00
75.00 204.00 224.00 209.00
105.00 248.00 246.00 253.00
141.00 267.00 247.00 279.00
187.00 281.00 249.00 259.00
257.00 277.00 245.00 301.00
266.00 223.00 240.00 317.00
281.00 263.00 256.00 316.00
290.00 268.00 251.00 273.00
269.00 250.00 238.00 275.00
297.00 251.00 245.00 268.00
275.00 274.00 250.00 254.00
272.00 258.00 233.00 230.00
252.00 256.00 252.00 230.00
228.00 275.00 232.00 246.00
204.00 272.00 242.00 242.00
194.00 235.00 229.00 240.00
172.00 263.00 239.00 228.00
164.00 264.00 232.00 221.00
159.00 212.00 224.00 200.00
170.00 249.00 218.00 209.00
153.00 260.00 215.00 207.00
135.00 253.00 223.00 198.00
136.00 247.00 217.00 199.00
130.00 246.00 212.00 198.00
120.00 238.00 216.00 196.00
107.00 247.00 211.00 188.00
102.00 237.00 212.00 181.00
91.00 240.00 206.00 170.00
86.00 238.00 204.00 165.00
75.00 225.00 206.00 166.00
72.00 231.00 199.00 154.00
63.00 229.00 191.00 142.00
60.00 226.00 198.00 136.00
56.00 229.00 220.00 140.00
56.00 227.00 209.00 135.00
46.00 223.00 207.00 135.00
48.00 221.00 212.00 128.00
47.00 232.00 206.00 134.00
44.00 227.00 209.00 133.00
47.00 228.00 211.00 138.00
55.00 233.00 211.00 134.00
50.00 238.00 204.00 132.00
58.00 231.00 196.00 132.00
59.00 236.00 197.00 135.00
63.00 236.00 208.00 124.00
63.00 234.00 200.00 124.00
61.00 234.00 207.00 125.00
64.00 240.00 198.00 131.00
67.00 233.00 206.00 135.00
53.00 234.00 214.00 142.00
65.00 252.00 214.00 153.00
72.00 251.00 206.00 157.00
81.00 253.00 205.00 158.00
77.00 252.00 211.00 159.00
79.00 257.00 201.00 177.00
67.00 194.00 193.00 208.00
85.00 253.00 195.00 216.00
83.00 242.00 204.00 233.00
90.00 214.00 202.00 217.00
105.00 222.00 191.00 238.00
111.00 209.00 210.00 256.00
118.00 233.00 221.00 246.00
152.00 242.00 208.00 247.00
168.00 216.00 223.00 247.00
217.00 233.00 215.00 222.00
217.00 225.00 198.00 187.00
226.00 257.00 220.00 225.00
233.00 246.00 214.00 250.00
235.00 240.00 216.00 220.00
237.00 244.00 205.00 207.00
219.00 252.00 201.00 200.00
215.00 224.00 204.00 227.00
236.00 224.00 212.00 236.00
246.00 228.00 213.00 221.00
235.00 249.00 213.00 193.00
235.00 257.00 200.00 213.00
229.00 244.00 215.00 236.00
245.00 242.00 206.00 213.00
244.00 238.00 180.00 154.00
224.00 223.00 205.00 224.00
246.00 231.00 203.00 214.00
228.00 222.00 190.00 206.00
227.00 242.00 215.00 194.00
241.00 251.00 221.00 209.00
243.00 248.00 223.00 214.00
241.00 244.00 219.00 211.00
239.00 235.00 217.00 216.00
267.00 244.00 211.00 222.00
229.00 247.00 218.00 221.00
233.00 232.00 203.00 214.00
203.00 243.00 204.00 214.00
230.00 232.00 206.00 209.00
219.00 233.00 212.00 223.00
234.00 222.00 220.00 242.00
264.00 232.00 225.00 242.00
251.00 230.00 222.00 232.00
237.00 244.00 216.00 201.00
242.00 235.00 222.00 207.00
230.00 227.00 209.00 207.00
235.00 230.00 209.00 214.00
226.00 217.00 209.00 205.00
225.00 223.00 204.00 199.00
217.00 224.00 212.00 233.00
235.00 246.00 201.00 222.00
252.00 247.00 228.00 222.00
255.00 226.00 215.00 241.00
225.00 254.00 208.00 222.00
248.00 217.00 218.00 225.00
232.00 238.00 215.00 216.00
203.00 237.00 219.00 231.00
266.00 229.00 208.00 216.00
248.00 243.00 218.00 227.00
238.00 232.00 210.00 207.00
225.00 223.00 201.00 202.00
231.00 224.00 212.00 215.00
215.00 216.00 211.00 212.00
225.00 225.00 198.00 214.00
247.00 239.00 224.00 217.00
266.00 234.00 233.00 227.00
251.00 229.00 220.00 210.00
235.00 242.00 211.00 217.00
240.00 216.00 212.00 236.00
263.00 213.00 213.00 216.00
254.00 220.00 212.00 212.00
245.00 219.00 203.00 210.00
246.00 218.00 197.00 212.00
211.00 221.00 217.00 220.00
258.00 226.00 227.00 218.00
246.00 219.00 218.00 216.00
218.00 239.00 221.00 202.00
252.00 217.00 214.00 221.00
236.00 223.00 215.00 233.00
230.00 217.00 203.00 232.00
228.00 215.00 201.00 230.00
220.00 222.00 196.00 234.00
234.00 226.00 217.00 233.00
214.00 236.00 218.00 229.00
205.00 223.00 225.00 230.00
229.00 220.00 200.00 223.00
219.00 219.00 204.00 213.00
210.00 211.00 199.00 232.00
217.00 222.00 210.00 225.00
223.00 208.00 208.00 246.00
235.00 222.00 217.00 245.00
243.00 227.00 222.00 225.00
247.00 211.00 207.00 242.00
251.00 198.00 212.00 224.00
203.00 221.00 197.00 216.00
216.00 219.00 201.00 233.00
247.00 214.00 214.00 222.00
246.00 226.00 199.00 242.00
232.00 242.00 222.00 230.00
245.00 224.00 207.00 233.00
230.00 246.00 210.00 210.00
229.00 212.00 218.00 240.00
231.00 227.00 208.00 225.00
228.00 228.00 209.00 241.00
243.00 215.00 199.00 232.00
236.00 207.00 209.00 248.00
235.00 226.00 200.00 222.00
243.00 200.00 199.00 235.00
232.00 202.00 203.00 221.00
194.00 221.00 206.00 224.00
199.00 219.00 221.00 240.00
228.00 230.00 223.00 244.00
236.00 235.00 213.00 245.00
221.00 225.00 218.00 236.00
216.00 227.00 210.00 247.00
249.00 228.00 219.00 244.00
237.00 212.00 214.00 224.00
209.00 219.00 199.00 222.00
200.00 212.00 199.00 215.00
207.00 208.00 202.00 217.00
207.00 208.00 200.00 206.00
192.00 203.00 197.00 208.00
196.00 204.00 194.00 197.00
185.00 204.00 205.00 201.00
183.00 184.00 188.00 198.00
167.00 197.00 199.00 208.00
194.00 207.00 209.00 201.00
180.00 201.00 191.00 204.00
172.00 217.00 196.00 217.00
212.00 207.00 197.00 211.00
230.00 206.00 197.00 209.00
202.00 216.00 205.00 206.00
214.00 201.00 203.00 218.00
201.00 217.00 204.00 222.00
208.00 179.00 193.00 219.00
198.00 198.00 190.00 225.00
219.00 227.00 190.00 213.00
224.00 219.00 216.00 217.00
217.00 209.00 225.00 224.00
206.00 210.00 225.00 216.00
213.00 210.00 207.00 206.00
212.00 202.00 207.00 223.00
215.00 206.00 202.00 218.00
214.00 199.00 220.00 219.00
218.00 209.00 210.00 210.00
213.00 205.00 207.00 209.00
217.00 204.00 206.00 214.00
206.00 204.00 211.00 219.00
202.00 196.00 205.00 203.00
204.00 191.00 199.00 208.00
205.00 202.00 201.00 201.00
198.00 197.00 199.00 206.00
192.00 199.00 199.00 196.00
190.00 194.00 200.00 201.00
195.00 194.00 195.00 198.00
195.00 198.00 194.00 206.00
180.00 195.00 190.00 210.00
175.00 196.00 190.00 199.00
167.00 180.00 190.00 196.00
160.00 197.00 191.00 199.00
160.00 203.00 194.00 202.00
160.00 191.00 200.00 199.00
174.00 198.00 202.00 206.00
185.00 203.00 205.00 212.00
208.00 212.00 203.00 204.00
201.00 203.00 197.00 200.00
214.00 207.00 204.00 196.00
199.00 201.00 203.00 194.00
215.00 208.00 200.00 187.00
222.00 200.00 198.00 182.00
209.00 193.00 188.00 178.00
201.00 199.00 177.00 172.00
186.00 204.00 190.00 188.00
178.00 206.00 191.00 185.00
162.00 207.00 189.00 185.00
148.00 207.00 180.00 181.00
141.00 205.00 179.00 168.00
126.00 205.00 185.00 162.00
120.00 205.00 169.00 152.00
107.00 200.00 164.00 167.00
97.00 200.00 163.00 161.00
97.00 196.00 160.00 157.00
88.00 194.00 157.00 143.00
77.00 195.00 163.00 133.00
71.00 204.00 168.00 125.00
72.00 206.00 169.00 127.00
66.00 200.00 165.00 111.00
70.00 204.00 158.00 103.00
63.00 201.00 150.00 100.00
60.00 191.00 148.00 94.00
56.00 189.00 146.00 89.00
55.00 195.00 143.00 84.00
54.00 193.00 140.00 77.00
53.00 192.00 141.00 75.00
52.00 193.00 140.00 68.00
50.00 192.00 140.00 62.00
49.00 192.00 140.00 72.00
49.00 193.00 144.00 56.00
38.00 192.00 140.00 50.00
48.00 196.00 141.00 54.00
52.00 191.00 144.00 59.00
53.00 196.00 145.00 55.00
55.00 196.00 145.00 59.00
