45.00 86.00 196.00 271.00
43.00 84.00 215.00 281.00
46.00 84.00 262.00 273.00
47.00 89.00 280.00 274.00
47.00 89.00 278.00 271.00
46.00 91.00 283.00 271.00
46.00 88.00 285.00 274.00
46.00 87.00 289.00 275.00
47.00 88.00 288.00 275.00
45.00 93.00 292.00 274.00
43.00 90.00 293.00 276.00
47.00 92.00 287.00 277.00
46.00 91.00 294.00 280.00
48.00 105.00 293.00 278.00
48.00 112.00 296.00 278.00
46.00 117.00 297.00 278.00
45.00 113.00 299.00 275.00
45.00 110.00 299.00 276.00
46.00 112.00 296.00 277.00
46.00 112.00 298.00 276.00
44.00 114.00 301.00 274.00
46.00 111.00 301.00 276.00
45.00 114.00 299.00 276.00
44.00 115.00 299.00 275.00
45.00 111.00 300.00 274.00
45.00 115.00 298.00 274.00
44.00 113.00 299.00 273.00
44.00 108.00 292.00 264.00
64.00 109.00 294.00 266.00
80.00 110.00 298.00 269.00
84.00 111.00 299.00 271.00
83.00 110.00 295.00 268.00
82.00 105.00 289.00 266.00
82.00 110.00 283.00 261.00
83.00 108.00 276.00 258.00
82.00 110.00 275.00 253.00
80.00 108.00 270.00 248.00
80.00 105.00 262.00 246.00
79.00 116.00 267.00 243.00
79.00 130.00 260.00 241.00
80.00 133.00 262.00 242.00
82.00 136.00 261.00 239.00
82.00 133.00 260.00 236.00
82.00 135.00 263.00 230.00
109.00 127.00 238.00 224.00
141.00 134.00 255.00 239.00
147.00 136.00 260.00 235.00
155.00 139.00 251.00 234.00
173.00 151.00 257.00 233.00
176.00 144.00 259.00 240.00
192.00 158.00 259.00 235.00
201.00 172.00 256.00 235.00
204.00 171.00 255.00 234.00
205.00 178.00 256.00 233.00
206.00 190.00 257.00 234.00
210.00 195.00 259.00 235.00
215.00 203.00 256.00 226.00
233.00 202.00 260.00 237.00
247.00 201.00 262.00 236.00
255.00 227.00 258.00 235.00
256.00 245.00 271.00 233.00
254.00 245.00 265.00 237.00
254.00 247.00 263.00 236.00
254.00 247.00 256.00 237.00
253.00 248.00 270.00 235.00
258.00 254.00 266.00 241.00
258.00 255.00 286.00 250.00
255.00 258.00 267.00 255.00
261.00 255.00 267.00 250.00
262.00 258.00 272.00 248.00
263.00 255.00 270.00 247.00
259.00 258.00 276.00 244.00
258.00 254.00 272.00 250.00
251.00 254.00 270.00 246.00
256.00 255.00 270.00 247.00
255.00 252.00 265.00 247.00
254.00 251.00 270.00 244.00
254.00 248.00 268.00 243.00
250.00 246.00 264.00 244.00
252.00 246.00 262.00 245.00
251.00 248.00 261.00 249.00
247.00 238.00 258.00 244.00
248.00 250.00 256.00 244.00
246.00 242.00 263.00 243.00
247.00 246.00 260.00 245.00
248.00 239.00 263.00 242.00
252.00 243.00 266.00 244.00
251.00 246.00 258.00 244.00
247.00 246.00 256.00 243.00
247.00 243.00 263.00 242.00
248.00 242.00 254.00 242.00
247.00 246.00 259.00 249.00
245.00 247.00 267.00 252.00
260.00 260.00 271.00 257.00
256.00 258.00 267.00 249.00
251.00 249.00 266.00 250.00
239.00 243.00 259.00 242.00
246.00 250.00 263.00 250.00
252.00 256.00 270.00 258.00
255.00 253.00 263.00 251.00
251.00 250.00 257.00 246.00
249.00 248.00 249.00 250.00
244.00 238.00 247.00 247.00
254.00 254.00 271.00 258.00
258.00 261.00 271.00 254.00
257.00 255.00 263.00 252.00
251.00 251.00 211.00 222.00
227.00 224.00 247.00 228.00
242.00 238.00 242.00 244.00
245.00 241.00 262.00 247.00
251.00 255.00 269.00 259.00
264.00 259.00 271.00 257.00
256.00 256.00 267.00 251.00
253.00 253.00 259.00 249.00
243.00 234.00 256.00 238.00
242.00 242.00 242.00 246.00
242.00 239.00 255.00 245.00
244.00 237.00 255.00 246.00
250.00 245.00 267.00 256.00
252.00 247.00 253.00 263.00
258.00 249.00 264.00 254.00
249.00 243.00 260.00 251.00
247.00 259.00 254.00 251.00
248.00 254.00 265.00 248.00
244.00 253.00 262.00 241.00
247.00 259.00 276.00 249.00
248.00 266.00 276.00 261.00
254.00 262.00 278.00 260.00
256.00 264.00 273.00 255.00
254.00 261.00 271.00 257.00
250.00 250.00 265.00 251.00
247.00 251.00 262.00 245.00
237.00 224.00 244.00 221.00
231.00 241.00 257.00 246.00
242.00 239.00 246.00 240.00
240.00 236.00 249.00 243.00
236.00 237.00 247.00 250.00
243.00 245.00 263.00 255.00
248.00 241.00 262.00 257.00
251.00 242.00 258.00 259.00
256.00 256.00 275.00 258.00
261.00 245.00 269.00 259.00
250.00 249.00 263.00 254.00
250.00 256.00 265.00 252.00
251.00 256.00 263.00 254.00
246.00 263.00 260.00 251.00
246.00 261.00 256.00 249.00
250.00 254.00 253.00 254.00
249.00 251.00 252.00 252.00
242.00 245.00 237.00 236.00
225.00 242.00 223.00 275.00
226.00 244.00 256.00 258.00
252.00 251.00 267.00 270.00
253.00 263.00 269.00 267.00
250.00 252.00 282.00 258.00
263.00 260.00 267.00 269.00
256.00 258.00 269.00 260.00
259.00 254.00 267.00 257.00
256.00 256.00 263.00 258.00
254.00 256.00 262.00 254.00
251.00 252.00 265.00 255.00
253.00 255.00 256.00 254.00
244.00 251.00 257.00 253.00
252.00 258.00 253.00 252.00
253.00 255.00 258.00 251.00
249.00 253.00 260.00 259.00
250.00 259.00 269.00 266.00
260.00 264.00 266.00 262.00
264.00 266.00 265.00 262.00
252.00 264.00 262.00 259.00
253.00 258.00 260.00 263.00
251.00 261.00 257.00 259.00
252.00 256.00 261.00 254.00
251.00 252.00 259.00 252.00
248.00 251.00 262.00 255.00
252.00 254.00 255.00 252.00
251.00 254.00 264.00 253.00
251.00 251.00 267.00 258.00
259.00 272.00 269.00 266.00
263.00 261.00 274.00 270.00
260.00 262.00 270.00 267.00
258.00 261.00 271.00 263.00
257.00 258.00 267.00 258.00
253.00 255.00 259.00 260.00
252.00 253.00 260.00 254.00
251.00 250.00 263.00 252.00
251.00 253.00 263.00 252.00
251.00 258.00 264.00 270.00
264.00 269.00 271.00 271.00
266.00 267.00 275.00 268.00
265.00 266.00 268.00 267.00
256.00 258.00 262.00 262.00
256.00 257.00 262.00 259.00
253.00 257.00 261.00 258.00
252.00 253.00 258.00 261.00
253.00 256.00 258.00 256.00
253.00 254.00 262.00 260.00
255.00 254.00 265.00 260.00
257.00 259.00 268.00 258.00
265.00 264.00 271.00 273.00
268.00 275.00 268.00 271.00
264.00 254.00 268.00 267.00
260.00 251.00 270.00 265.00
257.00 251.00 267.00 258.00
256.00 247.00 272.00 267.00
255.00 246.00 272.00 252.00
258.00 256.00 281.00 263.00
259.00 258.00 272.00 266.00
248.00 253.00 271.00 260.00
249.00 250.00 254.00 262.00
254.00 255.00 267.00 260.00
254.00 258.00 263.00 251.00
253.00 257.00 261.00 253.00
250.00 256.00 260.00 255.00
251.00 259.00 250.00 256.00
249.00 254.00 257.00 251.00
254.00 260.00 257.00 253.00
252.00 252.00 260.00 260.00
255.00 255.00 264.00 258.00
251.00 254.00 260.00 258.00
253.00 257.00 261.00 255.00
252.00 255.00 256.00 251.00
251.00 254.00 249.00 260.00
256.00 257.00 265.00 264.00
252.00 260.00 257.00 251.00
253.00 248.00 254.00 260.00
252.00 267.00 260.00 264.00
253.00 256.00 264.00 269.00
253.00 259.00 259.00 267.00
255.00 262.00 268.00 269.00
260.00 273.00 268.00 269.00
258.00 252.00 271.00 277.00
261.00 272.00 273.00 277.00
269.00 266.00 272.00 272.00
265.00 267.00 277.00 274.00
265.00 265.00 274.00 273.00
265.00 264.00 274.00 273.00
264.00 264.00 276.00 275.00
265.00 263.00 279.00 274.00
260.00 263.00 273.00 278.00
259.00 263.00 274.00 277.00
262.00 258.00 269.00 278.00
259.00 261.00 272.00 274.00
257.00 264.00 268.00 270.00
260.00 251.00 264.00 267.00
252.00 248.00 273.00 269.00
257.00 263.00 270.00 270.00
253.00 259.00 268.00 268.00
256.00 257.00 266.00 269.00
253.00 266.00 268.00 274.00
258.00 259.00 269.00 269.00
257.00 264.00 266.00 267.00
256.00 257.00 279.00 261.00
266.00 268.00 277.00 260.00
269.00 272.00 288.00 270.00
269.00 270.00 291.00 261.00
269.00 268.00 287.00 253.00
263.00 266.00 274.00 249.00
260.00 262.00 270.00 243.00
265.00 246.00 272.00 240.00
250.00 249.00 262.00 231.00
255.00 259.00 256.00 235.00
252.00 240.00 260.00 238.00
250.00 242.00 257.00 237.00
254.00 245.00 259.00 237.00
251.00 245.00 255.00 240.00
253.00 244.00 258.00 236.00
254.00 243.00 256.00 238.00
256.00 249.00 268.00 233.00
263.00 251.00 271.00 237.00
260.00 254.00 265.00 233.00
260.00 251.00 262.00 231.00
262.00 250.00 264.00 229.00
261.00 251.00 259.00 226.00
258.00 257.00 270.00 224.00
265.00 257.00 275.00 231.00
261.00 256.00 276.00 232.00
259.00 269.00 261.00 228.00
263.00 261.00 268.00 233.00
262.00 259.00 274.00 233.00
261.00 258.00 270.00 230.00
261.00 257.00 273.00 233.00
260.00 263.00 280.00 225.00
265.00 266.00 274.00 232.00
262.00 257.00 278.00 231.00
266.00 260.00 273.00 228.00
263.00 258.00 271.00 232.00
264.00 254.00 275.00 226.00
263.00 250.00 270.00 231.00
260.00 254.00 265.00 229.00
258.00 253.00 264.00 225.00
262.00 257.00 271.00 223.00
260.00 259.00 238.00 225.00
260.00 258.00 268.00 226.00
259.00 252.00 249.00 222.00
261.00 266.00 255.00 221.00
255.00 248.00 268.00 215.00
257.00 244.00 265.00 212.00
261.00 265.00 266.00 214.00
255.00 250.00 261.00 214.00
260.00 256.00 260.00 214.00
258.00 249.00 265.00 222.00
277.00 264.00 262.00 222.00
266.00 261.00 263.00 229.00
260.00 254.00 261.00 217.00
257.00 243.00 270.00 207.00
256.00 251.00 259.00 205.00
256.00 242.00 255.00 204.00
253.00 246.00 264.00 200.00
254.00 242.00 264.00 202.00
254.00 243.00 269.00 204.00
260.00 254.00 278.00 207.00
269.00 260.00 291.00 211.00
267.00 260.00 277.00 209.00
265.00 267.00 285.00 206.00
262.00 260.00 264.00 198.00
251.00 244.00 247.00 194.00
245.00 240.00 253.00 191.00
253.00 234.00 244.00 187.00
246.00 229.00 236.00 187.00
247.00 235.00 226.00 190.00
246.00 236.00 243.00 191.00
253.00 234.00 240.00 195.00
256.00 239.00 247.00 199.00
254.00 237.00 243.00 194.00
250.00 233.00 235.00 194.00
247.00 229.00 232.00 193.00
249.00 250.00 238.00 190.00
256.00 246.00 234.00 191.00
260.00 253.00 236.00 187.00
257.00 248.00 238.00 186.00
259.00 244.00 235.00 184.00
260.00 248.00 227.00 184.00
252.00 232.00 217.00 188.00
261.00 250.00 227.00 197.00
265.00 250.00 229.00 196.00
270.00 241.00 226.00 192.00
255.00 245.00 217.00 187.00
259.00 246.00 214.00 187.00
258.00 241.00 213.00 185.00
258.00 240.00 210.00 184.00
245.00 248.00 205.00 182.00
254.00 243.00 205.00 183.00
260.00 251.00 211.00 194.00
261.00 243.00 212.00 191.00
263.00 256.00 211.00 186.00
259.00 252.00 209.00 185.00
256.00 256.00 208.00 186.00
258.00 253.00 204.00 182.00
257.00 251.00 203.00 181.00
258.00 248.00 200.00 181.00
262.00 247.00 202.00 178.00
254.00 226.00 153.00 138.00
199.00 194.00 147.00 134.00
261.00 226.00 144.00 135.00
273.00 249.00 144.00 136.00
267.00 246.00 142.00 136.00
270.00 247.00 142.00 135.00
272.00 250.00 140.00 135.00
269.00 244.00 148.00 140.00
273.00 256.00 153.00 147.00
279.00 262.00 151.00 146.00
280.00 255.00 152.00 147.00
275.00 249.00 155.00 145.00
272.00 243.00 151.00 145.00
272.00 253.00 151.00 144.00
270.00 245.00 152.00 143.00
271.00 246.00 147.00 143.00
267.00 261.00 152.00 140.00
266.00 255.00 150.00 142.00
269.00 255.00 150.00 140.00
267.00 261.00 144.00 139.00
245.00 240.00 145.00 134.00
237.00 225.00 141.00 133.00
234.00 220.00 141.00 130.00
232.00 217.00 138.00 129.00
220.00 210.00 137.00 127.00
213.00 204.00 136.00 127.00
189.00 199.00 135.00 125.00
181.00 197.00 135.00 128.00
180.00 198.00 139.00 131.00
180.00 211.00 140.00 130.00
183.00 211.00 144.00 134.00
183.00 211.00 142.00 135.00
181.00 213.00 144.00 136.00
177.00 209.00 142.00 133.00
177.00 207.00 139.00 133.00
173.00 200.00 139.00 131.00
172.00 198.00 136.00 130.00
170.00 196.00 137.00 129.00
169.00 194.00 136.00 129.00
168.00 193.00 137.00 128.00
166.00 191.00 136.00 130.00
162.00 190.00 135.00 128.00
162.00 191.00 136.00 128.00
164.00 190.00 135.00 129.00
160.00 187.00 136.00 126.00
158.00 184.00 135.00 129.00
159.00 187.00 136.00 131.00
156.00 185.00 137.00 128.00
160.00 204.00 139.00 133.00
158.00 186.00 134.00 134.00
156.00 207.00 135.00 131.00
155.00 228.00 137.00 133.00
154.00 215.00 138.00 128.00
152.00 244.00 135.00 128.00
153.00 226.00 133.00 129.00
152.00 229.00 129.00 127.00
148.00 219.00 128.00 127.00
147.00 216.00 127.00 128.00
146.00 216.00 125.00 125.00
145.00 221.00 124.00 125.00
143.00 217.00 124.00 124.00
143.00 217.00 124.00 125.00
143.00 218.00 125.00 126.00
146.00 225.00 133.00 130.00
151.00 220.00 132.00 131.00
148.00 219.00 131.00 126.00
144.00 216.00 129.00 127.00
142.00 223.00 126.00 126.00
140.00 218.00 124.00 125.00
140.00 215.00 124.00 124.00
140.00 217.00 125.00 131.00
146.00 226.00 131.00 132.00
146.00 224.00 132.00 128.00
145.00 222.00 129.00 128.00
144.00 229.00 125.00 127.00
139.00 226.00 125.00 127.00
137.00 211.00 125.00 125.00
139.00 221.00 126.00 125.00
139.00 217.00 125.00 127.00
139.00 225.00 126.00 126.00
142.00 228.00 129.00 132.00
145.00 230.00 132.00 133.00
141.00 225.00 131.00 131.00
135.00 215.00 126.00 126.00
119.00 163.00 90.00 95.00
104.00 138.00 78.00 82.00
86.00 101.00 63.00 79.00
92.00 120.00 67.00 77.00
93.00 129.00 66.00 79.00
89.00 151.00 67.00 81.00
90.00 145.00 68.00 81.00
90.00 136.00 68.00 82.00
91.00 108.00 72.00 88.00
93.00 103.00 73.00 87.00
94.00 106.00 72.00 91.00
94.00 110.00 73.00 90.00
93.00 125.00 71.00 89.00
92.00 114.00 70.00 90.00
92.00 122.00 69.00 89.00
89.00 121.00 70.00 90.00
89.00 118.00 69.00 90.00
88.00 131.00 69.00 91.00
86.00 136.00 69.00 91.00
85.00 124.00 70.00 92.00
85.00 128.00 67.00 92.00
85.00 119.00 66.00 91.00
84.00 133.00 67.00 91.00
83.00 129.00 66.00 91.00
81.00 125.00 66.00 92.00
82.00 130.00 65.00 91.00
81.00 124.00 66.00 92.00
80.00 121.00 64.00 93.00
