216.00 273.00 328.00 163.00
254.00 292.00 319.00 234.00
253.00 283.00 319.00 238.00
267.00 279.00 316.00 199.00
267.00 275.00 317.00 213.00
264.00 281.00 314.00 235.00
288.00 288.00 307.00 189.00
268.00 291.00 326.00 258.00
269.00 292.00 337.00 239.00
284.00 289.00 328.00 268.00
304.00 295.00 342.00 253.00
294.00 284.00 328.00 269.00
286.00 297.00 330.00 273.00
285.00 301.00 330.00 282.00
294.00 292.00 336.00 276.00
285.00 275.00 344.00 251.00
286.00 288.00 336.00 269.00
290.00 285.00 333.00 267.00
280.00 267.00 325.00 273.00
282.00 261.00 320.00 278.00
285.00 260.00 306.00 265.00
266.00 247.00 294.00 259.00
275.00 240.00 279.00 253.00
257.00 236.00 272.00 252.00
251.00 244.00 262.00 241.00
244.00 236.00 255.00 239.00
241.00 239.00 250.00 238.00
231.00 233.00 251.00 243.00
247.00 237.00 248.00 236.00
237.00 232.00 236.00 236.00
235.00 235.00 228.00 235.00
225.00 223.00 222.00 235.00
232.00 220.00 233.00 228.00
236.00 226.00 231.00 224.00
222.00 223.00 235.00 228.00
235.00 242.00 227.00 224.00
240.00 240.00 226.00 220.00
243.00 239.00 232.00 220.00
256.00 229.00 219.00 221.00
244.00 229.00 251.00 220.00
255.00 229.00 237.00 221.00
228.00 231.00 214.00 213.00
235.00 235.00 214.00 227.00
256.00 243.00 213.00 233.00
255.00 230.00 233.00 229.00
241.00 234.00 232.00 232.00
234.00 235.00 227.00 238.00
239.00 239.00 245.00 233.00
224.00 245.00 220.00 235.00
256.00 232.00 232.00 232.00
264.00 226.00 211.00 224.00
244.00 236.00 230.00 224.00
233.00 231.00 232.00 237.00
249.00 231.00 235.00 224.00
234.00 233.00 213.00 227.00
245.00 240.00 234.00 232.00
250.00 243.00 227.00 233.00
237.00 235.00 211.00 228.00
245.00 243.00 219.00 220.00
247.00 237.00 220.00 218.00
250.00 228.00 227.00 225.00
242.00 233.00 224.00 232.00
241.00 243.00 246.00 241.00
257.00 260.00 255.00 237.00
233.00 246.00 236.00 236.00
246.00 231.00 228.00 230.00
254.00 232.00 232.00 240.00
248.00 251.00 251.00 232.00
242.00 245.00 249.00 226.00
257.00 232.00 223.00 213.00
207.00 232.00 235.00 214.00
212.00 235.00 242.00 226.00
236.00 244.00 241.00 235.00
241.00 240.00 240.00 217.00
241.00 248.00 246.00 238.00
255.00 259.00 268.00 256.00
248.00 248.00 236.00 235.00
244.00 250.00 252.00 244.00
242.00 236.00 238.00 223.00
235.00 245.00 220.00 231.00
232.00 238.00 230.00 218.00
217.00 233.00 214.00 215.00
223.00 239.00 226.00 241.00
218.00 243.00 243.00 229.00
251.00 253.00 233.00 232.00
239.00 243.00 234.00 227.00
242.00 255.00 237.00 227.00
244.00 262.00 243.00 235.00
249.00 260.00 253.00 239.00
241.00 251.00 238.00 231.00
232.00 246.00 233.00 219.00
234.00 248.00 241.00 240.00
252.00 244.00 245.00 231.00
243.00 253.00 241.00 235.00
228.00 249.00 223.00 242.00
246.00 258.00 237.00 239.00
223.00 247.00 229.00 228.00
235.00 264.00 232.00 232.00
238.00 265.00 237.00 239.00
231.00 279.00 252.00 250.00
245.00 260.00 247.00 243.00
238.00 269.00 252.00 235.00
230.00 254.00 252.00 242.00
251.00 264.00 255.00 244.00
240.00 253.00 240.00 237.00
241.00 250.00 250.00 247.00
244.00 249.00 255.00 253.00
253.00 253.00 273.00 249.00
245.00 255.00 244.00 256.00
253.00 248.00 269.00 250.00
243.00 271.00 239.00 179.00
261.00 262.00 257.00 230.00
252.00 260.00 239.00 238.00
247.00 252.00 271.00 257.00
248.00 226.00 271.00 252.00
257.00 251.00 260.00 254.00
263.00 280.00 287.00 253.00
269.00 277.00 286.00 249.00
253.00 265.00 273.00 231.00
265.00 274.00 279.00 236.00
258.00 263.00 268.00 256.00
245.00 270.00 278.00 202.00
260.00 268.00 271.00 245.00
253.00 267.00 286.00 268.00
249.00 266.00 276.00 263.00
239.00 242.00 276.00 241.00
247.00 235.00 264.00 223.00
224.00 257.00 271.00 245.00
245.00 263.00 268.00 265.00
250.00 267.00 278.00 237.00
246.00 259.00 276.00 237.00
249.00 253.00 275.00 182.00
250.00 253.00 275.00 246.00
244.00 260.00 272.00 177.00
248.00 253.00 270.00 228.00
243.00 252.00 268.00 212.00
264.00 238.00 262.00 224.00
240.00 255.00 264.00 207.00
234.00 261.00 271.00 185.00
233.00 259.00 270.00 238.00
249.00 257.00 274.00 251.00
237.00 251.00 272.00 164.00
238.00 256.00 265.00 214.00
240.00 258.00 261.00 193.00
238.00 256.00 253.00 174.00
233.00 235.00 255.00 204.00
232.00 238.00 256.00 220.00
246.00 258.00 253.00 239.00
260.00 257.00 240.00 232.00
245.00 250.00 251.00 241.00
236.00 251.00 244.00 202.00
243.00 249.00 255.00 233.00
243.00 251.00 248.00 225.00
227.00 251.00 247.00 229.00
208.00 246.00 246.00 224.00
229.00 243.00 239.00 229.00
244.00 234.00 234.00 233.00
237.00 237.00 238.00 225.00
237.00 242.00 239.00 234.00
217.00 241.00 231.00 216.00
229.00 244.00 228.00 244.00
244.00 242.00 232.00 237.00
238.00 243.00 235.00 248.00
235.00 245.00 240.00 247.00
235.00 238.00 226.00 239.00
236.00 241.00 223.00 243.00
254.00 236.00 228.00 238.00
247.00 241.00 231.00 248.00
253.00 244.00 235.00 262.00
255.00 241.00 245.00 263.00
263.00 250.00 245.00 272.00
253.00 239.00 240.00 257.00
218.00 228.00 223.00 205.00
217.00 236.00 226.00 223.00
244.00 217.00 218.00 240.00
256.00 226.00 228.00 237.00
240.00 241.00 234.00 250.00
241.00 251.00 225.00 243.00
252.00 243.00 228.00 241.00
253.00 250.00 230.00 250.00
250.00 246.00 246.00 243.00
252.00 246.00 244.00 260.00
251.00 247.00 249.00 241.00
251.00 247.00 252.00 269.00
261.00 255.00 265.00 259.00
252.00 240.00 248.00 260.00
255.00 234.00 250.00 267.00
246.00 228.00 251.00 258.00
246.00 227.00 243.00 236.00
240.00 224.00 238.00 188.00
241.00 223.00 248.00 243.00
269.00 238.00 245.00 262.00
264.00 234.00 237.00 220.00
248.00 246.00 238.00 265.00
258.00 232.00 227.00 214.00
255.00 236.00 219.00 219.00
250.00 245.00 225.00 228.00
253.00 234.00 225.00 250.00
256.00 233.00 227.00 256.00
255.00 254.00 247.00 256.00
256.00 251.00 236.00 266.00
254.00 234.00 237.00 272.00
262.00 233.00 231.00 265.00
247.00 224.00 225.00 270.00
236.00 231.00 213.00 246.00
251.00 223.00 218.00 243.00
249.00 222.00 227.00 236.00
242.00 225.00 239.00 262.00
260.00 224.00 249.00 281.00
273.00 222.00 242.00 261.00
268.00 238.00 234.00 278.00
258.00 234.00 225.00 283.00
263.00 236.00 221.00 272.00
271.00 236.00 219.00 229.00
267.00 234.00 223.00 270.00
246.00 236.00 221.00 202.00
257.00 234.00 223.00 210.00
255.00 233.00 238.00 263.00
282.00 251.00 236.00 275.00
273.00 242.00 233.00 271.00
268.00 238.00 228.00 274.00
247.00 234.00 231.00 270.00
242.00 236.00 227.00 267.00
236.00 231.00 222.00 260.00
236.00 229.00 219.00 253.00
232.00 229.00 215.00 242.00
235.00 229.00 216.00 233.00
233.00 236.00 216.00 235.00
238.00 237.00 214.00 221.00
236.00 221.00 210.00 228.00
221.00 221.00 213.00 210.00
215.00 219.00 200.00 212.00
215.00 219.00 198.00 211.00
218.00 224.00 196.00 218.00
212.00 219.00 198.00 223.00
217.00 228.00 198.00 224.00
216.00 238.00 199.00 234.00
