123.00 276.00 293.00 277.00
153.00 276.00 292.00 263.00
154.00 279.00 283.00 280.00
138.00 270.00 287.00 280.00
165.00 278.00 289.00 275.00
169.00 279.00 286.00 260.00
184.00 265.00 279.00 255.00
152.00 271.00 285.00 247.00
165.00 285.00 283.00 263.00
186.00 238.00 280.00 234.00
185.00 273.00 270.00 260.00
204.00 286.00 276.00 254.00
204.00 272.00 280.00 264.00
225.00 263.00 250.00 239.00
208.00 279.00 276.00 264.00
225.00 280.00 278.00 274.00
232.00 295.00 296.00 274.00
221.00 291.00 285.00 266.00
210.00 290.00 296.00 277.00
230.00 294.00 294.00 259.00
217.00 292.00 278.00 284.00
222.00 289.00 289.00 276.00
217.00 285.00 298.00 277.00
221.00 283.00 286.00 277.00
210.00 278.00 270.00 283.00
232.00 262.00 283.00 274.00
214.00 286.00 280.00 271.00
221.00 279.00 293.00 262.00
229.00 284.00 286.00 263.00
228.00 287.00 286.00 263.00
251.00 291.00 278.00 274.00
228.00 283.00 280.00 258.00
216.00 282.00 287.00 272.00
260.00 272.00 277.00 267.00
241.00 284.00 276.00 243.00
223.00 267.00 264.00 259.00
235.00 262.00 284.00 219.00
254.00 284.00 276.00 258.00
219.00 271.00 272.00 241.00
213.00 263.00 268.00 256.00
206.00 263.00 272.00 260.00
232.00 258.00 258.00 253.00
213.00 247.00 254.00 255.00
201.00 254.00 255.00 237.00
204.00 254.00 254.00 239.00
240.00 251.00 254.00 251.00
229.00 252.00 266.00 245.00
219.00 249.00 251.00 240.00
221.00 253.00 248.00 261.00
242.00 249.00 238.00 251.00
247.00 261.00 261.00 242.00
211.00 255.00 257.00 247.00
196.00 246.00 267.00 246.00
241.00 252.00 261.00 257.00
200.00 237.00 262.00 245.00
202.00 243.00 243.00 254.00
215.00 253.00 254.00 243.00
194.00 245.00 271.00 247.00
210.00 246.00 264.00 261.00
196.00 246.00 271.00 277.00
194.00 241.00 252.00 264.00
210.00 242.00 265.00 252.00
208.00 257.00 274.00 224.00
230.00 258.00 260.00 256.00
205.00 244.00 269.00 256.00
201.00 247.00 242.00 241.00
181.00 236.00 259.00 249.00
192.00 249.00 270.00 268.00
206.00 256.00 270.00 258.00
207.00 248.00 271.00 259.00
196.00 259.00 291.00 258.00
206.00 249.00 250.00 267.00
216.00 252.00 249.00 249.00
206.00 242.00 243.00 266.00
204.00 249.00 274.00 241.00
196.00 254.00 257.00 237.00
205.00 254.00 254.00 243.00
205.00 244.00 254.00 237.00
203.00 254.00 268.00 251.00
198.00 236.00 277.00 242.00
193.00 252.00 264.00 256.00
210.00 250.00 251.00 263.00
207.00 246.00 247.00 255.00
210.00 241.00 247.00 242.00
208.00 225.00 247.00 243.00
207.00 237.00 250.00 248.00
208.00 237.00 262.00 248.00
209.00 243.00 232.00 248.00
195.00 239.00 244.00 252.00
202.00 243.00 239.00 241.00
205.00 249.00 248.00 240.00
184.00 246.00 259.00 242.00
198.00 229.00 274.00 232.00
196.00 246.00 257.00 229.00
198.00 237.00 265.00 225.00
200.00 235.00 254.00 246.00
211.00 234.00 273.00 236.00
200.00 214.00 214.00 248.00
201.00 244.00 214.00 247.00
200.00 252.00 264.00 243.00
205.00 239.00 234.00 245.00
217.00 247.00 245.00 245.00
209.00 243.00 246.00 254.00
207.00 243.00 227.00 226.00
192.00 240.00 264.00 217.00
199.00 244.00 271.00 236.00
196.00 243.00 241.00 243.00
184.00 245.00 263.00 229.00
206.00 254.00 271.00 235.00
189.00 241.00 225.00 245.00
205.00 251.00 268.00 247.00
192.00 225.00 269.00 232.00
199.00 242.00 208.00 257.00
209.00 257.00 256.00 228.00
201.00 236.00 212.00 245.00
198.00 236.00 232.00 230.00
202.00 239.00 258.00 235.00
203.00 248.00 207.00 234.00
203.00 252.00 253.00 246.00
201.00 257.00 204.00 229.00
201.00 228.00 197.00 253.00
199.00 241.00 259.00 256.00
204.00 253.00 224.00 249.00
191.00 246.00 203.00 253.00
196.00 260.00 262.00 253.00
192.00 247.00 236.00 240.00
254.00 248.00 252.00 224.00
213.00 254.00 281.00 243.00
204.00 215.00 249.00 255.00
240.00 235.00 259.00 238.00
221.00 241.00 269.00 240.00
212.00 246.00 266.00 239.00
196.00 253.00 234.00 258.00
201.00 239.00 270.00 248.00
206.00 245.00 209.00 263.00
222.00 256.00 227.00 246.00
214.00 245.00 280.00 244.00
216.00 256.00 280.00 247.00
204.00 247.00 269.00 242.00
204.00 241.00 271.00 257.00
251.00 257.00 274.00 239.00
208.00 263.00 234.00 246.00
197.00 267.00 265.00 252.00
201.00 258.00 217.00 248.00
192.00 250.00 216.00 242.00
186.00 254.00 240.00 224.00
216.00 235.00 272.00 224.00
192.00 256.00 266.00 235.00
197.00 271.00 263.00 238.00
187.00 263.00 229.00 252.00
203.00 242.00 270.00 253.00
213.00 241.00 280.00 255.00
202.00 250.00 278.00 261.00
201.00 243.00 191.00 256.00
213.00 233.00 247.00 250.00
200.00 256.00 249.00 259.00
192.00 238.00 257.00 253.00
219.00 243.00 210.00 248.00
230.00 253.00 275.00 245.00
208.00 270.00 270.00 248.00
223.00 276.00 267.00 271.00
202.00 269.00 201.00 255.00
205.00 263.00 236.00 247.00
203.00 285.00 264.00 269.00
243.00 260.00 273.00 248.00
220.00 251.00 296.00 253.00
205.00 255.00 277.00 271.00
196.00 254.00 275.00 263.00
185.00 260.00 263.00 250.00
194.00 246.00 225.00 256.00
192.00 251.00 236.00 248.00
193.00 242.00 255.00 246.00
206.00 221.00 258.00 254.00
202.00 212.00 256.00 267.00
207.00 213.00 261.00 256.00
225.00 215.00 270.00 265.00
213.00 213.00 254.00 272.00
225.00 219.00 286.00 263.00
233.00 222.00 247.00 271.00
222.00 232.00 269.00 276.00
222.00 227.00 285.00 272.00
212.00 219.00 285.00 267.00
214.00 236.00 277.00 252.00
210.00 227.00 273.00 240.00
196.00 237.00 290.00 261.00
192.00 228.00 289.00 269.00
205.00 229.00 284.00 273.00
207.00 233.00 292.00 257.00
204.00 223.00 299.00 261.00
186.00 212.00 294.00 251.00
190.00 197.00 295.00 265.00
190.00 218.00 287.00 268.00
199.00 215.00 290.00 272.00
206.00 209.00 276.00 273.00
204.00 220.00 278.00 260.00
217.00 225.00 283.00 275.00
232.00 235.00 274.00 269.00
226.00 231.00 281.00 271.00
225.00 236.00 281.00 255.00
222.00 241.00 282.00 271.00
209.00 239.00 286.00 274.00
208.00 234.00 284.00 264.00
212.00 225.00 274.00 270.00
201.00 219.00 268.00 274.00
201.00 215.00 268.00 263.00
182.00 214.00 271.00 254.00
181.00 227.00 268.00 262.00
177.00 219.00 265.00 274.00
176.00 232.00 266.00 265.00
179.00 231.00 269.00 269.00
184.00 227.00 259.00 251.00
164.00 219.00 230.00 249.00
162.00 221.00 264.00 257.00
152.00 228.00 260.00 261.00
159.00 222.00 274.00 259.00
172.00 220.00 264.00 244.00
155.00 207.00 258.00 258.00
156.00 198.00 249.00 250.00
160.00 203.00 250.00 268.00
166.00 206.00 254.00 250.00
163.00 206.00 255.00 248.00
151.00 205.00 255.00 240.00
147.00 216.00 253.00 265.00
152.00 218.00 253.00 250.00
168.00 221.00 256.00 267.00
164.00 220.00 256.00 262.00
163.00 219.00 257.00 270.00
162.00 221.00 269.00 258.00
158.00 223.00 280.00 255.00
162.00 224.00 269.00 251.00
175.00 221.00 259.00 257.00
175.00 225.00 257.00 252.00
163.00 219.00 257.00 259.00
151.00 225.00 251.00 262.00
167.00 220.00 257.00 263.00
159.00 222.00 252.00 253.00
156.00 222.00 255.00 262.00
154.00 220.00 252.00 259.00
168.00 212.00 246.00 264.00
190.00 210.00 250.00 260.00
191.00 210.00 234.00 261.00
194.00 209.00 239.00 258.00
194.00 212.00 225.00 255.00
187.00 206.00 222.00 233.00
187.00 203.00 225.00 252.00
191.00 198.00 223.00 236.00
188.00 194.00 218.00 253.00
183.00 191.00 216.00 256.00
190.00 189.00 216.00 265.00
173.00 185.00 221.00 248.00
174.00 180.00 218.00 260.00
169.00 175.00 215.00 244.00
163.00 172.00 215.00 241.00
154.00 171.00 213.00 240.00
150.00 173.00 213.00 237.00
149.00 173.00 210.00 234.00
150.00 176.00 208.00 231.00
152.00 176.00 206.00 213.00
149.00 179.00 207.00 206.00
149.00 179.00 206.00 203.00
151.00 180.00 207.00 201.00
151.00 178.00 205.00 201.00
151.00 181.00 203.00 199.00
150.00 181.00 198.00 194.00
149.00 188.00 196.00 194.00
151.00 188.00 196.00 193.00
149.00 189.00 193.00 192.00
152.00 189.00 193.00 190.00
