15.00 24.00 62.00 240.00
14.00 19.00 36.00 243.00
14.00 15.00 22.00 244.00
12.00 14.00 19.00 248.00
14.00 15.00 19.00 246.00
14.00 17.00 19.00 243.00
16.00 17.00 18.00 240.00
19.00 16.00 18.00 239.00
23.00 17.00 19.00 241.00
30.00 18.00 19.00 244.00
43.00 19.00 21.00 241.00
55.00 19.00 22.00 246.00
66.00 20.00 23.00 242.00
74.00 22.00 25.00 244.00
87.00 29.00 38.00 307.00
100.00 43.00 51.00 335.00
120.00 54.00 74.00 341.00
129.00 38.00 68.00 339.00
135.00 60.00 69.00 352.00
136.00 57.00 73.00 350.00
129.00 53.00 55.00 364.00
133.00 50.00 77.00 356.00
126.00 65.00 65.00 369.00
131.00 62.00 73.00 361.00
135.00 68.00 82.00 359.00
134.00 67.00 74.00 388.00
135.00 72.00 94.00 367.00
139.00 73.00 76.00 310.00
140.00 67.00 66.00 303.00
137.00 28.00 46.00 284.00
172.00 35.00 51.00 212.00
166.00 34.00 55.00 34.00
168.00 36.00 31.00 22.00
173.00 40.00 25.00 10.00
96.00 47.00 46.00 32.00
23.00 20.00 32.00 17.00
17.00 17.00 32.00 17.00
27.00 20.00 32.00 18.00
23.00 15.00 31.00 13.00
23.00 14.00 33.00 12.00
24.00 11.00 34.00 16.00
23.00 19.00 10.00 9.00
17.00 22.00 8.00 9.00
9.00 22.00 7.00 10.00
28.00 22.00 6.00 8.00
8.00 20.00 5.00 9.00
22.00 36.00 22.00 25.00
23.00 34.00 22.00 23.00
10.00 28.00 18.00 23.00
13.00 23.00 4.00 7.00
5.00 22.00 4.00 8.00
5.00 24.00 4.00 8.00
4.00 25.00 3.00 8.00
4.00 25.00 3.00 8.00
4.00 26.00 3.00 7.00
3.00 26.00 3.00 7.00
3.00 26.00 3.00 7.00
2.00 31.00 2.00 5.00
2.00 31.00 2.00 5.00
2.00 31.00 2.00 5.00
2.00 32.00 2.00 5.00
2.00 32.00 2.00 5.00
1.00 32.00 2.00 5.00
1.00 33.00 2.00 5.00
1.00 33.00 2.00 5.00
1.00 34.00 2.00 4.00
1.00 34.00 2.00 5.00
1.00 34.00 8.00 6.00
12.00 42.00 24.00 15.00
13.00 33.00 24.00 17.00
17.00 17.00 26.00 14.00
17.00 21.00 37.00 21.00
27.00 22.00 36.00 17.00
17.00 19.00 42.00 19.00
25.00 23.00 38.00 30.00
29.00 27.00 46.00 132.00
52.00 51.00 70.00 139.00
37.00 39.00 55.00 131.00
69.00 51.00 87.00 196.00
83.00 65.00 108.00 254.00
96.00 63.00 234.00 212.00
66.00 30.00 254.00 205.00
62.00 37.00 240.00 203.00
62.00 37.00 240.00 201.00
63.00 38.00 238.00 199.00
62.00 36.00 242.00 198.00
62.00 41.00 246.00 200.00
63.00 37.00 241.00 198.00
65.00 45.00 238.00 198.00
64.00 43.00 249.00 200.00
65.00 42.00 232.00 199.00
65.00 42.00 254.00 200.00
63.00 43.00 241.00 199.00
64.00 42.00 234.00 198.00
62.00 39.00 225.00 198.00
63.00 39.00 225.00 200.00
63.00 38.00 226.00 197.00
63.00 40.00 225.00 199.00
65.00 41.00 226.00 202.00
69.00 51.00 230.00 208.00
73.00 80.00 233.00 223.00
77.00 110.00 230.00 222.00
102.00 109.00 233.00 220.00
120.00 107.00 226.00 219.00
137.00 107.00 219.00 219.00
150.00 105.00 220.00 219.00
163.00 107.00 217.00 224.00
202.00 118.00 233.00 258.00
186.00 207.00 246.00 277.00
274.00 262.00 262.00 273.00
270.00 263.00 255.00 283.00
292.00 260.00 245.00 287.00
287.00 260.00 262.00 286.00
289.00 283.00 252.00 281.00
284.00 270.00 254.00 284.00
279.00 281.00 252.00 293.00
288.00 280.00 253.00 278.00
291.00 268.00 246.00 284.00
281.00 275.00 245.00 296.00
282.00 264.00 242.00 263.00
269.00 246.00 244.00 270.00
279.00 237.00 240.00 260.00
275.00 241.00 242.00 264.00
275.00 243.00 237.00 258.00
270.00 231.00 243.00 264.00
258.00 230.00 248.00 268.00
274.00 237.00 243.00 269.00
267.00 238.00 249.00 278.00
252.00 232.00 245.00 275.00
255.00 231.00 244.00 265.00
257.00 237.00 253.00 268.00
278.00 231.00 245.00 268.00
271.00 228.00 251.00 276.00
274.00 222.00 248.00 274.00
283.00 226.00 256.00 270.00
293.00 229.00 259.00 273.00
267.00 233.00 258.00 289.00
290.00 231.00 258.00 270.00
269.00 227.00 253.00 272.00
268.00 224.00 242.00 270.00
269.00 215.00 233.00 269.00
260.00 207.00 232.00 270.00
250.00 204.00 223.00 268.00
237.00 202.00 219.00 252.00
227.00 195.00 216.00 269.00
221.00 194.00 214.00 270.00
210.00 194.00 218.00 271.00
205.00 192.00 219.00 267.00
199.00 192.00 216.00 254.00
195.00 189.00 213.00 258.00
190.00 188.00 211.00 257.00
188.00 188.00 210.00 256.00
190.00 186.00 214.00 257.00
188.00 189.00 212.00 259.00
185.00 189.00 214.00 254.00
185.00 189.00 213.00 253.00
183.00 191.00 209.00 255.00
184.00 190.00 211.00 255.00
184.00 191.00 215.00 255.00
181.00 189.00 214.00 255.00
181.00 188.00 212.00 252.00
179.00 190.00 212.00 253.00
179.00 184.00 211.00 257.00
181.00 188.00 208.00 254.00
189.00 186.00 206.00 251.00
173.00 184.00 202.00 248.00
