44.00 30.00 48.00 66.00
45.00 40.00 53.00 75.00
53.00 72.00 56.00 76.00
55.00 92.00 56.00 77.00
55.00 139.00 57.00 76.00
59.00 212.00 58.00 75.00
60.00 232.00 59.00 76.00
61.00 234.00 57.00 74.00
63.00 225.00 57.00 71.00
64.00 246.00 55.00 76.00
65.00 253.00 60.00 80.00
72.00 237.00 61.00 76.00
68.00 214.00 62.00 78.00
79.00 205.00 56.00 76.00
78.00 194.00 51.00 72.00
71.00 191.00 54.00 79.00
97.00 196.00 62.00 106.00
133.00 202.00 69.00 164.00
242.00 234.00 96.00 277.00
256.00 256.00 82.00 296.00
275.00 266.00 83.00 302.00
255.00 274.00 94.00 325.00
269.00 289.00 123.00 310.00
281.00 263.00 143.00 306.00
280.00 261.00 177.00 309.00
253.00 267.00 222.00 303.00
279.00 271.00 253.00 324.00
311.00 287.00 277.00 329.00
255.00 292.00 269.00 321.00
237.00 278.00 263.00 313.00
240.00 284.00 264.00 321.00
249.00 273.00 263.00 332.00
244.00 298.00 271.00 324.00
253.00 309.00 282.00 325.00
244.00 302.00 274.00 324.00
247.00 296.00 265.00 320.00
289.00 293.00 262.00 319.00
235.00 288.00 267.00 315.00
252.00 309.00 284.00 331.00
313.00 299.00 283.00 330.00
297.00 297.00 274.00 314.00
296.00 273.00 261.00 312.00
266.00 308.00 266.00 288.00
280.00 291.00 268.00 309.00
310.00 302.00 271.00 338.00
324.00 318.00 275.00 336.00
309.00 319.00 271.00 328.00
307.00 304.00 266.00 321.00
298.00 303.00 264.00 324.00
310.00 320.00 265.00 314.00
329.00 325.00 281.00 333.00
300.00 322.00 264.00 328.00
302.00 316.00 267.00 317.00
275.00 321.00 266.00 313.00
276.00 318.00 273.00 336.00
299.00 323.00 281.00 333.00
287.00 318.00 273.00 327.00
286.00 315.00 264.00 319.00
275.00 320.00 271.00 325.00
304.00 316.00 291.00 331.00
317.00 320.00 286.00 335.00
313.00 315.00 282.00 325.00
287.00 285.00 277.00 315.00
262.00 309.00 276.00 317.00
289.00 300.00 289.00 333.00
314.00 316.00 281.00 331.00
305.00 329.00 284.00 323.00
284.00 320.00 267.00 284.00
279.00 285.00 271.00 315.00
281.00 300.00 279.00 328.00
313.00 303.00 286.00 309.00
305.00 289.00 277.00 298.00
293.00 290.00 272.00 290.00
290.00 283.00 266.00 288.00
307.00 306.00 275.00 313.00
271.00 298.00 280.00 308.00
311.00 303.00 283.00 314.00
307.00 299.00 280.00 304.00
251.00 291.00 286.00 278.00
274.00 292.00 268.00 302.00
285.00 287.00 263.00 312.00
272.00 306.00 271.00 300.00
298.00 325.00 286.00 319.00
293.00 291.00 285.00 285.00
288.00 279.00 273.00 286.00
243.00 277.00 267.00 294.00
260.00 294.00 254.00 294.00
256.00 301.00 254.00 305.00
286.00 306.00 286.00 311.00
243.00 300.00 285.00 316.00
274.00 300.00 273.00 257.00
256.00 287.00 270.00 283.00
250.00 273.00 269.00 291.00
261.00 292.00 265.00 293.00
228.00 289.00 256.00 311.00
223.00 297.00 276.00 313.00
275.00 286.00 260.00 311.00
268.00 286.00 269.00 311.00
262.00 288.00 251.00 294.00
256.00 284.00 245.00 287.00
263.00 292.00 249.00 304.00
265.00 281.00 272.00 294.00
283.00 299.00 266.00 314.00
286.00 295.00 266.00 286.00
232.00 300.00 274.00 282.00
245.00 273.00 263.00 294.00
239.00 278.00 241.00 304.00
265.00 283.00 256.00 299.00
214.00 276.00 263.00 306.00
258.00 304.00 266.00 294.00
248.00 299.00 234.00 275.00
240.00 284.00 270.00 293.00
231.00 288.00 254.00 307.00
245.00 279.00 247.00 293.00
248.00 281.00 246.00 302.00
253.00 292.00 257.00 303.00
244.00 298.00 262.00 293.00
247.00 299.00 258.00 303.00
244.00 266.00 252.00 296.00
235.00 265.00 252.00 298.00
238.00 260.00 245.00 297.00
244.00 300.00 260.00 309.00
266.00 308.00 257.00 304.00
244.00 300.00 261.00 305.00
280.00 284.00 258.00 285.00
273.00 277.00 254.00 286.00
236.00 267.00 249.00 285.00
230.00 283.00 241.00 291.00
242.00 281.00 248.00 297.00
269.00 291.00 248.00 312.00
263.00 289.00 266.00 286.00
256.00 287.00 261.00 279.00
249.00 294.00 256.00 268.00
248.00 283.00 257.00 276.00
248.00 284.00 260.00 298.00
264.00 273.00 244.00 302.00
263.00 291.00 263.00 290.00
265.00 298.00 264.00 297.00
280.00 274.00 258.00 297.00
275.00 285.00 263.00 289.00
279.00 287.00 242.00 281.00
261.00 267.00 219.00 280.00
257.00 288.00 245.00 276.00
249.00 283.00 253.00 288.00
266.00 273.00 253.00 287.00
275.00 273.00 250.00 276.00
264.00 282.00 239.00 273.00
241.00 297.00 245.00 269.00
244.00 270.00 240.00 265.00
235.00 278.00 246.00 267.00
236.00 284.00 235.00 273.00
239.00 277.00 240.00 274.00
241.00 287.00 242.00 285.00
259.00 278.00 253.00 304.00
252.00 302.00 232.00 295.00
266.00 307.00 248.00 307.00
265.00 296.00 249.00 287.00
252.00 278.00 249.00 284.00
259.00 279.00 241.00 273.00
243.00 277.00 240.00 271.00
242.00 294.00 243.00 274.00
234.00 269.00 240.00 263.00
228.00 263.00 236.00 256.00
224.00 266.00 236.00 255.00
223.00 258.00 234.00 256.00
220.00 251.00 235.00 255.00
217.00 253.00 231.00 248.00
209.00 248.00 229.00 250.00
206.00 252.00 228.00 246.00
202.00 248.00 220.00 245.00
197.00 236.00 220.00 244.00
192.00 234.00 213.00 244.00
192.00 245.00 210.00 250.00
201.00 242.00 214.00 254.00
197.00 237.00 218.00 253.00
198.00 227.00 209.00 253.00
203.00 228.00 209.00 249.00
200.00 238.00 204.00 244.00
202.00 241.00 202.00 240.00
208.00 235.00 192.00 239.00
201.00 235.00 182.00 240.00
190.00 240.00 183.00 233.00
198.00 229.00 177.00 237.00
191.00 226.00 175.00 231.00
187.00 230.00 170.00 233.00
185.00 239.00 170.00 228.00
184.00 228.00 166.00 224.00
179.00 225.00 164.00 222.00
175.00 241.00 173.00 231.00
182.00 228.00 183.00 232.00
178.00 231.00 180.00 215.00
179.00 229.00 183.00 209.00
183.00 222.00 175.00 199.00
176.00 221.00 172.00 196.00
173.00 222.00 171.00 194.00
170.00 221.00 172.00 188.00
166.00 219.00 180.00 184.00
159.00 217.00 190.00 186.00
159.00 223.00 191.00 184.00
156.00 220.00 191.00 186.00
155.00 225.00 202.00 193.00
163.00 230.00 198.00 196.00
161.00 227.00 193.00 185.00
155.00 227.00 191.00 181.00
154.00 218.00 187.00 180.00
153.00 219.00 186.00 179.00
149.00 220.00 197.00 177.00
149.00 219.00 203.00 175.00
144.00 227.00 201.00 181.00
152.00 235.00 213.00 186.00
154.00 231.00 207.00 187.00
147.00 234.00 199.00 179.00
146.00 219.00 194.00 176.00
146.00 214.00 190.00 173.00
142.00 215.00 191.00 170.00
141.00 222.00 196.00 182.00
149.00 227.00 208.00 181.00
150.00 227.00 203.00 178.00
149.00 212.00 198.00 171.00
141.00 216.00 194.00 170.00
139.00 212.00 195.00 170.00
137.00 214.00 195.00 170.00
134.00 214.00 205.00 182.00
147.00 216.00 203.00 180.00
146.00 212.00 196.00 171.00
136.00 214.00 192.00 162.00
129.00 208.00 191.00 158.00
126.00 198.00 188.00 157.00
125.00 194.00 184.00 158.00
123.00 191.00 185.00 160.00
130.00 199.00 192.00 160.00
130.00 193.00 191.00 161.00
128.00 189.00 190.00 157.00
126.00 185.00 185.00 156.00
124.00 184.00 182.00 155.00
122.00 183.00 180.00 154.00
121.00 183.00 179.00 153.00
121.00 184.00 178.00 159.00
128.00 191.00 176.00 158.00
