124.00 57.00 148.00 236.00
182.00 72.00 177.00 246.00
207.00 84.00 223.00 272.00
216.00 84.00 231.00 261.00
220.00 94.00 241.00 271.00
228.00 120.00 252.00 283.00
234.00 134.00 252.00 282.00
221.00 149.00 248.00 282.00
220.00 180.00 246.00 275.00
225.00 207.00 243.00 271.00
240.00 235.00 245.00 271.00
238.00 244.00 256.00 289.00
255.00 262.00 254.00 278.00
246.00 246.00 256.00 271.00
251.00 245.00 250.00 268.00
245.00 229.00 246.00 253.00
237.00 235.00 244.00 262.00
236.00 241.00 248.00 291.00
243.00 244.00 242.00 283.00
249.00 253.00 238.00 291.00
255.00 250.00 224.00 291.00
238.00 250.00 219.00 279.00
251.00 250.00 223.00 275.00
247.00 240.00 222.00 276.00
243.00 244.00 221.00 279.00
233.00 224.00 211.00 271.00
241.00 239.00 203.00 273.00
242.00 231.00 206.00 281.00
237.00 246.00 206.00 273.00
242.00 249.00 208.00 265.00
231.00 239.00 201.00 255.00
247.00 252.00 199.00 244.00
246.00 251.00 191.00 240.00
243.00 237.00 185.00 241.00
222.00 231.00 182.00 236.00
228.00 244.00 196.00 241.00
223.00 258.00 214.00 248.00
213.00 262.00 216.00 243.00
213.00 260.00 223.00 247.00
219.00 270.00 223.00 238.00
216.00 269.00 224.00 245.00
213.00 261.00 224.00 248.00
208.00 261.00 224.00 247.00
213.00 248.00 233.00 256.00
221.00 245.00 235.00 257.00
235.00 273.00 231.00 254.00
243.00 248.00 228.00 262.00
245.00 240.00 237.00 258.00
246.00 239.00 225.00 262.00
237.00 248.00 231.00 271.00
254.00 262.00 229.00 271.00
249.00 257.00 228.00 256.00
237.00 266.00 222.00 256.00
241.00 252.00 219.00 258.00
236.00 252.00 216.00 254.00
235.00 246.00 218.00 265.00
235.00 248.00 224.00 266.00
256.00 248.00 233.00 267.00
255.00 245.00 226.00 257.00
247.00 257.00 222.00 258.00
242.00 246.00 223.00 251.00
231.00 251.00 222.00 256.00
239.00 265.00 227.00 279.00
259.00 261.00 237.00 256.00
249.00 244.00 228.00 266.00
233.00 243.00 222.00 250.00
223.00 250.00 221.00 254.00
235.00 245.00 219.00 257.00
238.00 233.00 223.00 243.00
234.00 260.00 234.00 262.00
244.00 254.00 236.00 250.00
240.00 238.00 233.00 260.00
244.00 236.00 229.00 248.00
231.00 259.00 226.00 253.00
231.00 238.00 221.00 252.00
239.00 251.00 219.00 252.00
215.00 257.00 225.00 274.00
230.00 258.00 230.00 277.00
237.00 266.00 230.00 253.00
237.00 266.00 224.00 261.00
237.00 242.00 223.00 259.00
230.00 252.00 221.00 258.00
221.00 230.00 222.00 256.00
237.00 252.00 219.00 248.00
241.00 256.00 221.00 253.00
240.00 267.00 230.00 266.00
240.00 266.00 234.00 269.00
229.00 235.00 239.00 256.00
236.00 238.00 229.00 255.00
227.00 246.00 232.00 249.00
216.00 240.00 233.00 255.00
217.00 234.00 227.00 252.00
227.00 242.00 227.00 232.00
211.00 238.00 225.00 247.00
221.00 241.00 227.00 256.00
234.00 271.00 240.00 260.00
246.00 254.00 236.00 258.00
232.00 263.00 232.00 263.00
247.00 251.00 232.00 260.00
226.00 255.00 227.00 266.00
228.00 238.00 224.00 263.00
234.00 256.00 225.00 256.00
241.00 247.00 219.00 255.00
235.00 242.00 220.00 257.00
232.00 250.00 218.00 248.00
224.00 248.00 215.00 221.00
213.00 236.00 220.00 244.00
212.00 242.00 213.00 235.00
210.00 223.00 211.00 242.00
223.00 222.00 212.00 232.00
224.00 226.00 213.00 249.00
215.00 221.00 215.00 231.00
219.00 236.00 216.00 251.00
225.00 236.00 213.00 226.00
231.00 245.00 210.00 254.00
236.00 235.00 215.00 253.00
239.00 236.00 222.00 241.00
238.00 256.00 217.00 261.00
237.00 260.00 237.00 271.00
244.00 256.00 233.00 260.00
244.00 250.00 239.00 255.00
237.00 242.00 224.00 259.00
233.00 250.00 239.00 259.00
222.00 247.00 226.00 264.00
231.00 239.00 224.00 240.00
226.00 253.00 225.00 210.00
211.00 266.00 221.00 221.00
225.00 246.00 226.00 220.00
232.00 242.00 222.00 227.00
210.00 241.00 222.00 220.00
229.00 223.00 218.00 241.00
226.00 228.00 220.00 246.00
214.00 220.00 214.00 216.00
205.00 220.00 215.00 206.00
221.00 222.00 218.00 235.00
219.00 253.00 214.00 229.00
216.00 263.00 218.00 201.00
210.00 230.00 213.00 221.00
224.00 231.00 223.00 188.00
234.00 253.00 222.00 209.00
227.00 240.00 227.00 211.00
239.00 243.00 229.00 233.00
235.00 254.00 231.00 240.00
231.00 261.00 227.00 218.00
236.00 251.00 226.00 211.00
234.00 257.00 227.00 183.00
226.00 245.00 217.00 228.00
217.00 236.00 216.00 190.00
231.00 235.00 220.00 166.00
228.00 235.00 215.00 177.00
211.00 239.00 218.00 191.00
213.00 227.00 210.00 169.00
214.00 222.00 208.00 180.00
206.00 222.00 209.00 236.00
202.00 203.00 197.00 236.00
194.00 200.00 194.00 234.00
194.00 189.00 199.00 233.00
192.00 190.00 196.00 231.00
187.00 186.00 193.00 224.00
183.00 184.00 193.00 234.00
192.00 184.00 199.00 236.00
193.00 181.00 198.00 236.00
197.00 187.00 198.00 235.00
195.00 182.00 202.00 234.00
195.00 184.00 208.00 234.00
193.00 188.00 207.00 233.00
185.00 188.00 201.00 222.00
184.00 186.00 196.00 219.00
184.00 181.00 198.00 220.00
189.00 180.00 195.00 228.00
193.00 180.00 192.00 231.00
198.00 179.00 189.00 230.00
194.00 176.00 194.00 228.00
192.00 178.00 200.00 224.00
185.00 174.00 190.00 217.00
184.00 197.00 193.00 221.00
189.00 175.00 197.00 226.00
186.00 176.00 201.00 226.00
188.00 175.00 199.00 226.00
186.00 175.00 193.00 227.00
183.00 173.00 191.00 226.00
181.00 172.00 192.00 228.00
182.00 170.00 192.00 231.00
181.00 171.00 188.00 228.00
179.00 169.00 188.00 227.00
176.00 167.00 185.00 227.00
176.00 163.00 183.00 222.00
176.00 164.00 183.00 221.00
173.00 162.00 180.00 215.00
171.00 167.00 184.00 224.00
174.00 158.00 199.00 186.00
153.00 86.00 174.00 140.00
132.00 109.00 138.00 131.00
132.00 81.00 146.00 155.00
127.00 46.00 141.00 148.00
