53.00 146.00 179.00 39.00
54.00 184.00 205.00 41.00
56.00 203.00 210.00 42.00
56.00 247.00 221.00 42.00
61.00 265.00 224.00 42.00
65.00 267.00 233.00 45.00
72.00 266.00 262.00 50.00
81.00 271.00 271.00 57.00
86.00 285.00 284.00 59.00
94.00 295.00 286.00 72.00
101.00 281.00 283.00 73.00
104.00 283.00 273.00 76.00
105.00 282.00 269.00 82.00
116.00 283.00 274.00 90.00
124.00 294.00 276.00 99.00
134.00 296.00 289.00 99.00
142.00 304.00 295.00 112.00
150.00 303.00 284.00 119.00
146.00 287.00 279.00 127.00
155.00 287.00 279.00 131.00
161.00 289.00 274.00 150.00
171.00 289.00 279.00 160.00
181.00 292.00 281.00 173.00
188.00 295.00 296.00 180.00
194.00 306.00 294.00 199.00
204.00 302.00 289.00 200.00
203.00 295.00 282.00 209.00
207.00 293.00 282.00 232.00
219.00 292.00 289.00 246.00
230.00 300.00 290.00 249.00
238.00 298.00 296.00 257.00
256.00 303.00 301.00 256.00
278.00 313.00 314.00 273.00
273.00 320.00 296.00 269.00
269.00 305.00 291.00 248.00
279.00 300.00 288.00 249.00
288.00 305.00 291.00 259.00
271.00 302.00 284.00 263.00
288.00 305.00 305.00 261.00
296.00 294.00 257.00 233.00
264.00 290.00 292.00 260.00
291.00 317.00 293.00 265.00
288.00 297.00 283.00 257.00
280.00 294.00 287.00 253.00
276.00 287.00 285.00 253.00
272.00 284.00 275.00 247.00
266.00 283.00 277.00 256.00
275.00 281.00 274.00 264.00
275.00 284.00 275.00 265.00
287.00 279.00 279.00 273.00
278.00 274.00 275.00 262.00
280.00 270.00 263.00 254.00
267.00 260.00 256.00 251.00
258.00 267.00 250.00 247.00
257.00 260.00 246.00 254.00
262.00 262.00 262.00 263.00
265.00 265.00 249.00 257.00
266.00 278.00 262.00 266.00
272.00 260.00 270.00 259.00
270.00 256.00 245.00 248.00
254.00 251.00 251.00 252.00
254.00 255.00 237.00 248.00
257.00 247.00 246.00 248.00
262.00 255.00 254.00 253.00
272.00 258.00 248.00 265.00
266.00 268.00 261.00 261.00
267.00 257.00 248.00 252.00
268.00 255.00 244.00 251.00
256.00 253.00 241.00 245.00
255.00 250.00 242.00 250.00
272.00 252.00 251.00 248.00
249.00 256.00 251.00 268.00
280.00 270.00 266.00 277.00
268.00 255.00 271.00 271.00
260.00 251.00 251.00 258.00
261.00 254.00 251.00 261.00
260.00 258.00 250.00 257.00
261.00 253.00 250.00 258.00
267.00 261.00 262.00 267.00
268.00 262.00 274.00 267.00
266.00 258.00 264.00 261.00
263.00 249.00 248.00 257.00
256.00 249.00 251.00 250.00
248.00 259.00 246.00 250.00
256.00 260.00 247.00 253.00
262.00 265.00 256.00 257.00
262.00 265.00 256.00 273.00
264.00 265.00 246.00 264.00
252.00 258.00 244.00 250.00
247.00 249.00 229.00 245.00
245.00 252.00 240.00 261.00
244.00 253.00 226.00 249.00
251.00 260.00 224.00 262.00
254.00 267.00 252.00 266.00
268.00 266.00 252.00 270.00
268.00 255.00 228.00 259.00
250.00 254.00 235.00 256.00
256.00 253.00 231.00 254.00
251.00 259.00 247.00 261.00
256.00 257.00 238.00 276.00
268.00 271.00 251.00 272.00
272.00 269.00 249.00 274.00
257.00 264.00 230.00 262.00
250.00 246.00 239.00 259.00
259.00 259.00 239.00 260.00
263.00 261.00 242.00 264.00
266.00 260.00 242.00 272.00
268.00 266.00 233.00 276.00
257.00 276.00 234.00 282.00
275.00 277.00 236.00 288.00
268.00 266.00 223.00 253.00
264.00 265.00 219.00 261.00
262.00 260.00 214.00 259.00
270.00 273.00 255.00 266.00
279.00 263.00 247.00 262.00
284.00 263.00 256.00 267.00
277.00 265.00 242.00 268.00
281.00 265.00 244.00 271.00
278.00 268.00 255.00 266.00
278.00 276.00 257.00 270.00
279.00 280.00 249.00 274.00
282.00 273.00 255.00 270.00
284.00 274.00 248.00 270.00
271.00 264.00 253.00 265.00
272.00 255.00 230.00 265.00
276.00 252.00 228.00 262.00
275.00 252.00 236.00 263.00
270.00 254.00 238.00 263.00
274.00 263.00 232.00 273.00
275.00 261.00 244.00 256.00
281.00 260.00 237.00 265.00
273.00 257.00 240.00 262.00
287.00 258.00 248.00 263.00
280.00 260.00 240.00 263.00
286.00 264.00 242.00 269.00
262.00 268.00 249.00 275.00
263.00 272.00 256.00 262.00
271.00 261.00 259.00 261.00
279.00 265.00 251.00 256.00
261.00 274.00 248.00 266.00
267.00 268.00 245.00 262.00
257.00 266.00 240.00 244.00
244.00 258.00 238.00 268.00
264.00 269.00 250.00 259.00
278.00 267.00 242.00 263.00
284.00 254.00 257.00 272.00
273.00 274.00 253.00 272.00
275.00 181.00 240.00 248.00
272.00 260.00 241.00 249.00
258.00 263.00 230.00 249.00
252.00 256.00 251.00 261.00
263.00 262.00 244.00 249.00
255.00 266.00 244.00 254.00
271.00 275.00 256.00 274.00
281.00 282.00 252.00 265.00
264.00 281.00 253.00 277.00
274.00 275.00 249.00 252.00
251.00 270.00 239.00 255.00
239.00 257.00 244.00 235.00
264.00 262.00 245.00 258.00
247.00 260.00 251.00 258.00
262.00 271.00 252.00 268.00
261.00 272.00 248.00 266.00
279.00 283.00 241.00 262.00
279.00 274.00 259.00 260.00
299.00 278.00 262.00 250.00
290.00 270.00 256.00 262.00
285.00 255.00 254.00 259.00
271.00 263.00 253.00 248.00
254.00 277.00 235.00 255.00
274.00 282.00 224.00 256.00
288.00 277.00 237.00 263.00
287.00 280.00 243.00 267.00
293.00 279.00 245.00 270.00
282.00 287.00 232.00 257.00
278.00 274.00 231.00 264.00
245.00 270.00 232.00 255.00
250.00 254.00 232.00 263.00
260.00 264.00 223.00 263.00
260.00 271.00 220.00 256.00
268.00 282.00 223.00 266.00
254.00 284.00 237.00 257.00
266.00 284.00 238.00 264.00
269.00 286.00 242.00 265.00
272.00 288.00 261.00 261.00
268.00 278.00 250.00 260.00
254.00 232.00 248.00 256.00
264.00 270.00 232.00 265.00
264.00 285.00 248.00 272.00
275.00 296.00 253.00 262.00
268.00 289.00 241.00 264.00
275.00 297.00 263.00 273.00
286.00 292.00 242.00 269.00
284.00 279.00 250.00 246.00
264.00 286.00 238.00 257.00
265.00 270.00 222.00 263.00
278.00 282.00 233.00 260.00
273.00 288.00 233.00 269.00
263.00 292.00 248.00 275.00
272.00 299.00 255.00 275.00
276.00 293.00 243.00 276.00
275.00 301.00 249.00 278.00
268.00 292.00 260.00 282.00
272.00 284.00 249.00 266.00
286.00 280.00 260.00 267.00
222.00 279.00 248.00 264.00
255.00 278.00 237.00 260.00
248.00 277.00 242.00 269.00
238.00 263.00 221.00 262.00
246.00 284.00 227.00 267.00
237.00 268.00 223.00 260.00
242.00 283.00 236.00 257.00
239.00 277.00 243.00 263.00
247.00 282.00 237.00 262.00
242.00 294.00 258.00 286.00
253.00 298.00 251.00 288.00
249.00 310.00 251.00 286.00
253.00 308.00 248.00 275.00
258.00 312.00 258.00 287.00
257.00 326.00 260.00 282.00
255.00 325.00 254.00 284.00
234.00 320.00 233.00 272.00
243.00 292.00 235.00 260.00
229.00 288.00 228.00 265.00
239.00 311.00 233.00 278.00
244.00 314.00 230.00 267.00
252.00 314.00 231.00 270.00
255.00 314.00 249.00 284.00
270.00 316.00 243.00 270.00
287.00 315.00 240.00 287.00
288.00 291.00 236.00 271.00
267.00 308.00 238.00 274.00
266.00 311.00 245.00 265.00
265.00 309.00 236.00 272.00
261.00 309.00 222.00 272.00
256.00 306.00 233.00 273.00
249.00 304.00 251.00 280.00
262.00 306.00 248.00 271.00
256.00 298.00 237.00 275.00
246.00 294.00 234.00 274.00
238.00 287.00 220.00 262.00
241.00 279.00 233.00 259.00
237.00 273.00 226.00 249.00
233.00 273.00 230.00 243.00
230.00 262.00 247.00 233.00
227.00 252.00 247.00 240.00
239.00 254.00 239.00 245.00
242.00 251.00 245.00 261.00
238.00 265.00 249.00 258.00
256.00 264.00 244.00 251.00
240.00 266.00 235.00 247.00
240.00 256.00 233.00 231.00
249.00 236.00 221.00 247.00
251.00 261.00 226.00 196.00
244.00 256.00 230.00 239.00
239.00 256.00 236.00 248.00
232.00 266.00 242.00 263.00
240.00 268.00 246.00 265.00
255.00 266.00 245.00 256.00
253.00 272.00 246.00 250.00
232.00 255.00 245.00 259.00
243.00 251.00 238.00 246.00
248.00 248.00 250.00 227.00
263.00 247.00 243.00 255.00
246.00 241.00 235.00 254.00
245.00 238.00 239.00 236.00
242.00 244.00 238.00 250.00
270.00 243.00 253.00 238.00
262.00 252.00 247.00 246.00
262.00 251.00 256.00 259.00
272.00 251.00 274.00 257.00
262.00 251.00 250.00 253.00
251.00 249.00 246.00 246.00
249.00 242.00 237.00 245.00
240.00 240.00 246.00 259.00
238.00 238.00 244.00 235.00
226.00 244.00 238.00 242.00
255.00 235.00 247.00 259.00
260.00 240.00 250.00 249.00
240.00 258.00 248.00 249.00
244.00 258.00 242.00 242.00
263.00 261.00 245.00 258.00
254.00 258.00 256.00 257.00
245.00 265.00 262.00 261.00
255.00 270.00 249.00 247.00
251.00 284.00 254.00 247.00
248.00 282.00 254.00 258.00
266.00 266.00 248.00 247.00
246.00 268.00 249.00 254.00
273.00 243.00 256.00 246.00
250.00 237.00 252.00 254.00
262.00 234.00 263.00 250.00
252.00 234.00 262.00 257.00
257.00 236.00 245.00 249.00
237.00 239.00 259.00 245.00
245.00 233.00 256.00 234.00
259.00 244.00 274.00 255.00
255.00 242.00 284.00 265.00
253.00 242.00 285.00 258.00
238.00 238.00 279.00 268.00
254.00 244.00 276.00 273.00
275.00 241.00 290.00 266.00
263.00 232.00 275.00 259.00
252.00 226.00 274.00 243.00
248.00 224.00 277.00 263.00
235.00 223.00 285.00 235.00
249.00 223.00 254.00 245.00
246.00 254.00 254.00 264.00
247.00 275.00 277.00 263.00
251.00 271.00 281.00 263.00
256.00 274.00 270.00 260.00
267.00 257.00 276.00 272.00
262.00 263.00 281.00 275.00
264.00 262.00 292.00 272.00
257.00 256.00 284.00 257.00
248.00 245.00 275.00 251.00
244.00 245.00 267.00 244.00
236.00 242.00 272.00 250.00
241.00 248.00 273.00 245.00
240.00 249.00 260.00 245.00
249.00 249.00 278.00 256.00
251.00 248.00 272.00 248.00
255.00 255.00 276.00 260.00
252.00 258.00 291.00 262.00
255.00 247.00 283.00 256.00
244.00 243.00 279.00 250.00
240.00 226.00 268.00 247.00
222.00 234.00 262.00 226.00
219.00 235.00 256.00 226.00
219.00 231.00 255.00 231.00
219.00 229.00 257.00 228.00
216.00 235.00 258.00 226.00
214.00 234.00 257.00 224.00
217.00 238.00 263.00 225.00
219.00 238.00 263.00 241.00
221.00 235.00 261.00 208.00
220.00 237.00 256.00 228.00
214.00 229.00 256.00 221.00
209.00 223.00 250.00 233.00
206.00 223.00 253.00 230.00
207.00 222.00 249.00 224.00
203.00 217.00 244.00 223.00
201.00 219.00 243.00 220.00
201.00 218.00 245.00 226.00
203.00 219.00 246.00 228.00
203.00 219.00 250.00 226.00
203.00 217.00 245.00 222.00
206.00 223.00 247.00 217.00
205.00 225.00 248.00 232.00
208.00 228.00 249.00 227.00
210.00 235.00 256.00 241.00
207.00 226.00 252.00 221.00
209.00 219.00 262.00 230.00
205.00 211.00 240.00 233.00
202.00 209.00 231.00 235.00
202.00 207.00 233.00 238.00
204.00 207.00 238.00 234.00
202.00 205.00 243.00 239.00
201.00 207.00 242.00 251.00
204.00 207.00 232.00 231.00
202.00 206.00 227.00 220.00
200.00 206.00 227.00 229.00
205.00 203.00 227.00 222.00
206.00 204.00 226.00 230.00
208.00 204.00 228.00 231.00
204.00 203.00 225.00 225.00
209.00 202.00 224.00 230.00
204.00 201.00 222.00 224.00
208.00 204.00 223.00 232.00
204.00 198.00 217.00 233.00
202.00 195.00 212.00 238.00
196.00 188.00 213.00 223.00
193.00 190.00 210.00 220.00
195.00 189.00 210.00 226.00
197.00 187.00 209.00 212.00
204.00 187.00 208.00 229.00
202.00 188.00 207.00 218.00
202.00 187.00 209.00 228.00
211.00 187.00 208.00 220.00
208.00 186.00 209.00 224.00
207.00 185.00 212.00 212.00
213.00 187.00 213.00 225.00
213.00 190.00 211.00 218.00
209.00 192.00 213.00 227.00
212.00 189.00 216.00 224.00
207.00 190.00 214.00 233.00
209.00 189.00 213.00 233.00
204.00 185.00 211.00 219.00
203.00 181.00 208.00 229.00
197.00 176.00 205.00 234.00
197.00 174.00 202.00 238.00
195.00 174.00 200.00 222.00
193.00 177.00 201.00 230.00
196.00 178.00 199.00 227.00
198.00 178.00 202.00 221.00
197.00 182.00 206.00 236.00
200.00 183.00 209.00 236.00
199.00 183.00 208.00 223.00
200.00 182.00 207.00 232.00
198.00 181.00 204.00 220.00
194.00 179.00 201.00 225.00
187.00 173.00 197.00 237.00
184.00 171.00 196.00 224.00
183.00 169.00 195.00 232.00
182.00 170.00 195.00 230.00
182.00 171.00 198.00 217.00
183.00 174.00 199.00 223.00
187.00 174.00 200.00 224.00
187.00 178.00 200.00 232.00
189.00 179.00 203.00 231.00
191.00 181.00 205.00 227.00
200.00 179.00 211.00 235.00
195.00 178.00 210.00 241.00
192.00 176.00 211.00 233.00
181.00 167.00 201.00 226.00
184.00 164.00 200.00 229.00
186.00 168.00 201.00 238.00
188.00 171.00 201.00 238.00
186.00 171.00 201.00 232.00
204.00 172.00 206.00 228.00
192.00 172.00 208.00 241.00
193.00 174.00 208.00 221.00
190.00 176.00 213.00 232.00
192.00 180.00 214.00 231.00
190.00 180.00 208.00 227.00
188.00 180.00 213.00 229.00
189.00 173.00 202.00 234.00
190.00 175.00 203.00 221.00
181.00 170.00 202.00 217.00
180.00 170.00 200.00 214.00
179.00 171.00 200.00 212.00
179.00 167.00 202.00 217.00
177.00 166.00 200.00 219.00
179.00 166.00 201.00 200.00
178.00 164.00 197.00 206.00
179.00 167.00 195.00 200.00
180.00 164.00 194.00 195.00
180.00 161.00 194.00 197.00
180.00 160.00 195.00 196.00
177.00 160.00 195.00 196.00
180.00 161.00 193.00 194.00
179.00 160.00 196.00 196.00
178.00 161.00 194.00 196.00
179.00 161.00 193.00 194.00
180.00 161.00 194.00 199.00
