10.00 12.00 159.00 5.00
10.00 12.00 159.00 5.00
10.00 12.00 159.00 5.00
10.00 12.00 161.00 5.00
12.00 12.00 162.00 5.00
11.00 12.00 163.00 5.00
16.00 13.00 165.00 5.00
10.00 18.00 157.00 5.00
10.00 17.00 152.00 5.00
11.00 15.00 153.00 5.00
10.00 13.00 153.00 5.00
9.00 13.00 153.00 5.00
9.00 13.00 152.00 4.00
10.00 14.00 152.00 5.00
11.00 16.00 164.00 8.00
16.00 36.00 180.00 16.00
18.00 61.00 185.00 32.00
32.00 71.00 193.00 26.00
31.00 84.00 188.00 25.00
31.00 96.00 183.00 32.00
35.00 106.00 183.00 33.00
37.00 113.00 193.00 40.00
39.00 119.00 196.00 63.00
52.00 145.00 219.00 160.00
70.00 160.00 208.00 258.00
131.00 165.00 236.00 268.00
225.00 176.00 221.00 275.00
245.00 207.00 238.00 277.00
262.00 228.00 244.00 281.00
258.00 220.00 246.00 290.00
247.00 218.00 231.00 232.00
240.00 219.00 210.00 246.00
245.00 207.00 208.00 241.00
244.00 201.00 204.00 246.00
244.00 195.00 194.00 259.00
235.00 185.00 197.00 271.00
252.00 196.00 199.00 251.00
250.00 192.00 194.00 230.00
241.00 196.00 195.00 241.00
228.00 197.00 200.00 260.00
228.00 187.00 204.00 244.00
233.00 199.00 204.00 257.00
240.00 194.00 218.00 247.00
226.00 197.00 216.00 261.00
232.00 206.00 220.00 278.00
236.00 200.00 216.00 251.00
241.00 189.00 211.00 248.00
227.00 191.00 210.00 248.00
224.00 185.00 201.00 248.00
220.00 181.00 199.00 233.00
219.00 174.00 196.00 249.00
214.00 176.00 192.00 237.00
210.00 175.00 199.00 217.00
206.00 175.00 202.00 236.00
221.00 179.00 206.00 253.00
219.00 184.00 209.00 244.00
222.00 192.00 200.00 239.00
212.00 206.00 199.00 232.00
229.00 195.00 196.00 236.00
217.00 188.00 197.00 215.00
216.00 191.00 205.00 233.00
221.00 198.00 212.00 239.00
243.00 213.00 210.00 252.00
222.00 213.00 213.00 223.00
201.00 213.00 200.00 235.00
187.00 210.00 181.00 197.00
153.00 219.00 196.00 218.00
193.00 207.00 207.00 220.00
188.00 205.00 203.00 218.00
154.00 211.00 205.00 226.00
187.00 207.00 202.00 217.00
176.00 215.00 200.00 227.00
187.00 209.00 195.00 206.00
197.00 215.00 193.00 221.00
163.00 223.00 193.00 216.00
205.00 211.00 208.00 222.00
165.00 205.00 191.00 219.00
176.00 197.00 179.00 211.00
152.00 193.00 180.00 195.00
165.00 188.00 187.00 215.00
176.00 194.00 176.00 185.00
155.00 197.00 193.00 211.00
160.00 209.00 196.00 204.00
177.00 198.00 183.00 226.00
190.00 196.00 184.00 201.00
209.00 202.00 194.00 201.00
141.00 199.00 193.00 205.00
154.00 200.00 195.00 209.00
179.00 234.00 201.00 207.00
210.00 212.00 186.00 217.00
180.00 189.00 181.00 232.00
175.00 200.00 183.00 227.00
195.00 213.00 199.00 218.00
194.00 201.00 202.00 220.00
168.00 184.00 191.00 210.00
153.00 191.00 193.00 201.00
173.00 191.00 189.00 203.00
200.00 188.00 195.00 216.00
175.00 210.00 197.00 211.00
190.00 211.00 199.00 229.00
168.00 193.00 183.00 206.00
182.00 214.00 206.00 192.00
184.00 199.00 190.00 230.00
185.00 192.00 198.00 210.00
209.00 204.00 188.00 212.00
188.00 197.00 189.00 215.00
210.00 207.00 190.00 204.00
188.00 193.00 181.00 200.00
168.00 193.00 192.00 215.00
179.00 190.00 191.00 207.00
181.00 195.00 180.00 216.00
176.00 180.00 177.00 209.00
182.00 191.00 177.00 228.00
191.00 202.00 209.00 188.00
141.00 202.00 197.00 227.00
197.00 195.00 202.00 203.00
207.00 212.00 206.00 221.00
209.00 213.00 206.00 209.00
156.00 205.00 210.00 230.00
201.00 182.00 202.00 222.00
181.00 182.00 191.00 212.00
175.00 185.00 193.00 204.00
164.00 174.00 180.00 220.00
183.00 173.00 164.00 200.00
196.00 183.00 166.00 203.00
200.00 182.00 186.00 204.00
200.00 189.00 178.00 211.00
205.00 179.00 189.00 202.00
191.00 187.00 192.00 205.00
201.00 176.00 178.00 201.00
184.00 193.00 187.00 206.00
191.00 182.00 186.00 217.00
199.00 191.00 193.00 216.00
181.00 177.00 194.00 217.00
186.00 183.00 179.00 222.00
159.00 188.00 194.00 209.00
182.00 179.00 196.00 217.00
195.00 180.00 184.00 213.00
184.00 195.00 196.00 216.00
176.00 184.00 193.00 205.00
197.00 201.00 194.00 208.00
200.00 190.00 195.00 205.00
188.00 180.00 214.00 224.00
195.00 198.00 195.00 212.00
175.00 196.00 188.00 210.00
161.00 186.00 191.00 211.00
179.00 202.00 179.00 207.00
187.00 190.00 193.00 213.00
211.00 196.00 186.00 222.00
178.00 199.00 185.00 217.00
181.00 196.00 189.00 203.00
181.00 195.00 190.00 206.00
175.00 181.00 184.00 199.00
176.00 189.00 181.00 213.00
185.00 191.00 182.00 203.00
169.00 179.00 177.00 207.00
182.00 178.00 175.00 205.00
174.00 183.00 170.00 200.00
198.00 163.00 168.00 198.00
197.00 162.00 175.00 202.00
193.00 157.00 182.00 203.00
197.00 169.00 186.00 206.00
196.00 197.00 168.00 213.00
193.00 200.00 183.00 207.00
198.00 188.00 192.00 220.00
198.00 192.00 189.00 216.00
202.00 216.00 183.00 215.00
200.00 213.00 174.00 212.00
197.00 207.00 182.00 218.00
201.00 197.00 195.00 209.00
205.00 210.00 192.00 219.00
197.00 199.00 185.00 212.00
191.00 206.00 186.00 211.00
193.00 201.00 192.00 218.00
204.00 187.00 190.00 203.00
185.00 205.00 197.00 202.00
185.00 202.00 176.00 205.00
182.00 195.00 176.00 202.00
183.00 178.00 170.00 207.00
180.00 180.00 162.00 199.00
186.00 200.00 178.00 198.00
188.00 206.00 188.00 196.00
188.00 191.00 186.00 198.00
184.00 184.00 185.00 190.00
177.00 196.00 187.00 203.00
183.00 192.00 182.00 207.00
183.00 193.00 173.00 194.00
176.00 190.00 171.00 179.00
174.00 187.00 166.00 183.00
174.00 182.00 160.00 196.00
174.00 172.00 165.00 204.00
175.00 170.00 160.00 197.00
177.00 173.00 161.00 196.00
174.00 171.00 159.00 197.00
177.00 180.00 166.00 199.00
180.00 185.00 169.00 197.00
183.00 183.00 168.00 206.00
183.00 182.00 165.00 207.00
182.00 178.00 164.00 205.00
182.00 175.00 162.00 190.00
177.00 176.00 163.00 189.00
175.00 170.00 154.00 187.00
173.00 169.00 156.00 198.00
177.00 170.00 161.00 211.00
190.00 177.00 170.00 212.00
187.00 181.00 168.00 199.00
179.00 180.00 163.00 208.00
182.00 177.00 159.00 209.00
177.00 171.00 152.00 215.00
173.00 163.00 143.00 204.00
167.00 157.00 142.00 201.00
161.00 155.00 140.00 202.00
163.00 168.00 139.00 206.00
166.00 164.00 140.00 205.00
166.00 159.00 139.00 204.00
166.00 162.00 140.00 201.00
163.00 158.00 138.00 200.00
161.00 157.00 134.00 206.00
164.00 148.00 133.00 197.00
159.00 153.00 138.00 205.00
167.00 156.00 141.00 198.00
162.00 153.00 141.00 199.00
167.00 148.00 140.00 201.00
167.00 154.00 142.00 207.00
171.00 157.00 142.00 199.00
170.00 154.00 145.00 187.00
173.00 146.00 143.00 180.00
160.00 148.00 141.00 168.00
162.00 149.00 141.00 162.00
163.00 146.00 139.00 163.00
160.00 144.00 137.00 158.00
