43.00 37.00 33.00 97.00
48.00 40.00 39.00 95.00
46.00 33.00 60.00 93.00
52.00 37.00 104.00 94.00
44.00 37.00 139.00 95.00
56.00 39.00 164.00 95.00
50.00 46.00 231.00 99.00
54.00 56.00 268.00 105.00
63.00 60.00 289.00 116.00
70.00 71.00 297.00 123.00
70.00 174.00 311.00 148.00
88.00 278.00 322.00 176.00
79.00 251.00 302.00 186.00
127.00 297.00 338.00 225.00
127.00 305.00 325.00 250.00
166.00 312.00 350.00 291.00
200.00 341.00 353.00 266.00
233.00 331.00 364.00 301.00
255.00 332.00 364.00 282.00
283.00 326.00 364.00 304.00
274.00 333.00 352.00 325.00
283.00 335.00 352.00 339.00
303.00 327.00 354.00 323.00
311.00 334.00 351.00 322.00
315.00 327.00 349.00 323.00
293.00 338.00 363.00 327.00
306.00 322.00 333.00 318.00
302.00 329.00 348.00 317.00
306.00 333.00 362.00 322.00
326.00 341.00 353.00 318.00
318.00 342.00 341.00 323.00
311.00 325.00 369.00 323.00
299.00 329.00 358.00 322.00
317.00 343.00 345.00 312.00
314.00 331.00 343.00 311.00
314.00 339.00 349.00 302.00
297.00 322.00 358.00 317.00
327.00 313.00 360.00 324.00
311.00 305.00 354.00 310.00
289.00 314.00 319.00 298.00
284.00 301.00 322.00 314.00
294.00 303.00 323.00 300.00
308.00 298.00 317.00 305.00
315.00 297.00 314.00 294.00
297.00 289.00 317.00 303.00
297.00 292.00 310.00 300.00
312.00 272.00 306.00 299.00
281.00 279.00 306.00 300.00
313.00 275.00 302.00 302.00
289.00 282.00 296.00 274.00
298.00 282.00 296.00 295.00
292.00 269.00 294.00 266.00
283.00 272.00 290.00 305.00
288.00 280.00 282.00 295.00
267.00 275.00 273.00 289.00
297.00 283.00 294.00 296.00
280.00 292.00 279.00 285.00
290.00 280.00 282.00 269.00
299.00 265.00 272.00 301.00
300.00 283.00 288.00 278.00
309.00 281.00 285.00 289.00
276.00 273.00 272.00 254.00
298.00 281.00 274.00 285.00
278.00 274.00 283.00 286.00
282.00 282.00 274.00 297.00
283.00 287.00 267.00 277.00
293.00 284.00 267.00 299.00
294.00 279.00 267.00 291.00
255.00 287.00 274.00 244.00
296.00 261.00 277.00 298.00
283.00 270.00 278.00 308.00
304.00 269.00 269.00 305.00
302.00 269.00 273.00 285.00
288.00 280.00 274.00 262.00
271.00 277.00 265.00 289.00
284.00 264.00 270.00 273.00
315.00 287.00 275.00 309.00
285.00 290.00 273.00 281.00
303.00 274.00 283.00 283.00
280.00 284.00 286.00 306.00
278.00 293.00 283.00 269.00
274.00 291.00 300.00 293.00
306.00 279.00 288.00 310.00
302.00 294.00 277.00 301.00
295.00 294.00 307.00 282.00
314.00 301.00 301.00 264.00
284.00 288.00 306.00 298.00
309.00 297.00 286.00 285.00
295.00 275.00 289.00 313.00
311.00 304.00 286.00 322.00
322.00 294.00 298.00 325.00
314.00 284.00 282.00 320.00
342.00 276.00 287.00 321.00
329.00 284.00 293.00 312.00
272.00 287.00 288.00 284.00
287.00 280.00 295.00 295.00
290.00 288.00 294.00 299.00
309.00 288.00 299.00 301.00
309.00 275.00 239.00 249.00
303.00 279.00 288.00 325.00
278.00 283.00 288.00 266.00
277.00 268.00 280.00 272.00
301.00 277.00 278.00 284.00
295.00 297.00 278.00 273.00
301.00 277.00 297.00 281.00
290.00 278.00 290.00 300.00
283.00 274.00 280.00 283.00
281.00 285.00 274.00 299.00
292.00 302.00 273.00 262.00
274.00 273.00 278.00 282.00
285.00 278.00 275.00 268.00
297.00 279.00 275.00 280.00
263.00 268.00 279.00 292.00
278.00 282.00 289.00 306.00
293.00 271.00 285.00 305.00
283.00 284.00 285.00 302.00
277.00 283.00 288.00 297.00
267.00 301.00 276.00 294.00
280.00 270.00 282.00 308.00
272.00 273.00 278.00 279.00
282.00 284.00 281.00 291.00
291.00 284.00 286.00 313.00
281.00 280.00 298.00 314.00
288.00 286.00 296.00 296.00
293.00 290.00 317.00 286.00
301.00 295.00 310.00 304.00
306.00 303.00 301.00 307.00
311.00 297.00 302.00 314.00
309.00 297.00 296.00 300.00
295.00 291.00 316.00 289.00
304.00 306.00 297.00 284.00
270.00 283.00 278.00 285.00
291.00 277.00 305.00 265.00
269.00 289.00 297.00 304.00
270.00 284.00 302.00 303.00
291.00 268.00 275.00 292.00
316.00 279.00 303.00 280.00
273.00 268.00 319.00 303.00
272.00 287.00 293.00 313.00
297.00 298.00 309.00 281.00
272.00 310.00 294.00 272.00
273.00 303.00 309.00 294.00
300.00 301.00 318.00 318.00
249.00 304.00 336.00 275.00
288.00 315.00 324.00 299.00
306.00 316.00 312.00 298.00
314.00 294.00 319.00 308.00
260.00 285.00 312.00 300.00
268.00 296.00 296.00 279.00
276.00 292.00 287.00 278.00
259.00 281.00 307.00 278.00
251.00 282.00 313.00 244.00
252.00 261.00 313.00 283.00
254.00 249.00 311.00 268.00
263.00 245.00 328.00 283.00
257.00 240.00 312.00 280.00
258.00 241.00 321.00 269.00
242.00 246.00 327.00 272.00
255.00 244.00 327.00 283.00
251.00 242.00 310.00 273.00
262.00 251.00 327.00 271.00
250.00 246.00 331.00 260.00
252.00 240.00 314.00 286.00
246.00 230.00 335.00 277.00
248.00 237.00 331.00 295.00
254.00 233.00 327.00 289.00
262.00 234.00 333.00 290.00
272.00 233.00 344.00 286.00
252.00 238.00 333.00 282.00
261.00 250.00 345.00 283.00
277.00 242.00 341.00 296.00
259.00 232.00 360.00 265.00
255.00 245.00 362.00 306.00
268.00 247.00 355.00 272.00
261.00 244.00 338.00 269.00
245.00 232.00 336.00 280.00
249.00 244.00 324.00 283.00
253.00 231.00 319.00 274.00
250.00 228.00 308.00 263.00
244.00 230.00 306.00 255.00
243.00 242.00 297.00 257.00
239.00 239.00 292.00 240.00
254.00 233.00 287.00 242.00
251.00 242.00 280.00 262.00
242.00 237.00 278.00 267.00
240.00 247.00 275.00 273.00
240.00 239.00 284.00 256.00
241.00 234.00 282.00 256.00
255.00 232.00 282.00 267.00
250.00 234.00 277.00 261.00
240.00 233.00 276.00 267.00
243.00 224.00 255.00 264.00
251.00 209.00 260.00 251.00
238.00 224.00 258.00 264.00
240.00 222.00 247.00 240.00
235.00 224.00 255.00 248.00
227.00 220.00 253.00 258.00
239.00 225.00 256.00 258.00
244.00 238.00 259.00 255.00
242.00 237.00 261.00 257.00
258.00 235.00 264.00 252.00
255.00 233.00 263.00 261.00
255.00 231.00 263.00 263.00
238.00 227.00 270.00 267.00
262.00 227.00 273.00 261.00
259.00 231.00 270.00 257.00
257.00 239.00 268.00 264.00
250.00 224.00 263.00 288.00
262.00 219.00 264.00 266.00
250.00 206.00 258.00 236.00
240.00 210.00 235.00 257.00
237.00 216.00 250.00 263.00
232.00 213.00 255.00 256.00
238.00 220.00 254.00 259.00
257.00 222.00 250.00 265.00
230.00 221.00 259.00 253.00
243.00 214.00 253.00 264.00
250.00 223.00 251.00 268.00
249.00 220.00 254.00 262.00
256.00 224.00 247.00 261.00
252.00 219.00 250.00 264.00
251.00 214.00 237.00 258.00
241.00 215.00 240.00 245.00
236.00 222.00 251.00 280.00
253.00 221.00 251.00 260.00
245.00 215.00 250.00 255.00
240.00 211.00 242.00 265.00
257.00 210.00 244.00 250.00
246.00 211.00 241.00 258.00
244.00 215.00 249.00 260.00
258.00 223.00 248.00 252.00
256.00 233.00 250.00 253.00
250.00 246.00 239.00 263.00
249.00 233.00 245.00 270.00
254.00 243.00 243.00 265.00
254.00 243.00 242.00 256.00
240.00 241.00 245.00 244.00
253.00 234.00 253.00 247.00
262.00 258.00 243.00 270.00
259.00 241.00 240.00 258.00
269.00 232.00 240.00 254.00
269.00 250.00 252.00 267.00
263.00 244.00 245.00 269.00
262.00 238.00 245.00 261.00
257.00 232.00 242.00 258.00
257.00 224.00 240.00 246.00
238.00 219.00 233.00 248.00
252.00 212.00 237.00 258.00
232.00 219.00 232.00 252.00
243.00 216.00 220.00 245.00
242.00 211.00 216.00 237.00
236.00 215.00 218.00 248.00
227.00 224.00 212.00 259.00
237.00 225.00 222.00 248.00
235.00 228.00 238.00 260.00
247.00 223.00 240.00 259.00
259.00 229.00 240.00 263.00
262.00 227.00 229.00 262.00
267.00 226.00 221.00 266.00
270.00 237.00 220.00 257.00
263.00 236.00 221.00 259.00
268.00 239.00 230.00 269.00
262.00 229.00 223.00 273.00
264.00 229.00 230.00 262.00
268.00 231.00 218.00 255.00
265.00 227.00 211.00 265.00
267.00 209.00 209.00 249.00
276.00 205.00 207.00 250.00
244.00 207.00 209.00 257.00
248.00 211.00 206.00 254.00
247.00 210.00 203.00 255.00
243.00 205.00 201.00 253.00
262.00 206.00 202.00 250.00
255.00 212.00 209.00 252.00
251.00 220.00 215.00 257.00
244.00 229.00 218.00 258.00
253.00 230.00 228.00 259.00
257.00 225.00 234.00 260.00
260.00 228.00 226.00 260.00
265.00 234.00 232.00 269.00
263.00 238.00 234.00 253.00
253.00 230.00 224.00 259.00
249.00 226.00 224.00 260.00
248.00 214.00 208.00 250.00
240.00 206.00 209.00 246.00
221.00 205.00 206.00 247.00
229.00 206.00 204.00 247.00
221.00 205.00 200.00 245.00
227.00 205.00 198.00 243.00
236.00 202.00 197.00 244.00
236.00 202.00 197.00 244.00
236.00 204.00 198.00 243.00
227.00 203.00 197.00 243.00
235.00 198.00 198.00 222.00
230.00 196.00 196.00 224.00
227.00 195.00 200.00 222.00
229.00 192.00 199.00 218.00
223.00 191.00 202.00 217.00
225.00 192.00 201.00 213.00
217.00 189.00 199.00 214.00
216.00 193.00 200.00 210.00
204.00 189.00 200.00 204.00
198.00 186.00 196.00 204.00
195.00 184.00 193.00 201.00
188.00 186.00 192.00 200.00
188.00 187.00 192.00 199.00
