290.00 288.00 260.00 271.00
289.00 281.00 269.00 275.00
288.00 282.00 272.00 276.00
281.00 272.00 265.00 264.00
276.00 268.00 260.00 267.00
293.00 277.00 260.00 272.00
283.00 269.00 253.00 271.00
282.00 276.00 268.00 277.00
286.00 272.00 265.00 274.00
288.00 271.00 269.00 280.00
288.00 273.00 262.00 283.00
294.00 287.00 267.00 290.00
263.00 284.00 274.00 281.00
286.00 279.00 275.00 280.00
277.00 283.00 275.00 282.00
286.00 279.00 284.00 286.00
263.00 288.00 283.00 276.00
268.00 275.00 253.00 274.00
244.00 268.00 260.00 282.00
245.00 260.00 266.00 269.00
257.00 251.00 255.00 270.00
264.00 241.00 228.00 265.00
243.00 233.00 245.00 259.00
253.00 243.00 243.00 257.00
232.00 240.00 245.00 271.00
243.00 236.00 241.00 259.00
250.00 237.00 246.00 273.00
247.00 241.00 246.00 268.00
261.00 240.00 249.00 269.00
252.00 241.00 255.00 271.00
244.00 240.00 265.00 271.00
255.00 241.00 262.00 275.00
258.00 240.00 253.00 282.00
246.00 248.00 258.00 282.00
255.00 242.00 255.00 276.00
240.00 242.00 250.00 273.00
231.00 242.00 261.00 274.00
278.00 237.00 257.00 269.00
271.00 225.00 249.00 256.00
247.00 231.00 234.00 268.00
219.00 234.00 230.00 265.00
232.00 248.00 230.00 242.00
256.00 231.00 225.00 247.00
262.00 234.00 234.00 259.00
227.00 239.00 255.00 256.00
235.00 231.00 241.00 256.00
254.00 231.00 236.00 264.00
232.00 244.00 240.00 257.00
243.00 244.00 243.00 271.00
239.00 253.00 246.00 257.00
248.00 251.00 236.00 266.00
250.00 244.00 242.00 266.00
256.00 237.00 246.00 268.00
254.00 250.00 255.00 267.00
256.00 254.00 245.00 264.00
256.00 253.00 259.00 281.00
254.00 248.00 244.00 279.00
259.00 255.00 257.00 282.00
258.00 259.00 247.00 278.00
289.00 250.00 248.00 278.00
291.00 236.00 246.00 256.00
218.00 234.00 235.00 264.00
216.00 235.00 238.00 252.00
235.00 224.00 239.00 258.00
235.00 227.00 239.00 250.00
249.00 233.00 237.00 256.00
228.00 238.00 236.00 248.00
247.00 233.00 240.00 251.00
246.00 243.00 244.00 247.00
232.00 233.00 256.00 265.00
250.00 243.00 246.00 250.00
241.00 233.00 241.00 242.00
241.00 242.00 254.00 243.00
238.00 236.00 248.00 250.00
237.00 234.00 242.00 242.00
256.00 224.00 263.00 265.00
251.00 231.00 243.00 278.00
255.00 242.00 255.00 270.00
248.00 242.00 247.00 265.00
253.00 246.00 247.00 259.00
244.00 246.00 262.00 284.00
232.00 247.00 249.00 253.00
244.00 236.00 250.00 262.00
229.00 232.00 242.00 253.00
249.00 227.00 239.00 253.00
266.00 233.00 240.00 243.00
237.00 227.00 239.00 259.00
251.00 240.00 241.00 251.00
244.00 229.00 242.00 237.00
242.00 232.00 243.00 258.00
256.00 228.00 243.00 259.00
249.00 251.00 256.00 257.00
257.00 254.00 242.00 253.00
256.00 241.00 237.00 262.00
260.00 255.00 249.00 252.00
254.00 244.00 251.00 246.00
263.00 260.00 244.00 269.00
253.00 244.00 246.00 253.00
265.00 243.00 263.00 253.00
265.00 253.00 248.00 251.00
272.00 256.00 246.00 249.00
261.00 266.00 239.00 240.00
244.00 244.00 229.00 247.00
245.00 230.00 227.00 234.00
252.00 221.00 232.00 243.00
264.00 235.00 227.00 244.00
260.00 236.00 223.00 244.00
263.00 230.00 233.00 245.00
242.00 237.00 235.00 243.00
254.00 227.00 236.00 246.00
256.00 227.00 234.00 253.00
263.00 221.00 238.00 259.00
266.00 241.00 241.00 265.00
262.00 241.00 246.00 260.00
257.00 226.00 239.00 240.00
275.00 241.00 231.00 258.00
264.00 240.00 239.00 264.00
261.00 244.00 245.00 247.00
255.00 247.00 251.00 258.00
237.00 241.00 224.00 247.00
235.00 241.00 233.00 246.00
249.00 231.00 219.00 247.00
240.00 222.00 220.00 239.00
249.00 219.00 217.00 234.00
243.00 217.00 217.00 239.00
220.00 218.00 225.00 235.00
225.00 223.00 235.00 235.00
215.00 224.00 225.00 230.00
216.00 221.00 229.00 229.00
219.00 227.00 237.00 234.00
235.00 226.00 232.00 241.00
240.00 222.00 241.00 245.00
240.00 230.00 230.00 244.00
250.00 231.00 223.00 244.00
234.00 231.00 236.00 240.00
225.00 226.00 220.00 254.00
222.00 226.00 241.00 252.00
227.00 216.00 218.00 230.00
218.00 212.00 231.00 228.00
206.00 210.00 217.00 241.00
206.00 214.00 215.00 235.00
203.00 210.00 212.00 234.00
218.00 208.00 214.00 246.00
227.00 211.00 222.00 235.00
223.00 214.00 219.00 207.00
215.00 214.00 215.00 234.00
218.00 211.00 235.00 251.00
216.00 214.00 224.00 251.00
212.00 214.00 231.00 252.00
221.00 221.00 236.00 264.00
233.00 216.00 221.00 245.00
217.00 225.00 232.00 255.00
228.00 221.00 230.00 252.00
232.00 225.00 235.00 250.00
243.00 219.00 228.00 258.00
245.00 225.00 243.00 248.00
219.00 228.00 236.00 254.00
213.00 228.00 232.00 256.00
223.00 213.00 218.00 248.00
194.00 204.00 218.00 241.00
219.00 202.00 232.00 238.00
221.00 203.00 229.00 247.00
226.00 210.00 229.00 254.00
215.00 211.00 229.00 248.00
214.00 214.00 234.00 249.00
208.00 217.00 230.00 245.00
212.00 221.00 231.00 250.00
211.00 218.00 230.00 264.00
235.00 221.00 236.00 254.00
208.00 221.00 240.00 253.00
228.00 221.00 241.00 262.00
222.00 223.00 233.00 259.00
231.00 229.00 234.00 265.00
224.00 226.00 239.00 265.00
221.00 226.00 248.00 271.00
229.00 230.00 236.00 267.00
226.00 222.00 236.00 254.00
222.00 219.00 239.00 247.00
206.00 214.00 221.00 238.00
203.00 217.00 222.00 238.00
208.00 213.00 229.00 230.00
211.00 219.00 235.00 242.00
212.00 215.00 232.00 240.00
210.00 216.00 227.00 240.00
216.00 218.00 225.00 234.00
216.00 216.00 234.00 235.00
204.00 219.00 238.00 233.00
202.00 210.00 233.00 238.00
200.00 216.00 226.00 237.00
202.00 219.00 220.00 238.00
210.00 216.00 235.00 235.00
221.00 217.00 237.00 245.00
216.00 227.00 233.00 239.00
209.00 240.00 234.00 235.00
207.00 237.00 231.00 239.00
204.00 236.00 239.00 235.00
200.00 241.00 235.00 227.00
201.00 243.00 236.00 233.00
200.00 244.00 244.00 228.00
202.00 241.00 244.00 223.00
199.00 242.00 230.00 223.00
200.00 244.00 237.00 224.00
200.00 246.00 230.00 212.00
192.00 232.00 231.00 212.00
185.00 225.00 232.00 213.00
188.00 218.00 224.00 210.00
188.00 217.00 229.00 210.00
186.00 208.00 222.00 212.00
184.00 215.00 228.00 209.00
187.00 214.00 229.00 211.00
183.00 215.00 227.00 209.00
185.00 203.00 236.00 209.00
181.00 193.00 215.00 201.00
182.00 189.00 217.00 200.00
181.00 182.00 214.00 198.00
179.00 181.00 195.00 195.00
177.00 178.00 188.00 196.00
175.00 173.00 173.00 186.00
182.00 173.00 178.00 187.00
180.00 172.00 176.00 185.00
180.00 171.00 175.00 186.00
179.00 170.00 174.00 185.00
