54.00 56.00 225.00 234.00
81.00 59.00 230.00 249.00
89.00 60.00 232.00 242.00
119.00 63.00 237.00 248.00
134.00 65.00 237.00 238.00
158.00 70.00 233.00 243.00
180.00 92.00 232.00 247.00
223.00 99.00 254.00 277.00
248.00 113.00 256.00 274.00
234.00 87.00 225.00 252.00
248.00 117.00 255.00 274.00
229.00 122.00 212.00 249.00
229.00 92.00 212.00 253.00
230.00 116.00 241.00 262.00
234.00 112.00 223.00 257.00
244.00 98.00 244.00 242.00
249.00 121.00 214.00 273.00
233.00 125.00 223.00 241.00
249.00 100.00 238.00 264.00
249.00 120.00 246.00 263.00
236.00 134.00 237.00 262.00
235.00 128.00 239.00 242.00
239.00 122.00 235.00 247.00
250.00 134.00 243.00 269.00
265.00 151.00 254.00 275.00
245.00 123.00 228.00 253.00
237.00 145.00 220.00 229.00
218.00 147.00 248.00 240.00
219.00 123.00 232.00 242.00
220.00 145.00 259.00 257.00
225.00 126.00 231.00 264.00
249.00 129.00 231.00 246.00
225.00 128.00 226.00 231.00
231.00 125.00 237.00 253.00
231.00 127.00 230.00 239.00
229.00 125.00 220.00 235.00
230.00 146.00 228.00 255.00
242.00 151.00 216.00 259.00
256.00 131.00 221.00 244.00
223.00 132.00 231.00 242.00
223.00 153.00 244.00 225.00
222.00 134.00 233.00 221.00
228.00 159.00 232.00 248.00
175.00 147.00 252.00 231.00
217.00 142.00 242.00 239.00
246.00 159.00 255.00 268.00
249.00 157.00 254.00 273.00
235.00 168.00 252.00 281.00
255.00 171.00 226.00 244.00
222.00 144.00 244.00 259.00
252.00 172.00 229.00 268.00
230.00 148.00 211.00 262.00
251.00 174.00 225.00 271.00
233.00 145.00 248.00 271.00
269.00 174.00 266.00 234.00
236.00 159.00 238.00 241.00
237.00 148.00 240.00 251.00
230.00 153.00 231.00 239.00
234.00 146.00 222.00 227.00
228.00 163.00 218.00 236.00
228.00 159.00 233.00 247.00
222.00 186.00 235.00 293.00
223.00 163.00 256.00 261.00
255.00 199.00 266.00 272.00
254.00 191.00 255.00 261.00
250.00 186.00 248.00 259.00
241.00 184.00 254.00 242.00
236.00 185.00 277.00 274.00
248.00 198.00 276.00 264.00
260.00 211.00 289.00 267.00
259.00 207.00 288.00 279.00
254.00 208.00 286.00 272.00
251.00 202.00 253.00 267.00
245.00 205.00 259.00 261.00
239.00 200.00 262.00 248.00
244.00 199.00 275.00 276.00
254.00 205.00 270.00 277.00
252.00 210.00 275.00 261.00
251.00 202.00 269.00 249.00
245.00 209.00 267.00 255.00
248.00 208.00 259.00 259.00
243.00 205.00 263.00 257.00
257.00 198.00 259.00 257.00
256.00 214.00 272.00 267.00
260.00 220.00 284.00 261.00
263.00 214.00 275.00 272.00
264.00 212.00 263.00 269.00
246.00 203.00 268.00 261.00
244.00 201.00 269.00 254.00
259.00 202.00 286.00 260.00
255.00 209.00 285.00 270.00
259.00 216.00 292.00 281.00
268.00 205.00 272.00 276.00
261.00 211.00 263.00 275.00
262.00 202.00 253.00 262.00
258.00 204.00 260.00 273.00
255.00 201.00 257.00 278.00
265.00 218.00 253.00 262.00
265.00 217.00 273.00 264.00
259.00 212.00 272.00 265.00
258.00 206.00 269.00 262.00
252.00 200.00 261.00 257.00
250.00 209.00 260.00 234.00
245.00 200.00 273.00 263.00
259.00 208.00 279.00 282.00
262.00 211.00 279.00 276.00
259.00 212.00 267.00 271.00
258.00 207.00 249.00 263.00
251.00 196.00 260.00 250.00
246.00 201.00 254.00 239.00
260.00 210.00 261.00 272.00
286.00 220.00 255.00 272.00
273.00 228.00 267.00 271.00
268.00 223.00 271.00 261.00
265.00 224.00 270.00 253.00
259.00 214.00 248.00 260.00
258.00 219.00 262.00 272.00
273.00 227.00 266.00 276.00
276.00 228.00 270.00 272.00
288.00 227.00 280.00 279.00
276.00 228.00 272.00 270.00
284.00 217.00 265.00 269.00
269.00 218.00 273.00 265.00
274.00 217.00 252.00 261.00
270.00 216.00 255.00 258.00
262.00 211.00 251.00 275.00
273.00 217.00 268.00 269.00
259.00 214.00 248.00 257.00
256.00 212.00 254.00 259.00
256.00 211.00 249.00 262.00
259.00 213.00 263.00 271.00
262.00 217.00 278.00 279.00
261.00 219.00 280.00 264.00
267.00 220.00 288.00 279.00
274.00 220.00 296.00 265.00
275.00 222.00 283.00 267.00
275.00 223.00 280.00 269.00
268.00 225.00 274.00 256.00
270.00 218.00 262.00 256.00
267.00 221.00 265.00 247.00
259.00 214.00 257.00 242.00
251.00 207.00 283.00 249.00
253.00 204.00 281.00 251.00
266.00 212.00 295.00 253.00
263.00 225.00 292.00 267.00
272.00 223.00 290.00 264.00
268.00 222.00 279.00 264.00
255.00 210.00 271.00 252.00
254.00 207.00 269.00 250.00
255.00 206.00 274.00 252.00
250.00 203.00 278.00 245.00
262.00 218.00 278.00 259.00
261.00 218.00 284.00 255.00
265.00 215.00 285.00 251.00
244.00 212.00 281.00 249.00
243.00 213.00 279.00 240.00
236.00 207.00 277.00 241.00
235.00 202.00 273.00 220.00
232.00 200.00 272.00 250.00
232.00 198.00 273.00 259.00
236.00 201.00 275.00 249.00
243.00 202.00 279.00 261.00
246.00 206.00 286.00 270.00
240.00 210.00 289.00 258.00
246.00 208.00 284.00 260.00
244.00 201.00 283.00 253.00
237.00 199.00 280.00 250.00
232.00 197.00 280.00 220.00
233.00 193.00 275.00 240.00
234.00 190.00 277.00 257.00
227.00 187.00 275.00 249.00
235.00 197.00 292.00 253.00
241.00 200.00 289.00 247.00
242.00 199.00 292.00 242.00
238.00 200.00 293.00 247.00
239.00 194.00 286.00 245.00
238.00 195.00 283.00 258.00
239.00 191.00 279.00 253.00
241.00 191.00 274.00 251.00
233.00 183.00 273.00 253.00
224.00 182.00 273.00 232.00
229.00 183.00 283.00 246.00
238.00 187.00 288.00 264.00
238.00 191.00 294.00 249.00
238.00 194.00 288.00 249.00
244.00 191.00 282.00 230.00
241.00 187.00 278.00 246.00
231.00 178.00 278.00 234.00
225.00 178.00 267.00 249.00
229.00 176.00 270.00 235.00
225.00 175.00 272.00 250.00
226.00 175.00 276.00 267.00
239.00 177.00 281.00 257.00
238.00 187.00 281.00 264.00
239.00 186.00 280.00 266.00
228.00 181.00 283.00 254.00
230.00 179.00 285.00 266.00
233.00 179.00 286.00 257.00
229.00 174.00 276.00 241.00
229.00 172.00 265.00 240.00
230.00 170.00 261.00 233.00
231.00 168.00 259.00 245.00
227.00 169.00 264.00 244.00
241.00 172.00 266.00 251.00
237.00 177.00 271.00 252.00
241.00 176.00 268.00 247.00
241.00 179.00 266.00 234.00
242.00 173.00 261.00 255.00
234.00 168.00 252.00 250.00
232.00 164.00 248.00 251.00
228.00 166.00 240.00 241.00
230.00 159.00 238.00 240.00
227.00 160.00 238.00 234.00
228.00 154.00 235.00 247.00
228.00 162.00 242.00 251.00
221.00 166.00 245.00 260.00
230.00 169.00 250.00 250.00
251.00 167.00 244.00 246.00
248.00 169.00 237.00 230.00
253.00 170.00 236.00 233.00
260.00 170.00 243.00 242.00
254.00 165.00 244.00 230.00
244.00 162.00 241.00 245.00
235.00 163.00 238.00 248.00
243.00 162.00 236.00 256.00
254.00 158.00 235.00 249.00
252.00 159.00 241.00 243.00
254.00 156.00 245.00 249.00
254.00 154.00 251.00 261.00
252.00 151.00 247.00 267.00
243.00 150.00 246.00 247.00
235.00 154.00 235.00 258.00
249.00 156.00 236.00 261.00
263.00 161.00 241.00 267.00
256.00 163.00 238.00 259.00
244.00 161.00 243.00 250.00
233.00 158.00 243.00 246.00
234.00 155.00 236.00 253.00
231.00 155.00 232.00 263.00
232.00 152.00 232.00 262.00
229.00 151.00 228.00 260.00
230.00 150.00 232.00 251.00
231.00 151.00 235.00 245.00
230.00 152.00 225.00 245.00
231.00 152.00 218.00 239.00
235.00 156.00 225.00 247.00
229.00 153.00 239.00 276.00
230.00 151.00 238.00 258.00
229.00 150.00 230.00 244.00
228.00 152.00 219.00 242.00
227.00 149.00 216.00 239.00
225.00 149.00 214.00 245.00
224.00 149.00 213.00 250.00
225.00 147.00 218.00 253.00
224.00 150.00 221.00 260.00
223.00 148.00 224.00 257.00
223.00 146.00 232.00 258.00
218.00 147.00 231.00 259.00
219.00 145.00 224.00 254.00
221.00 146.00 222.00 255.00
215.00 144.00 213.00 256.00
216.00 143.00 208.00 257.00
216.00 142.00 209.00 264.00
210.00 139.00 209.00 266.00
208.00 137.00 211.00 265.00
207.00 136.00 210.00 261.00
205.00 134.00 207.00 264.00
204.00 134.00 209.00 253.00
205.00 132.00 211.00 252.00
204.00 130.00 214.00 250.00
204.00 131.00 212.00 248.00
205.00 130.00 210.00 248.00
202.00 130.00 208.00 255.00
206.00 134.00 210.00 249.00
205.00 133.00 215.00 248.00
206.00 134.00 222.00 248.00
204.00 131.00 221.00 242.00
207.00 134.00 212.00 231.00
206.00 132.00 210.00 229.00
205.00 132.00 207.00 237.00
205.00 132.00 204.00 237.00
204.00 132.00 208.00 231.00
206.00 131.00 209.00 226.00
205.00 131.00 206.00 231.00
205.00 130.00 203.00 227.00
201.00 128.00 201.00 224.00
200.00 128.00 201.00 223.00
199.00 126.00 203.00 223.00
199.00 125.00 203.00 223.00
