202.00 226.00 213.00 236.00
214.00 218.00 214.00 231.00
214.00 233.00 211.00 257.00
219.00 214.00 213.00 249.00
208.00 224.00 213.00 248.00
197.00 201.00 211.00 245.00
210.00 204.00 212.00 218.00
203.00 178.00 181.00 257.00
218.00 185.00 194.00 237.00
232.00 216.00 203.00 233.00
210.00 199.00 207.00 233.00
220.00 201.00 199.00 217.00
220.00 205.00 204.00 235.00
203.00 204.00 200.00 241.00
202.00 185.00 194.00 254.00
211.00 211.00 204.00 250.00
213.00 219.00 213.00 252.00
239.00 230.00 223.00 247.00
213.00 226.00 224.00 248.00
227.00 223.00 228.00 244.00
242.00 228.00 216.00 251.00
214.00 223.00 227.00 244.00
213.00 220.00 222.00 244.00
213.00 216.00 211.00 239.00
205.00 219.00 214.00 245.00
212.00 208.00 206.00 241.00
205.00 192.00 210.00 224.00
222.00 201.00 208.00 232.00
210.00 213.00 209.00 232.00
220.00 207.00 204.00 234.00
199.00 219.00 209.00 241.00
201.00 221.00 217.00 246.00
218.00 213.00 220.00 208.00
149.00 216.00 219.00 208.00
187.00 226.00 204.00 241.00
229.00 227.00 216.00 232.00
210.00 215.00 209.00 243.00
223.00 219.00 211.00 245.00
197.00 211.00 218.00 229.00
226.00 213.00 213.00 236.00
226.00 210.00 207.00 235.00
205.00 205.00 209.00 232.00
204.00 211.00 200.00 245.00
221.00 196.00 204.00 218.00
210.00 208.00 203.00 229.00
206.00 197.00 205.00 231.00
211.00 204.00 205.00 222.00
219.00 208.00 207.00 226.00
224.00 209.00 197.00 205.00
173.00 185.00 187.00 234.00
204.00 182.00 184.00 211.00
199.00 189.00 186.00 214.00
205.00 190.00 196.00 227.00
212.00 187.00 172.00 210.00
215.00 212.00 203.00 237.00
220.00 207.00 206.00 239.00
222.00 215.00 210.00 239.00
208.00 219.00 211.00 250.00
210.00 212.00 223.00 270.00
222.00 200.00 207.00 264.00
238.00 228.00 209.00 256.00
224.00 205.00 195.00 249.00
192.00 210.00 195.00 238.00
187.00 186.00 183.00 221.00
196.00 175.00 192.00 224.00
205.00 189.00 198.00 215.00
210.00 190.00 198.00 232.00
204.00 183.00 197.00 235.00
226.00 192.00 198.00 230.00
228.00 210.00 203.00 243.00
217.00 202.00 203.00 240.00
229.00 208.00 208.00 241.00
234.00 210.00 208.00 246.00
239.00 208.00 205.00 244.00
223.00 231.00 209.00 244.00
229.00 210.00 214.00 234.00
213.00 214.00 207.00 230.00
204.00 207.00 203.00 229.00
206.00 210.00 199.00 227.00
217.00 206.00 205.00 224.00
210.00 200.00 203.00 232.00
228.00 217.00 203.00 226.00
225.00 206.00 201.00 223.00
223.00 202.00 202.00 228.00
203.00 205.00 197.00 226.00
215.00 204.00 193.00 228.00
212.00 206.00 192.00 220.00
213.00 188.00 200.00 224.00
213.00 192.00 196.00 232.00
206.00 202.00 204.00 224.00
214.00 197.00 196.00 240.00
213.00 211.00 199.00 232.00
207.00 216.00 203.00 237.00
218.00 204.00 194.00 230.00
204.00 199.00 202.00 225.00
216.00 195.00 196.00 224.00
223.00 191.00 198.00 219.00
216.00 196.00 202.00 225.00
220.00 188.00 190.00 223.00
222.00 193.00 193.00 227.00
236.00 195.00 201.00 226.00
217.00 216.00 204.00 215.00
211.00 213.00 209.00 208.00
225.00 217.00 219.00 209.00
225.00 219.00 197.00 216.00
233.00 221.00 210.00 215.00
206.00 211.00 193.00 214.00
216.00 226.00 199.00 218.00
210.00 204.00 196.00 209.00
207.00 197.00 198.00 207.00
200.00 197.00 199.00 212.00
208.00 208.00 193.00 210.00
209.00 182.00 202.00 210.00
207.00 213.00 197.00 214.00
193.00 189.00 203.00 218.00
213.00 197.00 198.00 216.00
208.00 188.00 197.00 208.00
214.00 190.00 189.00 208.00
210.00 192.00 184.00 196.00
212.00 196.00 188.00 203.00
206.00 184.00 185.00 208.00
208.00 179.00 185.00 212.00
217.00 188.00 192.00 216.00
221.00 195.00 194.00 212.00
206.00 191.00 188.00 205.00
185.00 186.00 186.00 197.00
179.00 175.00 182.00 187.00
170.00 180.00 180.00 191.00
178.00 187.00 178.00 184.00
171.00 178.00 174.00 183.00
164.00 181.00 172.00 180.00
163.00 188.00 174.00 183.00
165.00 186.00 170.00 183.00
157.00 172.00 172.00 183.00
153.00 171.00 170.00 184.00
