103.00 237.00 231.00 236.00
101.00 235.00 232.00 234.00
112.00 241.00 240.00 232.00
131.00 236.00 254.00 243.00
157.00 254.00 243.00 246.00
160.00 247.00 242.00 244.00
158.00 237.00 239.00 244.00
167.00 238.00 243.00 245.00
176.00 236.00 250.00 241.00
195.00 227.00 234.00 241.00
201.00 230.00 231.00 240.00
192.00 219.00 236.00 235.00
219.00 230.00 236.00 230.00
197.00 230.00 229.00 238.00
245.00 228.00 239.00 224.00
221.00 227.00 225.00 231.00
227.00 226.00 231.00 232.00
232.00 230.00 235.00 227.00
242.00 228.00 254.00 235.00
233.00 215.00 248.00 236.00
199.00 225.00 260.00 244.00
205.00 237.00 259.00 250.00
206.00 227.00 260.00 250.00
214.00 222.00 258.00 244.00
212.00 227.00 252.00 242.00
213.00 234.00 238.00 238.00
194.00 233.00 242.00 233.00
208.00 217.00 253.00 238.00
200.00 222.00 244.00 241.00
207.00 218.00 263.00 244.00
230.00 233.00 258.00 250.00
243.00 247.00 245.00 251.00
209.00 227.00 248.00 245.00
210.00 227.00 244.00 232.00
211.00 216.00 249.00 234.00
204.00 230.00 247.00 237.00
216.00 221.00 237.00 237.00
206.00 229.00 246.00 246.00
222.00 233.00 262.00 253.00
250.00 238.00 269.00 260.00
246.00 233.00 257.00 253.00
195.00 243.00 253.00 250.00
224.00 245.00 249.00 244.00
222.00 229.00 244.00 247.00
211.00 211.00 248.00 235.00
188.00 226.00 243.00 239.00
207.00 222.00 244.00 246.00
196.00 221.00 247.00 259.00
200.00 224.00 251.00 257.00
196.00 224.00 255.00 256.00
219.00 227.00 252.00 255.00
220.00 224.00 253.00 255.00
224.00 230.00 254.00 250.00
212.00 230.00 253.00 259.00
200.00 238.00 261.00 251.00
208.00 236.00 260.00 263.00
200.00 238.00 251.00 254.00
207.00 235.00 238.00 252.00
230.00 239.00 245.00 254.00
231.00 228.00 252.00 261.00
244.00 239.00 260.00 265.00
235.00 243.00 258.00 264.00
236.00 221.00 262.00 170.00
245.00 128.00 155.00 225.00
203.00 218.00 234.00 180.00
203.00 137.00 170.00 225.00
182.00 202.00 243.00 243.00
174.00 231.00 240.00 237.00
183.00 236.00 255.00 247.00
184.00 224.00 269.00 247.00
193.00 246.00 277.00 255.00
183.00 239.00 273.00 260.00
191.00 244.00 272.00 241.00
195.00 242.00 269.00 254.00
212.00 233.00 263.00 249.00
222.00 235.00 256.00 251.00
224.00 233.00 271.00 253.00
209.00 222.00 259.00 252.00
217.00 225.00 252.00 256.00
224.00 228.00 252.00 253.00
205.00 230.00 253.00 253.00
186.00 228.00 254.00 242.00
185.00 227.00 270.00 240.00
187.00 219.00 245.00 239.00
191.00 208.00 268.00 240.00
190.00 236.00 253.00 252.00
209.00 218.00 262.00 257.00
211.00 216.00 259.00 263.00
199.00 228.00 254.00 246.00
193.00 238.00 248.00 251.00
195.00 221.00 261.00 251.00
196.00 215.00 252.00 254.00
206.00 219.00 263.00 252.00
224.00 218.00 260.00 251.00
211.00 232.00 253.00 258.00
214.00 231.00 258.00 253.00
210.00 218.00 253.00 251.00
197.00 207.00 266.00 245.00
184.00 212.00 262.00 246.00
215.00 215.00 263.00 244.00
195.00 222.00 246.00 238.00
199.00 237.00 250.00 237.00
195.00 214.00 240.00 235.00
194.00 220.00 242.00 239.00
190.00 220.00 248.00 251.00
182.00 225.00 245.00 228.00
191.00 230.00 250.00 226.00
198.00 241.00 256.00 234.00
198.00 248.00 258.00 248.00
207.00 241.00 251.00 244.00
200.00 235.00 247.00 248.00
203.00 235.00 247.00 257.00
212.00 218.00 266.00 266.00
217.00 229.00 259.00 237.00
221.00 232.00 255.00 241.00
219.00 222.00 247.00 265.00
210.00 220.00 250.00 243.00
208.00 222.00 247.00 251.00
208.00 223.00 257.00 251.00
204.00 233.00 260.00 258.00
208.00 224.00 270.00 261.00
206.00 237.00 263.00 254.00
212.00 228.00 256.00 250.00
211.00 221.00 248.00 253.00
205.00 216.00 249.00 251.00
193.00 222.00 250.00 251.00
196.00 214.00 270.00 246.00
198.00 222.00 259.00 262.00
207.00 239.00 260.00 262.00
200.00 223.00 251.00 260.00
212.00 234.00 249.00 271.00
212.00 224.00 259.00 268.00
200.00 238.00 260.00 248.00
197.00 237.00 251.00 252.00
212.00 223.00 246.00 259.00
203.00 228.00 249.00 257.00
197.00 252.00 256.00 263.00
211.00 234.00 252.00 261.00
211.00 231.00 245.00 250.00
212.00 231.00 246.00 242.00
210.00 229.00 258.00 248.00
207.00 235.00 246.00 254.00
201.00 221.00 241.00 258.00
197.00 226.00 240.00 245.00
189.00 221.00 240.00 242.00
193.00 209.00 246.00 240.00
192.00 206.00 256.00 249.00
185.00 215.00 257.00 246.00
204.00 237.00 261.00 270.00
220.00 262.00 275.00 263.00
218.00 240.00 271.00 257.00
217.00 225.00 264.00 264.00
206.00 226.00 261.00 267.00
217.00 237.00 265.00 257.00
222.00 243.00 262.00 268.00
248.00 232.00 263.00 248.00
248.00 238.00 251.00 230.00
216.00 229.00 247.00 237.00
199.00 214.00 243.00 234.00
211.00 215.00 252.00 255.00
215.00 218.00 262.00 239.00
219.00 219.00 253.00 266.00
222.00 229.00 255.00 260.00
202.00 226.00 258.00 271.00
235.00 236.00 250.00 252.00
214.00 220.00 246.00 255.00
206.00 241.00 250.00 248.00
215.00 232.00 241.00 261.00
199.00 208.00 242.00 252.00
198.00 211.00 234.00 236.00
185.00 210.00 251.00 237.00
202.00 227.00 248.00 242.00
203.00 239.00 255.00 259.00
199.00 237.00 258.00 252.00
194.00 229.00 259.00 248.00
184.00 241.00 252.00 253.00
200.00 221.00 244.00 239.00
239.00 223.00 237.00 247.00
222.00 213.00 266.00 245.00
210.00 245.00 256.00 248.00
244.00 247.00 260.00 245.00
207.00 229.00 262.00 243.00
202.00 248.00 245.00 254.00
189.00 189.00 264.00 250.00
193.00 220.00 254.00 261.00
197.00 243.00 256.00 262.00
228.00 240.00 263.00 259.00
241.00 225.00 268.00 259.00
251.00 235.00 264.00 259.00
202.00 227.00 260.00 233.00
210.00 224.00 248.00 243.00
193.00 217.00 252.00 226.00
196.00 225.00 262.00 239.00
191.00 213.00 263.00 244.00
196.00 231.00 262.00 241.00
214.00 220.00 257.00 249.00
247.00 248.00 272.00 256.00
213.00 232.00 291.00 261.00
201.00 226.00 286.00 270.00
200.00 236.00 270.00 249.00
191.00 230.00 261.00 241.00
190.00 230.00 266.00 248.00
186.00 219.00 281.00 251.00
190.00 230.00 255.00 255.00
200.00 229.00 259.00 257.00
197.00 242.00 270.00 270.00
199.00 249.00 269.00 256.00
200.00 245.00 262.00 242.00
198.00 236.00 260.00 238.00
195.00 236.00 262.00 227.00
188.00 247.00 254.00 232.00
178.00 221.00 262.00 224.00
172.00 232.00 250.00 246.00
180.00 238.00 269.00 259.00
188.00 245.00 269.00 243.00
181.00 246.00 259.00 237.00
184.00 231.00 258.00 235.00
181.00 231.00 255.00 236.00
191.00 232.00 251.00 249.00
168.00 234.00 243.00 242.00
158.00 222.00 249.00 244.00
197.00 232.00 248.00 250.00
207.00 227.00 256.00 251.00
218.00 230.00 263.00 278.00
227.00 234.00 261.00 278.00
214.00 232.00 259.00 265.00
230.00 230.00 256.00 262.00
206.00 225.00 251.00 260.00
211.00 226.00 244.00 256.00
208.00 221.00 238.00 242.00
202.00 224.00 240.00 234.00
202.00 218.00 234.00 235.00
201.00 217.00 226.00 241.00
190.00 208.00 218.00 240.00
170.00 209.00 206.00 243.00
168.00 207.00 201.00 243.00
174.00 208.00 199.00 242.00
177.00 208.00 194.00 247.00
181.00 213.00 210.00 246.00
179.00 209.00 209.00 227.00
170.00 205.00 206.00 235.00
170.00 202.00 204.00 231.00
161.00 189.00 190.00 193.00
147.00 187.00 193.00 210.00
147.00 178.00 198.00 218.00
143.00 169.00 200.00 208.00
141.00 164.00 201.00 218.00
137.00 160.00 201.00 216.00
134.00 155.00 199.00 218.00
137.00 153.00 198.00 208.00
135.00 158.00 196.00 219.00
134.00 163.00 190.00 216.00
133.00 168.00 179.00 211.00
138.00 186.00 180.00 217.00
143.00 191.00 177.00 217.00
145.00 193.00 177.00 221.00
144.00 197.00 174.00 219.00
141.00 199.00 172.00 210.00
138.00 199.00 169.00 211.00
135.00 204.00 170.00 210.00
139.00 199.00 170.00 208.00
141.00 198.00 168.00 211.00
147.00 197.00 168.00 209.00
146.00 200.00 171.00 216.00
156.00 199.00 172.00 214.00
149.00 196.00 168.00 214.00
145.00 196.00 166.00 210.00
141.00 192.00 166.00 209.00
139.00 190.00 164.00 208.00
136.00 189.00 163.00 207.00
