61.00 243.00 208.00 121.00
70.00 253.00 210.00 190.00
84.00 265.00 226.00 248.00
101.00 274.00 236.00 274.00
114.00 266.00 234.00 268.00
147.00 265.00 247.00 273.00
181.00 266.00 229.00 271.00
233.00 260.00 223.00 264.00
249.00 261.00 223.00 259.00
249.00 258.00 233.00 257.00
249.00 250.00 229.00 253.00
248.00 244.00 218.00 267.00
262.00 257.00 239.00 284.00
268.00 270.00 246.00 281.00
269.00 269.00 244.00 278.00
256.00 260.00 240.00 271.00
256.00 255.00 230.00 263.00
257.00 256.00 229.00 266.00
240.00 252.00 215.00 270.00
242.00 260.00 224.00 272.00
247.00 256.00 231.00 271.00
244.00 259.00 242.00 278.00
266.00 271.00 225.00 232.00
262.00 265.00 238.00 262.00
262.00 261.00 224.00 257.00
268.00 251.00 224.00 259.00
249.00 256.00 219.00 260.00
255.00 248.00 215.00 223.00
254.00 253.00 225.00 273.00
256.00 254.00 232.00 273.00
268.00 274.00 233.00 271.00
275.00 278.00 227.00 279.00
267.00 271.00 224.00 275.00
269.00 261.00 237.00 277.00
266.00 261.00 229.00 272.00
263.00 268.00 217.00 240.00
254.00 265.00 224.00 272.00
261.00 259.00 232.00 272.00
248.00 257.00 218.00 271.00
255.00 256.00 209.00 261.00
244.00 261.00 223.00 258.00
238.00 254.00 211.00 230.00
239.00 246.00 216.00 257.00
237.00 262.00 218.00 262.00
243.00 265.00 228.00 270.00
232.00 265.00 216.00 257.00
264.00 271.00 241.00 280.00
244.00 271.00 243.00 282.00
283.00 279.00 235.00 279.00
246.00 263.00 238.00 262.00
263.00 278.00 239.00 282.00
257.00 272.00 223.00 267.00
243.00 248.00 211.00 257.00
236.00 251.00 204.00 273.00
232.00 258.00 218.00 274.00
239.00 241.00 220.00 263.00
236.00 233.00 215.00 271.00
248.00 239.00 215.00 258.00
244.00 247.00 233.00 282.00
256.00 245.00 238.00 279.00
248.00 271.00 241.00 292.00
250.00 260.00 225.00 277.00
253.00 263.00 231.00 264.00
251.00 255.00 216.00 272.00
255.00 256.00 231.00 270.00
255.00 259.00 222.00 218.00
239.00 268.00 228.00 266.00
253.00 256.00 211.00 251.00
252.00 247.00 217.00 261.00
233.00 241.00 222.00 262.00
261.00 258.00 226.00 269.00
259.00 276.00 226.00 276.00
263.00 259.00 227.00 271.00
257.00 270.00 234.00 288.00
248.00 274.00 230.00 277.00
244.00 276.00 233.00 270.00
260.00 271.00 232.00 273.00
228.00 264.00 233.00 261.00
255.00 257.00 229.00 263.00
244.00 251.00 219.00 260.00
258.00 256.00 224.00 259.00
248.00 265.00 243.00 266.00
261.00 279.00 234.00 278.00
253.00 266.00 232.00 268.00
256.00 256.00 218.00 218.00
244.00 251.00 212.00 267.00
237.00 266.00 227.00 225.00
242.00 266.00 227.00 265.00
244.00 260.00 227.00 256.00
238.00 256.00 221.00 265.00
236.00 240.00 228.00 261.00
242.00 242.00 222.00 259.00
243.00 257.00 226.00 282.00
250.00 267.00 231.00 271.00
250.00 254.00 232.00 270.00
235.00 254.00 214.00 266.00
223.00 253.00 230.00 246.00
228.00 251.00 228.00 260.00
223.00 246.00 219.00 263.00
238.00 255.00 226.00 265.00
241.00 253.00 229.00 269.00
250.00 253.00 226.00 223.00
251.00 257.00 231.00 265.00
244.00 246.00 220.00 266.00
248.00 242.00 214.00 262.00
228.00 235.00 213.00 260.00
233.00 242.00 204.00 255.00
248.00 251.00 231.00 268.00
256.00 242.00 216.00 267.00
239.00 240.00 228.00 266.00
233.00 249.00 222.00 266.00
247.00 239.00 208.00 257.00
232.00 229.00 194.00 256.00
249.00 233.00 211.00 258.00
226.00 236.00 224.00 284.00
240.00 242.00 222.00 266.00
240.00 233.00 226.00 251.00
237.00 245.00 209.00 257.00
240.00 221.00 207.00 267.00
235.00 247.00 219.00 272.00
257.00 236.00 223.00 262.00
260.00 238.00 210.00 266.00
253.00 231.00 224.00 251.00
224.00 231.00 215.00 262.00
256.00 247.00 236.00 270.00
253.00 232.00 223.00 264.00
246.00 231.00 218.00 210.00
238.00 225.00 220.00 253.00
226.00 218.00 214.00 257.00
236.00 236.00 215.00 272.00
267.00 230.00 214.00 271.00
263.00 241.00 231.00 262.00
232.00 232.00 219.00 259.00
241.00 229.00 214.00 250.00
224.00 229.00 192.00 248.00
236.00 233.00 220.00 251.00
243.00 254.00 230.00 258.00
272.00 272.00 227.00 264.00
245.00 252.00 227.00 254.00
243.00 231.00 228.00 255.00
239.00 226.00 212.00 242.00
232.00 235.00 210.00 257.00
242.00 236.00 223.00 262.00
231.00 247.00 225.00 259.00
242.00 239.00 214.00 250.00
255.00 238.00 218.00 253.00
246.00 237.00 213.00 246.00
249.00 235.00 212.00 250.00
241.00 234.00 221.00 257.00
254.00 239.00 218.00 263.00
238.00 238.00 221.00 255.00
240.00 260.00 217.00 245.00
230.00 247.00 219.00 250.00
243.00 218.00 224.00 254.00
238.00 223.00 209.00 246.00
239.00 226.00 209.00 251.00
243.00 230.00 211.00 264.00
247.00 233.00 232.00 267.00
244.00 241.00 232.00 261.00
251.00 238.00 223.00 253.00
248.00 234.00 209.00 251.00
246.00 232.00 214.00 248.00
222.00 238.00 206.00 241.00
228.00 225.00 206.00 237.00
217.00 230.00 204.00 247.00
236.00 229.00 202.00 237.00
213.00 227.00 198.00 241.00
210.00 221.00 199.00 241.00
226.00 222.00 184.00 239.00
218.00 223.00 193.00 244.00
218.00 224.00 202.00 236.00
231.00 226.00 205.00 258.00
235.00 241.00 198.00 253.00
222.00 240.00 209.00 241.00
230.00 233.00 208.00 249.00
229.00 221.00 204.00 238.00
224.00 226.00 198.00 243.00
217.00 226.00 204.00 242.00
217.00 233.00 189.00 236.00
214.00 224.00 187.00 239.00
219.00 243.00 201.00 247.00
217.00 233.00 190.00 255.00
220.00 224.00 193.00 247.00
224.00 234.00 197.00 251.00
239.00 225.00 190.00 254.00
232.00 221.00 189.00 239.00
223.00 225.00 173.00 236.00
221.00 221.00 179.00 223.00
216.00 226.00 175.00 229.00
214.00 216.00 178.00 230.00
219.00 219.00 186.00 237.00
228.00 247.00 198.00 252.00
229.00 228.00 184.00 246.00
222.00 234.00 190.00 235.00
229.00 246.00 195.00 243.00
231.00 228.00 190.00 233.00
221.00 233.00 182.00 230.00
214.00 215.00 184.00 226.00
209.00 229.00 179.00 227.00
215.00 225.00 186.00 234.00
225.00 229.00 185.00 236.00
217.00 223.00 182.00 239.00
220.00 224.00 166.00 241.00
214.00 206.00 171.00 237.00
214.00 208.00 177.00 237.00
212.00 222.00 180.00 242.00
227.00 244.00 187.00 251.00
231.00 246.00 184.00 263.00
221.00 232.00 194.00 262.00
227.00 213.00 191.00 259.00
219.00 235.00 189.00 252.00
235.00 245.00 184.00 248.00
213.00 242.00 188.00 243.00
202.00 229.00 195.00 242.00
202.00 234.00 203.00 235.00
207.00 227.00 203.00 228.00
220.00 229.00 190.00 225.00
206.00 207.00 190.00 222.00
191.00 208.00 192.00 219.00
188.00 219.00 209.00 225.00
199.00 206.00 204.00 218.00
206.00 205.00 208.00 221.00
212.00 193.00 203.00 216.00
209.00 200.00 202.00 212.00
211.00 202.00 199.00 224.00
194.00 211.00 198.00 225.00
203.00 209.00 198.00 225.00
215.00 214.00 205.00 225.00
214.00 217.00 205.00 231.00
206.00 223.00 209.00 220.00
210.00 200.00 206.00 218.00
214.00 207.00 204.00 220.00
208.00 204.00 202.00 205.00
193.00 201.00 195.00 201.00
196.00 200.00 203.00 217.00
220.00 214.00 210.00 225.00
203.00 201.00 201.00 227.00
213.00 215.00 205.00 224.00
210.00 203.00 204.00 209.00
218.00 201.00 204.00 208.00
215.00 191.00 205.00 206.00
210.00 200.00 209.00 207.00
213.00 203.00 198.00 202.00
198.00 190.00 209.00 205.00
206.00 219.00 190.00 208.00
208.00 216.00 206.00 205.00
206.00 204.00 214.00 205.00
209.00 210.00 193.00 206.00
214.00 187.00 190.00 205.00
202.00 188.00 194.00 202.00
196.00 202.00 192.00 194.00
196.00 204.00 191.00 191.00
192.00 195.00 218.00 183.00
206.00 208.00 219.00 204.00
223.00 199.00 225.00 215.00
225.00 209.00 217.00 214.00
220.00 229.00 222.00 210.00
223.00 197.00 210.00 196.00
215.00 206.00 210.00 195.00
211.00 210.00 206.00 200.00
207.00 205.00 192.00 202.00
201.00 207.00 222.00 202.00
200.00 196.00 218.00 204.00
186.00 202.00 216.00 200.00
182.00 196.00 207.00 208.00
180.00 204.00 221.00 208.00
183.00 211.00 216.00 206.00
182.00 202.00 214.00 202.00
171.00 192.00 218.00 193.00
156.00 196.00 201.00 186.00
151.00 192.00 196.00 191.00
151.00 187.00 192.00 203.00
153.00 187.00 201.00 207.00
149.00 184.00 200.00 206.00
158.00 194.00 207.00 212.00
159.00 193.00 205.00 211.00
153.00 201.00 200.00 205.00
154.00 192.00 195.00 200.00
151.00 187.00 191.00 196.00
148.00 184.00 193.00 200.00
146.00 188.00 194.00 204.00
154.00 191.00 199.00 203.00
155.00 192.00 197.00 203.00
156.00 182.00 190.00 200.00
153.00 179.00 188.00 199.00
154.00 177.00 186.00 200.00
152.00 178.00 186.00 196.00
154.00 179.00 189.00 200.00
160.00 183.00 192.00 202.00
