62.00 261.00 253.00 58.00
62.00 272.00 243.00 66.00
108.00 278.00 267.00 97.00
180.00 271.00 264.00 137.00
290.00 278.00 280.00 215.00
308.00 270.00 281.00 287.00
301.00 272.00 269.00 293.00
308.00 279.00 281.00 303.00
331.00 292.00 289.00 303.00
329.00 291.00 267.00 300.00
319.00 280.00 276.00 313.00
327.00 287.00 268.00 307.00
343.00 290.00 280.00 330.00
330.00 291.00 269.00 324.00
342.00 292.00 279.00 325.00
328.00 293.00 283.00 312.00
328.00 284.00 272.00 305.00
308.00 273.00 271.00 297.00
307.00 274.00 268.00 303.00
306.00 281.00 261.00 296.00
316.00 277.00 262.00 294.00
304.00 263.00 295.00 317.00
335.00 285.00 274.00 290.00
325.00 300.00 259.00 308.00
340.00 286.00 282.00 315.00
338.00 302.00 295.00 326.00
337.00 305.00 288.00 315.00
356.00 303.00 279.00 313.00
343.00 289.00 284.00 300.00
323.00 291.00 282.00 310.00
329.00 284.00 271.00 301.00
325.00 298.00 264.00 306.00
319.00 280.00 261.00 294.00
338.00 277.00 268.00 309.00
319.00 272.00 257.00 300.00
322.00 283.00 265.00 291.00
319.00 290.00 264.00 295.00
330.00 280.00 244.00 300.00
335.00 284.00 262.00 299.00
343.00 282.00 279.00 314.00
354.00 293.00 283.00 297.00
313.00 277.00 259.00 299.00
322.00 297.00 264.00 296.00
313.00 307.00 281.00 297.00
304.00 316.00 267.00 302.00
317.00 310.00 288.00 313.00
336.00 309.00 257.00 309.00
323.00 292.00 275.00 324.00
334.00 285.00 259.00 298.00
319.00 275.00 270.00 294.00
315.00 292.00 262.00 312.00
315.00 290.00 254.00 300.00
327.00 303.00 260.00 291.00
302.00 285.00 278.00 282.00
306.00 284.00 257.00 286.00
297.00 296.00 251.00 308.00
333.00 317.00 283.00 332.00
329.00 301.00 258.00 299.00
320.00 279.00 258.00 314.00
323.00 273.00 274.00 328.00
312.00 297.00 275.00 328.00
343.00 286.00 263.00 319.00
306.00 299.00 246.00 302.00
313.00 280.00 252.00 309.00
288.00 285.00 256.00 284.00
302.00 268.00 264.00 310.00
318.00 302.00 270.00 326.00
337.00 293.00 287.00 337.00
317.00 280.00 267.00 306.00
316.00 287.00 269.00 310.00
314.00 271.00 244.00 309.00
305.00 296.00 243.00 291.00
293.00 270.00 270.00 317.00
337.00 286.00 283.00 322.00
331.00 291.00 281.00 318.00
333.00 288.00 269.00 321.00
319.00 267.00 277.00 315.00
321.00 272.00 235.00 306.00
322.00 290.00 261.00 337.00
324.00 274.00 265.00 324.00
326.00 290.00 257.00 327.00
323.00 284.00 247.00 312.00
310.00 269.00 246.00 327.00
320.00 288.00 282.00 308.00
316.00 295.00 260.00 311.00
323.00 279.00 251.00 304.00
300.00 270.00 258.00 302.00
307.00 285.00 258.00 315.00
306.00 272.00 251.00 311.00
306.00 284.00 259.00 332.00
318.00 300.00 286.00 339.00
326.00 298.00 266.00 318.00
322.00 281.00 261.00 329.00
314.00 281.00 257.00 311.00
299.00 269.00 261.00 322.00
308.00 274.00 242.00 308.00
314.00 259.00 253.00 314.00
305.00 269.00 281.00 304.00
321.00 289.00 283.00 322.00
321.00 298.00 260.00 297.00
327.00 291.00 272.00 332.00
296.00 293.00 274.00 317.00
298.00 266.00 262.00 308.00
293.00 278.00 262.00 309.00
298.00 265.00 257.00 317.00
283.00 267.00 241.00 314.00
285.00 262.00 262.00 330.00
313.00 279.00 262.00 314.00
309.00 278.00 259.00 341.00
316.00 282.00 271.00 324.00
320.00 280.00 260.00 335.00
288.00 283.00 261.00 330.00
290.00 294.00 281.00 327.00
241.00 281.00 282.00 335.00
286.00 289.00 263.00 333.00
303.00 288.00 261.00 348.00
304.00 273.00 257.00 338.00
289.00 272.00 249.00 315.00
305.00 274.00 236.00 308.00
291.00 274.00 265.00 324.00
322.00 280.00 245.00 335.00
299.00 275.00 249.00 340.00
305.00 299.00 267.00 354.00
324.00 282.00 276.00 354.00
308.00 301.00 281.00 350.00
305.00 283.00 263.00 342.00
292.00 283.00 255.00 311.00
294.00 288.00 240.00 318.00
281.00 268.00 236.00 322.00
275.00 270.00 246.00 330.00
280.00 266.00 246.00 331.00
275.00 256.00 240.00 345.00
271.00 256.00 253.00 327.00
289.00 282.00 262.00 369.00
292.00 280.00 253.00 358.00
297.00 260.00 247.00 328.00
270.00 258.00 259.00 337.00
277.00 254.00 228.00 328.00
271.00 247.00 238.00 275.00
267.00 261.00 255.00 346.00
289.00 270.00 257.00 348.00
288.00 273.00 261.00 352.00
300.00 274.00 248.00 349.00
288.00 257.00 257.00 326.00
287.00 258.00 249.00 321.00
262.00 255.00 242.00 354.00
288.00 266.00 262.00 368.00
251.00 284.00 266.00 353.00
264.00 271.00 249.00 360.00
288.00 261.00 253.00 325.00
283.00 259.00 248.00 300.00
250.00 265.00 240.00 295.00
249.00 248.00 253.00 311.00
259.00 263.00 264.00 307.00
236.00 265.00 263.00 300.00
233.00 249.00 252.00 306.00
245.00 251.00 237.00 300.00
238.00 263.00 260.00 298.00
245.00 246.00 245.00 293.00
242.00 255.00 248.00 291.00
256.00 242.00 254.00 279.00
276.00 244.00 247.00 279.00
267.00 262.00 247.00 273.00
248.00 268.00 237.00 274.00
262.00 282.00 252.00 251.00
258.00 256.00 258.00 251.00
264.00 252.00 247.00 258.00
270.00 253.00 238.00 246.00
254.00 254.00 246.00 247.00
265.00 245.00 246.00 243.00
266.00 236.00 231.00 235.00
227.00 246.00 239.00 235.00
223.00 254.00 227.00 227.00
219.00 251.00 250.00 254.00
254.00 234.00 242.00 235.00
252.00 239.00 242.00 253.00
242.00 239.00 244.00 253.00
253.00 233.00 235.00 261.00
249.00 235.00 247.00 251.00
239.00 231.00 236.00 244.00
242.00 240.00 240.00 242.00
214.00 241.00 239.00 248.00
220.00 248.00 241.00 254.00
245.00 258.00 264.00 273.00
247.00 251.00 267.00 269.00
270.00 265.00 261.00 271.00
252.00 267.00 259.00 269.00
265.00 255.00 257.00 255.00
258.00 252.00 255.00 247.00
268.00 256.00 254.00 251.00
243.00 242.00 249.00 245.00
244.00 252.00 238.00 244.00
266.00 242.00 251.00 258.00
220.00 239.00 237.00 240.00
224.00 230.00 224.00 240.00
225.00 227.00 231.00 239.00
211.00 224.00 240.00 235.00
203.00 223.00 228.00 238.00
197.00 217.00 229.00 233.00
194.00 216.00 235.00 236.00
191.00 212.00 242.00 239.00
190.00 211.00 233.00 227.00
184.00 215.00 231.00 230.00
175.00 210.00 218.00 230.00
170.00 211.00 217.00 226.00
168.00 210.00 214.00 231.00
163.00 213.00 216.00 234.00
169.00 212.00 215.00 232.00
167.00 212.00 213.00 230.00
166.00 207.00 212.00 230.00
163.00 203.00 207.00 228.00
161.00 207.00 194.00 218.00
162.00 208.00 183.00 207.00
163.00 199.00 179.00 202.00
155.00 191.00 175.00 198.00
