298.00 287.00 266.00 333.00
307.00 289.00 269.00 322.00
316.00 277.00 273.00 336.00
313.00 284.00 266.00 354.00
315.00 279.00 253.00 335.00
308.00 253.00 245.00 284.00
310.00 251.00 250.00 273.00
296.00 252.00 248.00 236.00
304.00 256.00 244.00 310.00
271.00 259.00 233.00 304.00
253.00 245.00 233.00 315.00
279.00 278.00 240.00 323.00
264.00 284.00 259.00 315.00
255.00 290.00 259.00 284.00
278.00 272.00 235.00 296.00
262.00 265.00 249.00 287.00
270.00 263.00 234.00 225.00
258.00 259.00 239.00 258.00
253.00 250.00 240.00 245.00
263.00 241.00 213.00 246.00
249.00 255.00 221.00 262.00
234.00 269.00 230.00 245.00
249.00 254.00 232.00 257.00
236.00 261.00 234.00 261.00
247.00 275.00 241.00 240.00
249.00 258.00 228.00 202.00
213.00 258.00 242.00 239.00
259.00 245.00 235.00 239.00
233.00 250.00 215.00 261.00
249.00 255.00 217.00 269.00
240.00 244.00 222.00 230.00
233.00 248.00 213.00 237.00
242.00 246.00 235.00 282.00
230.00 261.00 243.00 267.00
259.00 265.00 236.00 242.00
262.00 273.00 231.00 217.00
263.00 253.00 224.00 232.00
244.00 253.00 208.00 238.00
238.00 212.00 222.00 248.00
244.00 259.00 229.00 238.00
228.00 230.00 238.00 276.00
242.00 260.00 209.00 261.00
237.00 257.00 234.00 280.00
236.00 248.00 227.00 250.00
250.00 261.00 232.00 235.00
241.00 237.00 208.00 225.00
234.00 230.00 210.00 270.00
231.00 245.00 231.00 270.00
256.00 255.00 237.00 271.00
243.00 255.00 248.00 263.00
262.00 238.00 235.00 251.00
257.00 250.00 222.00 247.00
246.00 248.00 212.00 250.00
252.00 245.00 226.00 254.00
254.00 260.00 232.00 240.00
259.00 256.00 229.00 250.00
246.00 258.00 228.00 212.00
249.00 262.00 217.00 256.00
247.00 248.00 214.00 234.00
256.00 242.00 217.00 219.00
259.00 276.00 226.00 253.00
263.00 248.00 238.00 232.00
238.00 261.00 237.00 219.00
255.00 258.00 214.00 231.00
252.00 262.00 218.00 223.00
238.00 264.00 216.00 247.00
261.00 259.00 213.00 244.00
249.00 266.00 238.00 240.00
244.00 266.00 219.00 230.00
260.00 246.00 214.00 233.00
247.00 258.00 216.00 258.00
238.00 258.00 220.00 249.00
256.00 255.00 236.00 237.00
243.00 248.00 231.00 273.00
239.00 256.00 235.00 253.00
249.00 252.00 235.00 262.00
249.00 278.00 255.00 259.00
263.00 250.00 233.00 264.00
243.00 237.00 229.00 251.00
241.00 254.00 237.00 257.00
240.00 239.00 219.00 255.00
242.00 258.00 231.00 229.00
262.00 265.00 242.00 253.00
243.00 252.00 229.00 244.00
257.00 247.00 236.00 263.00
253.00 250.00 214.00 230.00
247.00 256.00 221.00 233.00
249.00 250.00 245.00 277.00
278.00 260.00 227.00 257.00
260.00 258.00 219.00 242.00
250.00 254.00 228.00 244.00
249.00 259.00 222.00 233.00
242.00 259.00 241.00 257.00
245.00 265.00 229.00 256.00
267.00 240.00 219.00 217.00
251.00 262.00 231.00 247.00
243.00 234.00 222.00 250.00
242.00 251.00 236.00 242.00
260.00 272.00 236.00 240.00
253.00 244.00 218.00 249.00
254.00 239.00 224.00 237.00
202.00 234.00 226.00 269.00
264.00 264.00 237.00 257.00
247.00 246.00 231.00 251.00
236.00 242.00 229.00 266.00
234.00 243.00 223.00 270.00
258.00 247.00 241.00 303.00
270.00 247.00 214.00 245.00
250.00 249.00 226.00 269.00
256.00 233.00 212.00 265.00
230.00 242.00 230.00 263.00
225.00 272.00 241.00 292.00
245.00 265.00 235.00 291.00
240.00 249.00 223.00 250.00
247.00 242.00 224.00 257.00
245.00 232.00 218.00 278.00
208.00 209.00 231.00 295.00
254.00 248.00 225.00 282.00
250.00 242.00 217.00 262.00
250.00 246.00 208.00 252.00
243.00 221.00 212.00 269.00
268.00 258.00 231.00 269.00
228.00 245.00 233.00 266.00
246.00 245.00 211.00 253.00
241.00 234.00 206.00 256.00
241.00 247.00 225.00 258.00
257.00 245.00 228.00 259.00
270.00 229.00 220.00 240.00
247.00 233.00 214.00 233.00
233.00 210.00 208.00 228.00
243.00 245.00 216.00 245.00
260.00 230.00 212.00 245.00
252.00 229.00 219.00 242.00
246.00 247.00 218.00 237.00
229.00 245.00 205.00 234.00
214.00 245.00 208.00 226.00
209.00 253.00 217.00 237.00
211.00 257.00 213.00 244.00
209.00 226.00 218.00 236.00
207.00 223.00 210.00 221.00
199.00 212.00 204.00 218.00
197.00 241.00 217.00 228.00
211.00 254.00 212.00 234.00
217.00 232.00 211.00 228.00
201.00 219.00 216.00 218.00
189.00 199.00 202.00 216.00
182.00 198.00 201.00 223.00
188.00 202.00 213.00 226.00
182.00 201.00 208.00 217.00
176.00 191.00 200.00 212.00
170.00 190.00 205.00 242.00
179.00 192.00 214.00 239.00
176.00 187.00 204.00 232.00
166.00 180.00 201.00 223.00
164.00 178.00 205.00 233.00
168.00 181.00 208.00 228.00
168.00 176.00 199.00 221.00
162.00 168.00 200.00 214.00
159.00 167.00 201.00 215.00
159.00 172.00 203.00 211.00
162.00 169.00 197.00 205.00
158.00 161.00 195.00 202.00
156.00 160.00 193.00 201.00
156.00 158.00 195.00 204.00
159.00 166.00 200.00 204.00
