235.00 237.00 225.00 220.00
241.00 221.00 222.00 210.00
238.00 215.00 214.00 210.00
245.00 225.00 220.00 215.00
230.00 215.00 240.00 213.00
229.00 226.00 252.00 230.00
249.00 233.00 251.00 220.00
230.00 237.00 240.00 224.00
243.00 238.00 237.00 237.00
249.00 229.00 236.00 244.00
234.00 224.00 247.00 249.00
253.00 227.00 233.00 252.00
243.00 230.00 239.00 244.00
228.00 235.00 239.00 247.00
230.00 247.00 233.00 244.00
255.00 235.00 228.00 242.00
230.00 225.00 224.00 225.00
223.00 221.00 237.00 237.00
232.00 230.00 222.00 231.00
233.00 228.00 228.00 236.00
241.00 218.00 219.00 231.00
233.00 225.00 246.00 234.00
216.00 237.00 240.00 238.00
247.00 236.00 250.00 244.00
231.00 242.00 244.00 241.00
254.00 239.00 243.00 245.00
259.00 241.00 237.00 255.00
255.00 243.00 248.00 248.00
250.00 237.00 236.00 244.00
253.00 234.00 236.00 235.00
244.00 224.00 234.00 233.00
235.00 221.00 223.00 237.00
246.00 231.00 221.00 230.00
227.00 233.00 227.00 231.00
226.00 217.00 225.00 233.00
236.00 217.00 218.00 229.00
238.00 220.00 234.00 232.00
238.00 213.00 226.00 230.00
231.00 221.00 240.00 240.00
221.00 245.00 234.00 254.00
263.00 240.00 241.00 248.00
257.00 242.00 229.00 253.00
250.00 251.00 237.00 248.00
261.00 226.00 234.00 248.00
246.00 241.00 238.00 250.00
274.00 243.00 246.00 249.00
260.00 243.00 233.00 239.00
243.00 241.00 234.00 238.00
250.00 235.00 227.00 242.00
238.00 230.00 217.00 239.00
268.00 238.00 220.00 228.00
255.00 224.00 220.00 231.00
227.00 236.00 214.00 226.00
242.00 228.00 228.00 233.00
237.00 245.00 237.00 245.00
257.00 241.00 230.00 241.00
257.00 239.00 240.00 240.00
261.00 242.00 234.00 250.00
248.00 236.00 228.00 242.00
267.00 220.00 230.00 234.00
236.00 225.00 219.00 240.00
263.00 243.00 243.00 237.00
241.00 240.00 247.00 249.00
252.00 246.00 238.00 241.00
255.00 237.00 223.00 242.00
245.00 233.00 212.00 225.00
232.00 226.00 211.00 235.00
247.00 233.00 237.00 242.00
234.00 245.00 234.00 241.00
251.00 241.00 232.00 232.00
247.00 242.00 232.00 239.00
250.00 228.00 223.00 238.00
244.00 227.00 228.00 224.00
241.00 228.00 226.00 231.00
257.00 237.00 237.00 242.00
259.00 228.00 227.00 236.00
246.00 250.00 222.00 242.00
259.00 250.00 231.00 238.00
235.00 234.00 235.00 232.00
235.00 229.00 232.00 243.00
240.00 233.00 237.00 237.00
249.00 239.00 222.00 249.00
252.00 246.00 252.00 250.00
246.00 261.00 257.00 256.00
260.00 250.00 236.00 234.00
240.00 246.00 229.00 245.00
258.00 234.00 234.00 233.00
235.00 228.00 207.00 231.00
243.00 221.00 217.00 228.00
252.00 233.00 209.00 243.00
263.00 240.00 223.00 242.00
284.00 251.00 234.00 252.00
252.00 229.00 228.00 241.00
254.00 235.00 234.00 239.00
260.00 233.00 230.00 232.00
222.00 228.00 228.00 225.00
255.00 215.00 217.00 218.00
234.00 229.00 225.00 234.00
243.00 232.00 195.00 246.00
265.00 243.00 232.00 241.00
224.00 249.00 232.00 255.00
273.00 236.00 224.00 243.00
244.00 237.00 195.00 248.00
271.00 233.00 227.00 243.00
250.00 232.00 221.00 240.00
231.00 241.00 233.00 242.00
250.00 235.00 214.00 239.00
222.00 231.00 220.00 240.00
262.00 258.00 227.00 247.00
194.00 241.00 233.00 257.00
280.00 238.00 244.00 256.00
265.00 239.00 220.00 259.00
257.00 238.00 244.00 242.00
270.00 237.00 221.00 236.00
254.00 240.00 225.00 232.00
233.00 233.00 219.00 235.00
250.00 234.00 208.00 233.00
225.00 243.00 226.00 236.00
234.00 242.00 229.00 245.00
244.00 242.00 247.00 238.00
248.00 235.00 230.00 231.00
230.00 232.00 238.00 229.00
226.00 228.00 196.00 230.00
207.00 225.00 227.00 228.00
202.00 227.00 215.00 230.00
209.00 242.00 238.00 228.00
199.00 243.00 231.00 246.00
206.00 225.00 230.00 240.00
204.00 238.00 227.00 233.00
205.00 227.00 236.00 231.00
202.00 210.00 216.00 223.00
186.00 227.00 227.00 218.00
184.00 229.00 216.00 233.00
192.00 238.00 147.00 240.00
188.00 241.00 227.00 247.00
190.00 228.00 224.00 234.00
202.00 240.00 185.00 233.00
221.00 255.00 229.00 218.00
195.00 249.00 196.00 219.00
206.00 249.00 222.00 210.00
204.00 246.00 222.00 222.00
216.00 240.00 220.00 216.00
198.00 247.00 210.00 227.00
195.00 235.00 215.00 217.00
194.00 235.00 211.00 211.00
197.00 252.00 218.00 217.00
199.00 235.00 213.00 220.00
195.00 245.00 217.00 224.00
197.00 232.00 219.00 220.00
184.00 232.00 219.00 226.00
197.00 241.00 206.00 205.00
194.00 242.00 222.00 209.00
192.00 239.00 180.00 210.00
174.00 243.00 212.00 228.00
179.00 237.00 209.00 211.00
172.00 235.00 222.00 206.00
164.00 231.00 211.00 201.00
180.00 233.00 214.00 199.00
187.00 231.00 216.00 200.00
178.00 225.00 200.00 197.00
170.00 217.00 197.00 200.00
175.00 227.00 209.00 198.00
158.00 198.00 213.00 206.00
163.00 207.00 203.00 195.00
161.00 204.00 205.00 192.00
157.00 215.00 225.00 191.00
154.00 206.00 218.00 198.00
149.00 208.00 212.00 204.00
149.00 212.00 212.00 212.00
146.00 207.00 199.00 201.00
142.00 214.00 170.00 217.00
147.00 218.00 206.00 213.00
150.00 214.00 221.00 209.00
149.00 209.00 211.00 205.00
154.00 210.00 211.00 204.00
150.00 204.00 192.00 203.00
151.00 208.00 217.00 191.00
151.00 218.00 204.00 187.00
150.00 234.00 203.00 194.00
158.00 228.00 209.00 189.00
155.00 233.00 221.00 188.00
158.00 223.00 219.00 189.00
159.00 218.00 200.00 188.00
153.00 218.00 214.00 191.00
160.00 221.00 174.00 190.00
157.00 223.00 202.00 193.00
156.00 215.00 199.00 183.00
156.00 219.00 194.00 181.00
157.00 218.00 202.00 181.00
158.00 216.00 197.00 179.00
157.00 217.00 214.00 179.00
157.00 213.00 182.00 182.00
156.00 210.00 203.00 181.00
158.00 219.00 197.00 186.00
159.00 212.00 212.00 184.00
159.00 208.00 184.00 187.00
161.00 196.00 205.00 187.00
159.00 200.00 222.00 186.00
160.00 211.00 210.00 189.00
162.00 205.00 227.00 190.00
157.00 202.00 211.00 184.00
164.00 210.00 213.00 187.00
167.00 206.00 218.00 191.00
166.00 202.00 222.00 190.00
167.00 197.00 211.00 194.00
166.00 202.00 202.00 191.00
168.00 201.00 210.00 191.00
170.00 204.00 189.00 193.00
171.00 206.00 229.00 192.00
169.00 204.00 194.00 187.00
173.00 216.00 219.00 192.00
179.00 206.00 211.00 189.00
177.00 210.00 221.00 190.00
179.00 198.00 215.00 186.00
173.00 202.00 218.00 186.00
170.00 195.00 231.00 181.00
170.00 195.00 220.00 176.00
171.00 195.00 221.00 183.00
173.00 195.00 209.00 187.00
174.00 198.00 208.00 184.00
179.00 205.00 208.00 186.00
179.00 203.00 205.00 187.00
173.00 201.00 204.00 183.00
171.00 200.00 200.00 179.00
172.00 201.00 197.00 178.00
170.00 198.00 197.00 175.00
169.00 194.00 193.00 176.00
166.00 188.00 194.00 174.00
162.00 183.00 185.00 173.00
