46.00 211.00 107.00 29.00
50.00 218.00 124.00 28.00
49.00 197.00 141.00 30.00
57.00 221.00 159.00 37.00
61.00 220.00 185.00 38.00
66.00 207.00 209.00 37.00
67.00 220.00 215.00 37.00
68.00 235.00 214.00 38.00
72.00 216.00 214.00 41.00
70.00 215.00 210.00 43.00
81.00 215.00 213.00 38.00
72.00 221.00 212.00 37.00
82.00 222.00 219.00 43.00
81.00 226.00 213.00 41.00
84.00 223.00 217.00 35.00
78.00 209.00 209.00 37.00
83.00 197.00 208.00 38.00
88.00 193.00 207.00 40.00
87.00 205.00 212.00 46.00
96.00 219.00 214.00 40.00
98.00 222.00 217.00 46.00
102.00 257.00 207.00 42.00
100.00 250.00 208.00 47.00
112.00 250.00 210.00 50.00
118.00 238.00 211.00 55.00
123.00 241.00 213.00 62.00
131.00 247.00 218.00 64.00
132.00 244.00 224.00 64.00
140.00 246.00 222.00 65.00
139.00 233.00 216.00 66.00
134.00 240.00 214.00 68.00
144.00 242.00 218.00 68.00
151.00 234.00 216.00 66.00
156.00 225.00 219.00 72.00
158.00 239.00 226.00 70.00
167.00 245.00 227.00 75.00
172.00 247.00 227.00 74.00
171.00 247.00 222.00 75.00
172.00 244.00 222.00 80.00
172.00 239.00 220.00 87.00
186.00 237.00 217.00 93.00
189.00 239.00 219.00 95.00
197.00 245.00 225.00 96.00
203.00 246.00 228.00 107.00
215.00 247.00 232.00 108.00
224.00 259.00 232.00 102.00
227.00 254.00 228.00 98.00
210.00 240.00 227.00 106.00
208.00 236.00 222.00 113.00
212.00 233.00 222.00 116.00
224.00 227.00 222.00 127.00
217.00 230.00 228.00 126.00
220.00 241.00 223.00 146.00
216.00 250.00 224.00 156.00
226.00 248.00 228.00 155.00
231.00 232.00 225.00 157.00
220.00 231.00 216.00 167.00
219.00 218.00 215.00 159.00
214.00 234.00 216.00 172.00
215.00 235.00 220.00 191.00
218.00 237.00 222.00 195.00
219.00 240.00 228.00 212.00
223.00 249.00 228.00 221.00
224.00 249.00 230.00 220.00
213.00 238.00 216.00 219.00
213.00 241.00 214.00 214.00
215.00 239.00 217.00 221.00
223.00 242.00 227.00 232.00
223.00 253.00 231.00 234.00
230.00 256.00 229.00 231.00
230.00 248.00 218.00 230.00
217.00 230.00 214.00 216.00
203.00 224.00 219.00 228.00
215.00 230.00 221.00 238.00
214.00 236.00 221.00 231.00
224.00 241.00 221.00 240.00
228.00 243.00 234.00 234.00
232.00 239.00 238.00 230.00
230.00 250.00 230.00 234.00
225.00 247.00 220.00 229.00
220.00 244.00 216.00 216.00
219.00 240.00 221.00 217.00
213.00 240.00 221.00 224.00
229.00 242.00 224.00 230.00
228.00 248.00 233.00 234.00
231.00 257.00 224.00 226.00
228.00 250.00 221.00 226.00
216.00 241.00 218.00 216.00
211.00 243.00 218.00 223.00
220.00 247.00 219.00 221.00
225.00 249.00 224.00 225.00
228.00 251.00 225.00 223.00
219.00 255.00 222.00 230.00
231.00 247.00 217.00 222.00
221.00 243.00 215.00 215.00
216.00 247.00 203.00 214.00
215.00 242.00 214.00 216.00
218.00 249.00 213.00 217.00
224.00 239.00 224.00 218.00
224.00 249.00 228.00 227.00
225.00 252.00 227.00 222.00
228.00 236.00 221.00 217.00
221.00 242.00 225.00 209.00
212.00 235.00 222.00 218.00
220.00 237.00 226.00 216.00
222.00 234.00 234.00 222.00
222.00 242.00 233.00 215.00
229.00 249.00 230.00 222.00
235.00 250.00 233.00 228.00
228.00 257.00 230.00 232.00
227.00 251.00 224.00 223.00
219.00 246.00 228.00 206.00
215.00 237.00 220.00 206.00
211.00 241.00 211.00 206.00
216.00 248.00 221.00 210.00
216.00 247.00 221.00 206.00
219.00 249.00 219.00 214.00
225.00 248.00 216.00 212.00
219.00 248.00 218.00 215.00
216.00 246.00 218.00 218.00
222.00 247.00 227.00 227.00
229.00 251.00 220.00 217.00
219.00 246.00 223.00 221.00
222.00 245.00 231.00 222.00
221.00 253.00 218.00 220.00
226.00 245.00 233.00 228.00
228.00 248.00 229.00 226.00
223.00 252.00 228.00 226.00
225.00 248.00 227.00 218.00
227.00 251.00 224.00 217.00
226.00 242.00 233.00 225.00
224.00 253.00 220.00 224.00
228.00 246.00 225.00 209.00
219.00 235.00 214.00 210.00
212.00 231.00 228.00 207.00
212.00 240.00 231.00 220.00
220.00 241.00 222.00 210.00
215.00 237.00 220.00 210.00
215.00 233.00 222.00 216.00
210.00 239.00 220.00 207.00
218.00 240.00 226.00 211.00
227.00 245.00 226.00 219.00
225.00 242.00 229.00 216.00
226.00 246.00 232.00 216.00
228.00 253.00 228.00 216.00
232.00 253.00 230.00 223.00
227.00 257.00 225.00 215.00
232.00 259.00 227.00 214.00
229.00 261.00 232.00 231.00
222.00 253.00 240.00 213.00
223.00 241.00 229.00 217.00
207.00 251.00 228.00 207.00
216.00 238.00 216.00 208.00
209.00 241.00 216.00 212.00
213.00 236.00 216.00 211.00
216.00 240.00 218.00 214.00
215.00 235.00 228.00 213.00
217.00 253.00 221.00 216.00
216.00 250.00 231.00 222.00
219.00 254.00 233.00 224.00
219.00 257.00 238.00 226.00
219.00 249.00 232.00 228.00
225.00 253.00 230.00 226.00
230.00 253.00 229.00 231.00
224.00 255.00 236.00 226.00
229.00 250.00 236.00 223.00
227.00 256.00 217.00 212.00
221.00 251.00 215.00 205.00
213.00 243.00 215.00 210.00
215.00 247.00 214.00 204.00
217.00 231.00 215.00 213.00
209.00 247.00 211.00 214.00
219.00 245.00 209.00 209.00
222.00 242.00 212.00 207.00
219.00 256.00 215.00 213.00
215.00 251.00 225.00 217.00
221.00 252.00 215.00 222.00
216.00 252.00 218.00 220.00
216.00 244.00 215.00 222.00
214.00 247.00 215.00 222.00
222.00 248.00 226.00 227.00
219.00 242.00 219.00 218.00
223.00 265.00 224.00 226.00
226.00 265.00 232.00 223.00
227.00 251.00 229.00 236.00
219.00 262.00 219.00 221.00
213.00 250.00 213.00 214.00
225.00 254.00 214.00 215.00
217.00 247.00 210.00 208.00
207.00 247.00 209.00 223.00
205.00 249.00 216.00 214.00
220.00 254.00 216.00 217.00
216.00 252.00 214.00 220.00
214.00 256.00 216.00 215.00
215.00 247.00 208.00 227.00
215.00 248.00 212.00 217.00
213.00 259.00 211.00 231.00
219.00 255.00 216.00 236.00
225.00 256.00 218.00 235.00
222.00 251.00 223.00 243.00
225.00 262.00 223.00 234.00
226.00 261.00 210.00 241.00
216.00 264.00 219.00 246.00
205.00 253.00 196.00 243.00
212.00 248.00 203.00 229.00
205.00 247.00 195.00 237.00
209.00 247.00 201.00 238.00
209.00 249.00 221.00 241.00
213.00 257.00 224.00 243.00
219.00 258.00 226.00 241.00
221.00 259.00 228.00 254.00
224.00 263.00 233.00 248.00
222.00 264.00 238.00 256.00
218.00 259.00 227.00 251.00
215.00 263.00 236.00 251.00
223.00 257.00 229.00 248.00
226.00 264.00 247.00 259.00
217.00 259.00 235.00 250.00
220.00 258.00 235.00 249.00
217.00 259.00 227.00 246.00
211.00 256.00 225.00 243.00
223.00 262.00 234.00 251.00
219.00 259.00 228.00 238.00
219.00 262.00 225.00 244.00
212.00 253.00 222.00 246.00
218.00 257.00 210.00 257.00
216.00 259.00 220.00 242.00
217.00 254.00 223.00 244.00
216.00 255.00 218.00 244.00
218.00 260.00 226.00 250.00
222.00 252.00 230.00 249.00
216.00 260.00 224.00 255.00
223.00 259.00 226.00 257.00
213.00 258.00 220.00 240.00
212.00 252.00 219.00 247.00
215.00 246.00 210.00 242.00
200.00 248.00 213.00 234.00
203.00 242.00 206.00 235.00
207.00 243.00 217.00 239.00
208.00 243.00 227.00 230.00
209.00 244.00 222.00 229.00
207.00 244.00 217.00 229.00
210.00 245.00 221.00 228.00
209.00 248.00 212.00 238.00
213.00 256.00 209.00 244.00
214.00 256.00 230.00 254.00
221.00 259.00 234.00 238.00
211.00 249.00 225.00 240.00
216.00 234.00 231.00 250.00
216.00 235.00 231.00 238.00
209.00 230.00 216.00 246.00
215.00 231.00 225.00 249.00
207.00 235.00 213.00 228.00
203.00 224.00 210.00 233.00
201.00 222.00 209.00 228.00
202.00 220.00 203.00 231.00
200.00 222.00 204.00 226.00
205.00 224.00 206.00 223.00
202.00 225.00 206.00 232.00
204.00 224.00 207.00 231.00
205.00 224.00 208.00 232.00
207.00 225.00 217.00 228.00
210.00 229.00 206.00 235.00
208.00 228.00 212.00 236.00
214.00 228.00 216.00 236.00
212.00 231.00 215.00 240.00
210.00 233.00 218.00 242.00
209.00 239.00 221.00 250.00
215.00 235.00 219.00 239.00
205.00 232.00 218.00 245.00
215.00 228.00 219.00 247.00
212.00 231.00 213.00 234.00
213.00 235.00 173.00 231.00
209.00 229.00 200.00 240.00
212.00 229.00 193.00 244.00
216.00 229.00 190.00 245.00
214.00 225.00 195.00 241.00
218.00 224.00 192.00 239.00
210.00 213.00 191.00 244.00
207.00 217.00 189.00 246.00
217.00 212.00 184.00 231.00
203.00 207.00 181.00 235.00
208.00 201.00 187.00 224.00
205.00 197.00 191.00 231.00
196.00 197.00 176.00 234.00
202.00 194.00 213.00 224.00
201.00 194.00 209.00 225.00
200.00 192.00 218.00 240.00
205.00 192.00 215.00 233.00
198.00 193.00 206.00 236.00
205.00 190.00 216.00 229.00
200.00 194.00 206.00 229.00
199.00 191.00 211.00 225.00
202.00 190.00 201.00 226.00
203.00 189.00 202.00 230.00
197.00 187.00 202.00 222.00
198.00 192.00 210.00 229.00
202.00 193.00 213.00 225.00
199.00 188.00 207.00 229.00
203.00 192.00 203.00 235.00
203.00 193.00 208.00 238.00
198.00 185.00 211.00 221.00
204.00 188.00 205.00 231.00
202.00 194.00 207.00 239.00
199.00 197.00 203.00 238.00
205.00 194.00 210.00 225.00
199.00 190.00 216.00 238.00
206.00 190.00 204.00 222.00
209.00 189.00 214.00 234.00
210.00 191.00 219.00 243.00
209.00 182.00 216.00 243.00
213.00 185.00 211.00 229.00
206.00 184.00 217.00 228.00
208.00 184.00 212.00 240.00
212.00 193.00 210.00 226.00
213.00 192.00 213.00 231.00
208.00 189.00 209.00 240.00
216.00 195.00 221.00 251.00
209.00 193.00 217.00 226.00
212.00 189.00 221.00 241.00
203.00 188.00 209.00 228.00
211.00 184.00 206.00 226.00
200.00 185.00 216.00 230.00
199.00 183.00 204.00 227.00
208.00 187.00 211.00 231.00
205.00 185.00 209.00 229.00
205.00 184.00 204.00 229.00
205.00 188.00 200.00 227.00
205.00 178.00 215.00 232.00
201.00 182.00 200.00 221.00
205.00 181.00 202.00 222.00
204.00 177.00 203.00 223.00
206.00 181.00 197.00 222.00
203.00 180.00 208.00 236.00
203.00 176.00 202.00 230.00
202.00 176.00 199.00 230.00
205.00 177.00 189.00 220.00
198.00 173.00 191.00 219.00
205.00 174.00 202.00 235.00
201.00 175.00 203.00 227.00
200.00 173.00 194.00 223.00
201.00 170.00 190.00 208.00
195.00 167.00 183.00 217.00
203.00 171.00 179.00 216.00
198.00 174.00 175.00 219.00
197.00 170.00 178.00 220.00
197.00 166.00 174.00 226.00
201.00 166.00 177.00 219.00
189.00 168.00 182.00 221.00
197.00 168.00 184.00 218.00
199.00 168.00 183.00 210.00
199.00 168.00 189.00 225.00
205.00 167.00 186.00 223.00
208.00 165.00 187.00 222.00
197.00 162.00 191.00 216.00
197.00 165.00 188.00 230.00
201.00 166.00 189.00 218.00
196.00 159.00 180.00 214.00
193.00 162.00 182.00 217.00
195.00 166.00 185.00 212.00
193.00 165.00 190.00 215.00
200.00 162.00 191.00 214.00
200.00 170.00 194.00 213.00
205.00 172.00 200.00 217.00
200.00 166.00 214.00 226.00
205.00 170.00 211.00 231.00
206.00 170.00 206.00 232.00
199.00 174.00 201.00 230.00
201.00 173.00 193.00 231.00
205.00 173.00 197.00 222.00
206.00 163.00 189.00 221.00
204.00 169.00 188.00 215.00
197.00 161.00 181.00 215.00
195.00 159.00 183.00 217.00
188.00 166.00 184.00 224.00
196.00 165.00 180.00 212.00
193.00 159.00 176.00 215.00
193.00 166.00 187.00 206.00
198.00 162.00 189.00 225.00
204.00 170.00 188.00 227.00
199.00 172.00 187.00 223.00
205.00 169.00 200.00 219.00
202.00 160.00 180.00 227.00
207.00 164.00 186.00 215.00
204.00 163.00 173.00 209.00
201.00 155.00 171.00 208.00
196.00 153.00 169.00 200.00
194.00 152.00 164.00 206.00
194.00 151.00 163.00 195.00
197.00 150.00 161.00 194.00
191.00 151.00 159.00 189.00
191.00 153.00 159.00 202.00
189.00 155.00 161.00 196.00
190.00 156.00 151.00 198.00
194.00 152.00 156.00 198.00
197.00 159.00 159.00 200.00
200.00 158.00 159.00 215.00
198.00 162.00 158.00 207.00
195.00 162.00 149.00 199.00
194.00 165.00 147.00 209.00
193.00 163.00 148.00 208.00
193.00 156.00 147.00 194.00
188.00 158.00 144.00 197.00
192.00 151.00 140.00 200.00
189.00 147.00 137.00 188.00
189.00 152.00 138.00 189.00
187.00 153.00 144.00 183.00
191.00 156.00 144.00 181.00
191.00 160.00 146.00 188.00
188.00 159.00 150.00 201.00
201.00 156.00 138.00 198.00
186.00 147.00 142.00 185.00
184.00 152.00 142.00 187.00
187.00 153.00 149.00 183.00
187.00 157.00 147.00 187.00
196.00 162.00 151.00 194.00
194.00 152.00 136.00 194.00
194.00 148.00 144.00 199.00
191.00 153.00 143.00 193.00
189.00 155.00 149.00 200.00
188.00 159.00 148.00 193.00
203.00 164.00 151.00 208.00
199.00 159.00 149.00 202.00
198.00 154.00 153.00 200.00
197.00 148.00 141.00 205.00
191.00 149.00 144.00 199.00
188.00 153.00 145.00 205.00
183.00 155.00 148.00 202.00
189.00 155.00 152.00 199.00
190.00 158.00 150.00 206.00
193.00 161.00 149.00 214.00
194.00 155.00 150.00 209.00
187.00 151.00 145.00 205.00
181.00 149.00 139.00 190.00
185.00 146.00 138.00 197.00
187.00 150.00 141.00 181.00
181.00 151.00 148.00 195.00
182.00 151.00 143.00 189.00
191.00 151.00 145.00 195.00
191.00 153.00 144.00 192.00
189.00 144.00 137.00 177.00
183.00 142.00 136.00 175.00
181.00 141.00 140.00 176.00
180.00 142.00 138.00 180.00
178.00 145.00 142.00 184.00
181.00 149.00 141.00 180.00
182.00 145.00 137.00 174.00
177.00 142.00 134.00 173.00
177.00 143.00 135.00 172.00
176.00 147.00 134.00 182.00
177.00 149.00 135.00 180.00
178.00 152.00 140.00 183.00
