51.00 121.00 189.00 158.00
56.00 121.00 208.00 158.00
57.00 126.00 218.00 161.00
53.00 122.00 226.00 165.00
51.00 122.00 228.00 169.00
54.00 122.00 221.00 171.00
59.00 122.00 228.00 191.00
64.00 129.00 216.00 200.00
64.00 128.00 231.00 200.00
66.00 128.00 229.00 211.00
75.00 131.00 227.00 214.00
89.00 128.00 224.00 214.00
99.00 129.00 217.00 216.00
108.00 127.00 194.00 216.00
119.00 125.00 181.00 214.00
127.00 124.00 182.00 219.00
148.00 123.00 176.00 215.00
162.00 121.00 175.00 213.00
168.00 121.00 175.00 218.00
199.00 120.00 173.00 219.00
205.00 116.00 172.00 218.00
203.00 118.00 170.00 220.00
209.00 117.00 166.00 214.00
220.00 117.00 162.00 215.00
219.00 117.00 162.00 225.00
229.00 114.00 158.00 227.00
231.00 114.00 159.00 229.00
230.00 112.00 156.00 234.00
238.00 111.00 158.00 237.00
245.00 114.00 161.00 245.00
236.00 119.00 169.00 245.00
239.00 126.00 177.00 254.00
261.00 137.00 190.00 264.00
264.00 153.00 206.00 264.00
273.00 178.00 232.00 267.00
270.00 233.00 234.00 270.00
285.00 279.00 232.00 267.00
277.00 272.00 241.00 270.00
280.00 270.00 248.00 263.00
289.00 270.00 242.00 267.00
262.00 269.00 249.00 260.00
287.00 264.00 240.00 265.00
285.00 258.00 236.00 260.00
279.00 260.00 250.00 256.00
287.00 262.00 257.00 262.00
279.00 253.00 252.00 258.00
293.00 264.00 249.00 257.00
262.00 260.00 257.00 268.00
247.00 258.00 255.00 261.00
268.00 259.00 259.00 266.00
284.00 245.00 252.00 267.00
304.00 248.00 247.00 262.00
260.00 228.00 256.00 260.00
254.00 239.00 251.00 256.00
249.00 235.00 243.00 262.00
268.00 237.00 251.00 274.00
266.00 238.00 233.00 254.00
243.00 237.00 241.00 274.00
284.00 248.00 257.00 275.00
254.00 253.00 264.00 286.00
286.00 262.00 256.00 284.00
255.00 261.00 258.00 258.00
247.00 252.00 268.00 287.00
302.00 254.00 264.00 281.00
265.00 264.00 259.00 288.00
258.00 274.00 246.00 242.00
263.00 252.00 259.00 289.00
263.00 256.00 242.00 257.00
244.00 262.00 259.00 276.00
260.00 255.00 254.00 248.00
263.00 251.00 255.00 279.00
252.00 254.00 240.00 246.00
257.00 258.00 250.00 238.00
242.00 257.00 244.00 264.00
245.00 248.00 246.00 275.00
250.00 241.00 232.00 259.00
247.00 249.00 232.00 224.00
265.00 240.00 231.00 242.00
239.00 251.00 237.00 249.00
237.00 258.00 248.00 263.00
262.00 246.00 244.00 265.00
262.00 252.00 244.00 268.00
252.00 252.00 238.00 237.00
267.00 260.00 237.00 275.00
266.00 255.00 248.00 270.00
256.00 257.00 260.00 249.00
207.00 260.00 258.00 232.00
245.00 242.00 235.00 272.00
250.00 239.00 239.00 274.00
244.00 251.00 230.00 301.00
255.00 258.00 240.00 278.00
274.00 245.00 236.00 277.00
268.00 253.00 254.00 279.00
240.00 250.00 247.00 237.00
189.00 262.00 238.00 226.00
193.00 252.00 254.00 287.00
266.00 253.00 239.00 252.00
275.00 261.00 242.00 265.00
258.00 254.00 268.00 289.00
260.00 255.00 232.00 294.00
260.00 260.00 255.00 295.00
258.00 257.00 253.00 297.00
263.00 268.00 263.00 296.00
279.00 265.00 268.00 282.00
287.00 258.00 272.00 286.00
278.00 258.00 262.00 251.00
269.00 265.00 250.00 297.00
295.00 263.00 250.00 248.00
220.00 259.00 244.00 221.00
189.00 264.00 242.00 249.00
206.00 260.00 237.00 285.00
243.00 256.00 238.00 291.00
255.00 253.00 235.00 273.00
282.00 250.00 224.00 276.00
279.00 245.00 230.00 279.00
256.00 240.00 240.00 260.00
259.00 247.00 237.00 204.00
247.00 249.00 245.00 229.00
264.00 258.00 251.00 266.00
254.00 277.00 240.00 277.00
288.00 268.00 251.00 217.00
231.00 263.00 253.00 200.00
208.00 242.00 245.00 263.00
279.00 255.00 237.00 201.00
257.00 254.00 243.00 266.00
267.00 263.00 239.00 285.00
258.00 265.00 252.00 264.00
240.00 279.00 258.00 226.00
244.00 268.00 238.00 288.00
234.00 276.00 247.00 273.00
256.00 258.00 230.00 209.00
245.00 275.00 237.00 277.00
224.00 248.00 220.00 246.00
243.00 252.00 237.00 200.00
202.00 243.00 224.00 255.00
234.00 244.00 249.00 268.00
274.00 257.00 253.00 285.00
310.00 267.00 250.00 256.00
285.00 260.00 250.00 269.00
288.00 264.00 243.00 277.00
280.00 261.00 257.00 228.00
236.00 258.00 245.00 261.00
246.00 238.00 252.00 283.00
242.00 232.00 243.00 228.00
191.00 224.00 237.00 201.00
203.00 220.00 226.00 210.00
240.00 220.00 225.00 218.00
226.00 214.00 223.00 222.00
181.00 222.00 227.00 226.00
260.00 234.00 232.00 236.00
231.00 228.00 235.00 247.00
235.00 230.00 230.00 225.00
239.00 229.00 230.00 262.00
235.00 224.00 234.00 232.00
242.00 214.00 232.00 251.00
242.00 218.00 221.00 229.00
225.00 213.00 227.00 247.00
236.00 212.00 212.00 212.00
213.00 218.00 220.00 240.00
196.00 216.00 215.00 223.00
231.00 229.00 215.00 243.00
247.00 228.00 222.00 184.00
198.00 224.00 228.00 244.00
226.00 223.00 235.00 256.00
255.00 224.00 232.00 211.00
228.00 226.00 229.00 232.00
234.00 228.00 230.00 237.00
245.00 223.00 232.00 245.00
250.00 212.00 223.00 198.00
243.00 231.00 231.00 259.00
231.00 233.00 220.00 220.00
238.00 235.00 226.00 250.00
256.00 235.00 213.00 239.00
250.00 234.00 213.00 219.00
235.00 214.00 218.00 216.00
204.00 233.00 216.00 230.00
248.00 238.00 231.00 236.00
252.00 251.00 238.00 252.00
248.00 251.00 232.00 253.00
262.00 255.00 238.00 220.00
182.00 254.00 228.00 240.00
255.00 236.00 235.00 241.00
255.00 236.00 221.00 225.00
226.00 238.00 222.00 246.00
244.00 239.00 214.00 222.00
240.00 231.00 209.00 225.00
222.00 222.00 207.00 246.00
217.00 226.00 199.00 237.00
212.00 227.00 198.00 241.00
223.00 237.00 203.00 239.00
227.00 233.00 211.00 253.00
220.00 236.00 218.00 248.00
221.00 238.00 219.00 259.00
234.00 242.00 215.00 258.00
215.00 244.00 214.00 265.00
232.00 240.00 211.00 251.00
226.00 227.00 214.00 249.00
220.00 226.00 210.00 239.00
220.00 230.00 210.00 235.00
226.00 227.00 207.00 251.00
227.00 219.00 204.00 243.00
218.00 215.00 202.00 230.00
208.00 217.00 198.00 238.00
209.00 214.00 196.00 220.00
207.00 224.00 194.00 246.00
212.00 228.00 196.00 241.00
217.00 234.00 205.00 247.00
226.00 246.00 204.00 245.00
215.00 233.00 200.00 249.00
224.00 231.00 195.00 241.00
223.00 226.00 190.00 247.00
218.00 221.00 175.00 235.00
202.00 205.00 169.00 225.00
197.00 210.00 164.00 219.00
192.00 216.00 165.00 218.00
197.00 218.00 169.00 197.00
197.00 223.00 177.00 193.00
195.00 224.00 178.00 190.00
190.00 216.00 173.00 186.00
186.00 208.00 166.00 182.00
182.00 204.00 162.00 180.00
183.00 201.00 160.00 179.00
176.00 199.00 159.00 177.00
