45.00 48.00 206.00 67.00
37.00 48.00 204.00 66.00
38.00 46.00 197.00 67.00
40.00 42.00 194.00 64.00
40.00 48.00 195.00 65.00
42.00 45.00 195.00 70.00
43.00 50.00 203.00 69.00
45.00 50.00 200.00 70.00
44.00 49.00 199.00 68.00
44.00 46.00 192.00 69.00
45.00 48.00 191.00 69.00
47.00 50.00 188.00 69.00
37.00 48.00 189.00 68.00
35.00 48.00 196.00 73.00
41.00 54.00 202.00 79.00
47.00 60.00 208.00 84.00
61.00 63.00 219.00 108.00
59.00 68.00 223.00 170.00
100.00 71.00 228.00 268.00
172.00 80.00 222.00 270.00
220.00 92.00 227.00 273.00
231.00 86.00 228.00 281.00
229.00 105.00 232.00 287.00
252.00 119.00 235.00 276.00
250.00 145.00 240.00 295.00
257.00 198.00 242.00 283.00
253.00 251.00 235.00 285.00
252.00 256.00 236.00 273.00
252.00 264.00 238.00 265.00
247.00 263.00 239.00 268.00
234.00 266.00 241.00 260.00
234.00 248.00 242.00 283.00
260.00 259.00 248.00 279.00
268.00 261.00 260.00 278.00
270.00 271.00 269.00 292.00
272.00 267.00 268.00 284.00
252.00 266.00 262.00 282.00
259.00 276.00 254.00 274.00
272.00 266.00 258.00 255.00
253.00 264.00 259.00 266.00
249.00 261.00 245.00 282.00
264.00 253.00 244.00 279.00
266.00 249.00 240.00 275.00
252.00 254.00 249.00 272.00
253.00 264.00 245.00 265.00
288.00 271.00 251.00 274.00
276.00 261.00 249.00 268.00
266.00 256.00 239.00 268.00
264.00 245.00 232.00 263.00
258.00 244.00 221.00 258.00
257.00 238.00 211.00 258.00
259.00 249.00 216.00 262.00
252.00 257.00 224.00 263.00
260.00 264.00 226.00 269.00
258.00 256.00 228.00 267.00
263.00 260.00 229.00 256.00
253.00 244.00 230.00 261.00
258.00 246.00 225.00 257.00
254.00 244.00 222.00 256.00
263.00 244.00 212.00 261.00
257.00 247.00 215.00 263.00
250.00 262.00 229.00 267.00
258.00 270.00 242.00 276.00
255.00 278.00 247.00 280.00
282.00 276.00 244.00 285.00
277.00 261.00 242.00 281.00
262.00 256.00 250.00 276.00
272.00 271.00 235.00 286.00
254.00 254.00 240.00 287.00
257.00 259.00 241.00 271.00
245.00 244.00 232.00 269.00
251.00 251.00 233.00 269.00
259.00 261.00 233.00 267.00
231.00 259.00 231.00 277.00
250.00 256.00 228.00 275.00
260.00 258.00 241.00 277.00
260.00 270.00 247.00 270.00
246.00 287.00 246.00 286.00
248.00 277.00 245.00 280.00
250.00 268.00 238.00 275.00
252.00 252.00 250.00 286.00
255.00 265.00 250.00 270.00
260.00 259.00 257.00 269.00
239.00 261.00 225.00 272.00
235.00 251.00 235.00 266.00
236.00 250.00 238.00 271.00
228.00 243.00 217.00 260.00
232.00 258.00 219.00 255.00
224.00 244.00 240.00 264.00
233.00 235.00 231.00 273.00
219.00 239.00 231.00 251.00
222.00 240.00 235.00 264.00
238.00 244.00 256.00 264.00
238.00 256.00 248.00 272.00
249.00 257.00 246.00 264.00
243.00 248.00 211.00 267.00
246.00 252.00 233.00 266.00
235.00 262.00 244.00 260.00
229.00 244.00 230.00 256.00
235.00 247.00 229.00 265.00
231.00 251.00 225.00 261.00
234.00 251.00 233.00 262.00
230.00 231.00 227.00 263.00
231.00 247.00 226.00 252.00
228.00 249.00 229.00 265.00
224.00 264.00 223.00 256.00
223.00 234.00 227.00 259.00
229.00 252.00 238.00 253.00
231.00 244.00 223.00 257.00
227.00 231.00 210.00 246.00
227.00 235.00 220.00 246.00
233.00 232.00 229.00 264.00
227.00 245.00 223.00 255.00
225.00 249.00 213.00 250.00
222.00 256.00 217.00 249.00
225.00 246.00 222.00 249.00
223.00 246.00 223.00 259.00
224.00 259.00 235.00 273.00
237.00 221.00 217.00 247.00
237.00 244.00 226.00 253.00
235.00 244.00 229.00 268.00
246.00 260.00 236.00 269.00
235.00 269.00 229.00 279.00
235.00 262.00 247.00 275.00
246.00 275.00 242.00 273.00
236.00 254.00 232.00 289.00
233.00 264.00 233.00 272.00
234.00 237.00 229.00 260.00
222.00 248.00 220.00 257.00
237.00 251.00 226.00 265.00
233.00 248.00 219.00 258.00
231.00 255.00 231.00 260.00
235.00 245.00 224.00 255.00
232.00 218.00 221.00 254.00
212.00 222.00 231.00 251.00
215.00 245.00 230.00 255.00
226.00 257.00 210.00 247.00
223.00 241.00 213.00 246.00
231.00 227.00 220.00 240.00
236.00 237.00 228.00 242.00
225.00 240.00 217.00 258.00
225.00 235.00 209.00 253.00
238.00 230.00 226.00 257.00
239.00 226.00 224.00 257.00
240.00 227.00 233.00 268.00
238.00 254.00 228.00 269.00
226.00 261.00 231.00 278.00
248.00 261.00 231.00 269.00
243.00 258.00 232.00 265.00
236.00 254.00 241.00 262.00
241.00 248.00 252.00 251.00
249.00 253.00 235.00 266.00
237.00 275.00 231.00 275.00
241.00 249.00 232.00 259.00
245.00 258.00 238.00 276.00
238.00 243.00 259.00 264.00
228.00 257.00 235.00 256.00
239.00 263.00 238.00 259.00
247.00 250.00 240.00 250.00
240.00 250.00 222.00 260.00
229.00 251.00 237.00 247.00
224.00 243.00 233.00 247.00
227.00 246.00 248.00 254.00
258.00 272.00 231.00 251.00
232.00 263.00 223.00 253.00
236.00 244.00 216.00 244.00
219.00 248.00 223.00 252.00
247.00 256.00 221.00 251.00
237.00 259.00 223.00 235.00
212.00 241.00 220.00 237.00
232.00 247.00 223.00 242.00
237.00 250.00 225.00 239.00
212.00 224.00 219.00 237.00
228.00 246.00 215.00 236.00
207.00 228.00 209.00 241.00
199.00 235.00 209.00 236.00
214.00 227.00 205.00 231.00
240.00 231.00 208.00 233.00
217.00 227.00 211.00 229.00
201.00 217.00 206.00 233.00
225.00 228.00 211.00 235.00
217.00 226.00 205.00 228.00
209.00 226.00 201.00 236.00
213.00 223.00 203.00 231.00
219.00 228.00 200.00 230.00
211.00 219.00 197.00 231.00
214.00 224.00 206.00 233.00
232.00 225.00 204.00 248.00
215.00 238.00 212.00 264.00
233.00 228.00 203.00 256.00
234.00 231.00 199.00 251.00
217.00 217.00 206.00 261.00
236.00 230.00 212.00 259.00
232.00 249.00 209.00 255.00
222.00 226.00 197.00 249.00
228.00 231.00 206.00 242.00
222.00 223.00 211.00 242.00
221.00 247.00 210.00 240.00
223.00 232.00 207.00 245.00
221.00 219.00 209.00 243.00
228.00 233.00 205.00 247.00
227.00 240.00 202.00 238.00
225.00 237.00 210.00 236.00
206.00 232.00 211.00 236.00
222.00 221.00 205.00 231.00
201.00 234.00 202.00 231.00
208.00 229.00 194.00 226.00
218.00 224.00 193.00 223.00
215.00 230.00 192.00 222.00
211.00 230.00 187.00 220.00
214.00 224.00 190.00 217.00
210.00 240.00 190.00 212.00
214.00 244.00 184.00 214.00
210.00 240.00 188.00 221.00
213.00 230.00 194.00 228.00
213.00 239.00 195.00 222.00
202.00 241.00 193.00 216.00
202.00 238.00 197.00 217.00
190.00 230.00 191.00 213.00
190.00 230.00 184.00 211.00
187.00 226.00 185.00 209.00
180.00 227.00 185.00 210.00
179.00 244.00 183.00 207.00
187.00 230.00 181.00 202.00
175.00 223.00 186.00 207.00
172.00 217.00 182.00 203.00
173.00 226.00 181.00 204.00
168.00 232.00 183.00 207.00
169.00 227.00 187.00 206.00
167.00 216.00 180.00 203.00
166.00 220.00 187.00 199.00
164.00 215.00 177.00 193.00
165.00 221.00 181.00 186.00
161.00 217.00 175.00 185.00
162.00 232.00 172.00 180.00
160.00 236.00 180.00 189.00
163.00 233.00 175.00 193.00
160.00 243.00 181.00 190.00
161.00 239.00 179.00 192.00
161.00 222.00 175.00 189.00
159.00 231.00 178.00 196.00
158.00 227.00 170.00 200.00
161.00 224.00 172.00 196.00
157.00 231.00 171.00 189.00
158.00 216.00 168.00 196.00
160.00 208.00 169.00 193.00
157.00 217.00 167.00 189.00
159.00 213.00 170.00 186.00
160.00 214.00 172.00 184.00
161.00 214.00 176.00 196.00
162.00 222.00 178.00 203.00
169.00 211.00 183.00 195.00
172.00 219.00 179.00 190.00
169.00 218.00 179.00 191.00
167.00 212.00 179.00 186.00
168.00 206.00 175.00 192.00
165.00 205.00 178.00 189.00
162.00 212.00 177.00 184.00
165.00 206.00 174.00 183.00
162.00 214.00 170.00 187.00
166.00 216.00 172.00 187.00
166.00 234.00 174.00 196.00
159.00 228.00 169.00 181.00
153.00 228.00 164.00 179.00
151.00 223.00 162.00 176.00
153.00 230.00 163.00 180.00
153.00 233.00 161.00 184.00
154.00 235.00 180.00 182.00
154.00 232.00 160.00 179.00
154.00 232.00 160.00 178.00
154.00 237.00 162.00 188.00
155.00 215.00 165.00 194.00
157.00 211.00 161.00 192.00
153.00 218.00 159.00 191.00
153.00 218.00 160.00 179.00
153.00 211.00 159.00 183.00
154.00 214.00 160.00 185.00
154.00 228.00 158.00 184.00
152.00 221.00 156.00 176.00
154.00 231.00 156.00 174.00
150.00 224.00 155.00 179.00
154.00 231.00 159.00 189.00
152.00 225.00 157.00 188.00
150.00 222.00 153.00 186.00
152.00 228.00 152.00 178.00
156.00 229.00 152.00 186.00
163.00 233.00 152.00 189.00
154.00 210.00 154.00 190.00
155.00 217.00 155.00 193.00
152.00 217.00 152.00 185.00
151.00 226.00 152.00 182.00
148.00 225.00 151.00 182.00
145.00 203.00 152.00 178.00
146.00 197.00 148.00 177.00
143.00 197.00 148.00 181.00
145.00 194.00 149.00 180.00
142.00 190.00 149.00 179.00
142.00 190.00 150.00 179.00
144.00 187.00 146.00 175.00
150.00 188.00 144.00 173.00
148.00 187.00 145.00 183.00
145.00 194.00 148.00 185.00
146.00 184.00 149.00 178.00
143.00 189.00 144.00 174.00
