7.00 11.00 33.00 18.00
7.00 11.00 33.00 18.00
8.00 12.00 34.00 18.00
8.00 12.00 35.00 19.00
8.00 13.00 36.00 21.00
10.00 16.00 36.00 21.00
19.00 21.00 54.00 23.00
22.00 27.00 83.00 30.00
30.00 38.00 126.00 30.00
34.00 46.00 180.00 40.00
39.00 63.00 226.00 55.00
41.00 76.00 234.00 73.00
49.00 92.00 249.00 93.00
67.00 128.00 254.00 154.00
79.00 171.00 267.00 213.00
96.00 215.00 268.00 284.00
126.00 250.00 279.00 298.00
167.00 233.00 282.00 303.00
196.00 241.00 287.00 300.00
237.00 252.00 279.00 296.00
246.00 238.00 271.00 293.00
259.00 246.00 287.00 304.00
248.00 249.00 278.00 307.00
238.00 236.00 274.00 301.00
272.00 247.00 271.00 297.00
285.00 258.00 280.00 299.00
260.00 254.00 286.00 294.00
274.00 261.00 295.00 271.00
286.00 272.00 296.00 240.00
276.00 272.00 299.00 205.00
285.00 283.00 308.00 188.00
262.00 269.00 288.00 153.00
256.00 261.00 284.00 127.00
240.00 261.00 286.00 133.00
259.00 268.00 278.00 132.00
262.00 265.00 287.00 139.00
262.00 272.00 294.00 132.00
259.00 274.00 297.00 124.00
266.00 275.00 292.00 96.00
260.00 271.00 288.00 100.00
244.00 255.00 281.00 87.00
238.00 259.00 266.00 89.00
252.00 262.00 285.00 97.00
265.00 263.00 284.00 106.00
260.00 269.00 290.00 107.00
246.00 274.00 300.00 113.00
243.00 279.00 302.00 132.00
246.00 280.00 305.00 117.00
261.00 276.00 303.00 108.00
246.00 276.00 291.00 103.00
269.00 269.00 295.00 121.00
277.00 264.00 276.00 132.00
276.00 275.00 284.00 126.00
294.00 277.00 301.00 143.00
280.00 278.00 313.00 166.00
229.00 280.00 314.00 159.00
277.00 287.00 301.00 165.00
280.00 273.00 288.00 169.00
229.00 283.00 289.00 178.00
271.00 280.00 295.00 209.00
269.00 266.00 297.00 211.00
281.00 276.00 297.00 233.00
321.00 288.00 296.00 266.00
318.00 302.00 290.00 288.00
320.00 296.00 279.00 284.00
323.00 289.00 300.00 282.00
309.00 279.00 284.00 277.00
281.00 270.00 279.00 271.00
286.00 278.00 281.00 277.00
311.00 277.00 283.00 277.00
288.00 279.00 303.00 300.00
294.00 289.00 307.00 296.00
287.00 269.00 258.00 297.00
296.00 291.00 267.00 315.00
304.00 286.00 253.00 316.00
291.00 276.00 296.00 319.00
312.00 279.00 282.00 313.00
304.00 281.00 262.00 288.00
292.00 279.00 262.00 280.00
280.00 270.00 264.00 278.00
288.00 267.00 242.00 275.00
266.00 267.00 230.00 276.00
260.00 275.00 265.00 293.00
279.00 279.00 276.00 299.00
252.00 292.00 264.00 296.00
259.00 295.00 285.00 296.00
276.00 295.00 264.00 324.00
286.00 300.00 285.00 298.00
248.00 281.00 259.00 288.00
231.00 269.00 248.00 280.00
270.00 271.00 236.00 291.00
250.00 275.00 262.00 310.00
227.00 280.00 287.00 300.00
256.00 284.00 258.00 304.00
252.00 304.00 269.00 306.00
276.00 292.00 250.00 304.00
258.00 300.00 251.00 302.00
258.00 292.00 250.00 284.00
251.00 294.00 226.00 280.00
212.00 274.00 251.00 272.00
221.00 270.00 272.00 281.00
256.00 274.00 257.00 278.00
230.00 282.00 262.00 279.00
246.00 274.00 239.00 287.00
258.00 267.00 249.00 284.00
265.00 271.00 252.00 311.00
277.00 272.00 276.00 290.00
253.00 287.00 275.00 292.00
273.00 291.00 258.00 303.00
259.00 297.00 266.00 299.00
256.00 284.00 255.00 287.00
235.00 293.00 293.00 314.00
263.00 290.00 270.00 276.00
266.00 287.00 245.00 278.00
267.00 273.00 258.00 266.00
228.00 269.00 241.00 242.00
268.00 276.00 250.00 285.00
270.00 275.00 255.00 258.00
273.00 274.00 268.00 265.00
273.00 268.00 262.00 273.00
291.00 282.00 241.00 256.00
279.00 289.00 260.00 270.00
296.00 281.00 245.00 267.00
311.00 292.00 246.00 268.00
295.00 283.00 245.00 278.00
268.00 255.00 228.00 282.00
261.00 257.00 247.00 254.00
267.00 251.00 241.00 234.00
255.00 263.00 231.00 280.00
267.00 282.00 241.00 252.00
258.00 263.00 242.00 262.00
283.00 275.00 269.00 259.00
248.00 292.00 255.00 265.00
251.00 280.00 252.00 252.00
269.00 272.00 230.00 241.00
277.00 270.00 220.00 251.00
266.00 277.00 249.00 247.00
232.00 274.00 242.00 240.00
264.00 263.00 240.00 226.00
238.00 277.00 236.00 260.00
307.00 288.00 243.00 263.00
315.00 286.00 247.00 265.00
286.00 272.00 239.00 262.00
285.00 316.00 260.00 258.00
263.00 303.00 274.00 277.00
280.00 276.00 261.00 269.00
292.00 278.00 240.00 264.00
272.00 281.00 252.00 262.00
253.00 254.00 239.00 260.00
262.00 249.00 236.00 256.00
259.00 273.00 229.00 259.00
270.00 269.00 252.00 260.00
269.00 288.00 261.00 270.00
235.00 278.00 257.00 271.00
285.00 289.00 265.00 283.00
275.00 296.00 265.00 286.00
289.00 303.00 264.00 280.00
295.00 290.00 247.00 268.00
285.00 287.00 228.00 251.00
249.00 262.00 247.00 249.00
252.00 269.00 247.00 261.00
256.00 271.00 236.00 262.00
244.00 273.00 268.00 253.00
270.00 286.00 262.00 254.00
253.00 296.00 253.00 268.00
298.00 301.00 281.00 266.00
266.00 277.00 248.00 262.00
262.00 285.00 262.00 253.00
275.00 282.00 251.00 241.00
265.00 270.00 265.00 243.00
262.00 269.00 262.00 245.00
259.00 275.00 255.00 232.00
261.00 273.00 257.00 248.00
277.00 250.00 252.00 241.00
256.00 269.00 270.00 258.00
262.00 280.00 266.00 242.00
288.00 283.00 256.00 249.00
275.00 285.00 260.00 249.00
259.00 289.00 249.00 250.00
266.00 272.00 252.00 235.00
270.00 288.00 267.00 252.00
271.00 277.00 268.00 249.00
256.00 296.00 275.00 248.00
292.00 297.00 259.00 249.00
268.00 274.00 276.00 253.00
264.00 285.00 271.00 255.00
250.00 284.00 265.00 247.00
256.00 291.00 274.00 250.00
250.00 270.00 291.00 240.00
243.00 282.00 276.00 235.00
268.00 275.00 256.00 224.00
246.00 277.00 249.00 231.00
276.00 280.00 233.00 230.00
261.00 257.00 239.00 230.00
246.00 250.00 246.00 215.00
244.00 254.00 242.00 204.00
233.00 251.00 236.00 194.00
233.00 255.00 231.00 191.00
234.00 250.00 226.00 189.00
235.00 248.00 244.00 184.00
221.00 248.00 238.00 185.00
214.00 216.00 237.00 188.00
225.00 250.00 240.00 191.00
242.00 258.00 243.00 189.00
250.00 265.00 239.00 186.00
220.00 244.00 241.00 191.00
219.00 242.00 241.00 183.00
200.00 237.00 241.00 196.00
195.00 227.00 235.00 217.00
187.00 235.00 232.00 218.00
200.00 235.00 227.00 218.00
203.00 233.00 226.00 216.00
200.00 231.00 220.00 211.00
199.00 229.00 217.00 210.00
201.00 228.00 215.00 209.00
204.00 229.00 213.00 214.00
202.00 225.00 211.00 213.00
207.00 228.00 212.00 213.00
211.00 226.00 211.00 213.00
211.00 229.00 211.00 219.00
214.00 226.00 212.00 221.00
210.00 222.00 210.00 219.00
211.00 227.00 202.00 217.00
207.00 222.00 200.00 211.00
