172.00 192.00 193.00 217.00
206.00 215.00 193.00 232.00
218.00 214.00 192.00 240.00
225.00 242.00 204.00 247.00
222.00 226.00 199.00 237.00
214.00 218.00 186.00 234.00
220.00 215.00 186.00 243.00
236.00 225.00 201.00 246.00
240.00 230.00 196.00 243.00
228.00 233.00 192.00 234.00
224.00 218.00 198.00 244.00
242.00 243.00 219.00 251.00
233.00 237.00 216.00 245.00
228.00 224.00 204.00 235.00
218.00 219.00 208.00 241.00
238.00 212.00 219.00 259.00
237.00 223.00 212.00 247.00
228.00 216.00 207.00 237.00
221.00 218.00 197.00 234.00
214.00 225.00 206.00 249.00
244.00 230.00 215.00 259.00
233.00 218.00 205.00 244.00
241.00 226.00 203.00 239.00
221.00 230.00 202.00 242.00
240.00 233.00 213.00 256.00
236.00 224.00 213.00 255.00
229.00 229.00 203.00 224.00
230.00 214.00 191.00 235.00
234.00 218.00 199.00 238.00
267.00 233.00 216.00 234.00
257.00 222.00 208.00 241.00
221.00 223.00 212.00 223.00
211.00 220.00 206.00 224.00
239.00 237.00 218.00 249.00
242.00 231.00 215.00 243.00
248.00 223.00 207.00 237.00
226.00 227.00 203.00 238.00
242.00 232.00 225.00 233.00
255.00 227.00 220.00 235.00
233.00 218.00 213.00 236.00
242.00 216.00 201.00 245.00
245.00 224.00 220.00 253.00
254.00 240.00 235.00 236.00
248.00 219.00 229.00 251.00
242.00 229.00 212.00 228.00
228.00 217.00 216.00 250.00
243.00 231.00 210.00 272.00
235.00 220.00 203.00 232.00
226.00 224.00 213.00 244.00
228.00 226.00 209.00 247.00
230.00 244.00 232.00 245.00
236.00 221.00 216.00 252.00
232.00 226.00 218.00 247.00
227.00 213.00 205.00 255.00
220.00 226.00 222.00 254.00
243.00 214.00 211.00 253.00
225.00 233.00 207.00 225.00
233.00 233.00 222.00 242.00
244.00 238.00 230.00 264.00
231.00 216.00 210.00 240.00
218.00 208.00 209.00 240.00
208.00 222.00 226.00 258.00
246.00 207.00 221.00 250.00
241.00 214.00 210.00 247.00
218.00 208.00 211.00 226.00
211.00 210.00 222.00 247.00
224.00 223.00 215.00 249.00
232.00 213.00 211.00 223.00
236.00 231.00 203.00 234.00
181.00 212.00 203.00 262.00
231.00 219.00 207.00 260.00
222.00 225.00 207.00 240.00
208.00 227.00 196.00 247.00
231.00 225.00 219.00 258.00
248.00 214.00 202.00 239.00
233.00 210.00 195.00 239.00
229.00 214.00 190.00 243.00
240.00 223.00 214.00 263.00
229.00 242.00 220.00 246.00
220.00 212.00 202.00 226.00
219.00 210.00 200.00 253.00
237.00 229.00 216.00 251.00
227.00 241.00 214.00 252.00
209.00 221.00 200.00 248.00
237.00 228.00 203.00 255.00
231.00 233.00 207.00 235.00
238.00 216.00 195.00 240.00
224.00 208.00 198.00 263.00
235.00 225.00 212.00 264.00
219.00 224.00 211.00 258.00
233.00 209.00 197.00 250.00
219.00 211.00 203.00 253.00
238.00 217.00 219.00 262.00
245.00 215.00 208.00 247.00
239.00 221.00 200.00 240.00
229.00 211.00 188.00 229.00
236.00 228.00 216.00 250.00
235.00 222.00 216.00 256.00
240.00 213.00 208.00 247.00
232.00 214.00 221.00 249.00
222.00 208.00 212.00 254.00
236.00 230.00 217.00 258.00
246.00 204.00 206.00 225.00
221.00 205.00 192.00 216.00
214.00 223.00 218.00 242.00
243.00 208.00 209.00 247.00
235.00 211.00 216.00 226.00
225.00 196.00 201.00 225.00
215.00 201.00 204.00 262.00
243.00 233.00 218.00 249.00
223.00 222.00 211.00 234.00
216.00 205.00 191.00 225.00
206.00 203.00 217.00 250.00
210.00 224.00 218.00 243.00
246.00 209.00 203.00 232.00
229.00 209.00 204.00 241.00
225.00 214.00 208.00 243.00
249.00 232.00 207.00 248.00
239.00 227.00 212.00 243.00
244.00 223.00 199.00 237.00
233.00 217.00 209.00 232.00
231.00 206.00 207.00 242.00
227.00 219.00 216.00 247.00
237.00 219.00 232.00 248.00
226.00 208.00 206.00 233.00
221.00 222.00 200.00 235.00
242.00 216.00 189.00 234.00
227.00 201.00 206.00 235.00
209.00 215.00 209.00 248.00
233.00 212.00 216.00 233.00
239.00 216.00 210.00 220.00
226.00 209.00 195.00 220.00
220.00 200.00 211.00 223.00
217.00 209.00 202.00 244.00
234.00 209.00 213.00 246.00
227.00 212.00 218.00 238.00
237.00 195.00 195.00 241.00
221.00 191.00 197.00 224.00
219.00 205.00 218.00 253.00
220.00 213.00 220.00 240.00
218.00 203.00 222.00 237.00
233.00 210.00 214.00 242.00
231.00 218.00 221.00 236.00
245.00 227.00 191.00 207.00
201.00 203.00 215.00 229.00
219.00 205.00 208.00 234.00
231.00 206.00 204.00 223.00
185.00 213.00 217.00 225.00
221.00 229.00 216.00 233.00
228.00 219.00 210.00 238.00
216.00 217.00 201.00 227.00
217.00 202.00 188.00 223.00
224.00 208.00 192.00 234.00
232.00 209.00 204.00 233.00
235.00 219.00 204.00 232.00
227.00 210.00 188.00 229.00
218.00 216.00 180.00 217.00
210.00 204.00 188.00 237.00
229.00 211.00 194.00 226.00
234.00 222.00 190.00 222.00
229.00 214.00 195.00 221.00
229.00 202.00 188.00 228.00
217.00 215.00 187.00 227.00
216.00 226.00 193.00 233.00
223.00 218.00 190.00 228.00
228.00 212.00 194.00 224.00
207.00 201.00 191.00 222.00
218.00 207.00 194.00 215.00
208.00 206.00 205.00 222.00
217.00 211.00 204.00 212.00
173.00 200.00 193.00 217.00
214.00 196.00 193.00 218.00
214.00 193.00 195.00 223.00
197.00 199.00 200.00 217.00
216.00 195.00 193.00 217.00
206.00 194.00 197.00 210.00
202.00 183.00 202.00 216.00
210.00 190.00 212.00 231.00
216.00 187.00 214.00 215.00
216.00 200.00 202.00 218.00
213.00 199.00 202.00 223.00
217.00 203.00 205.00 220.00
232.00 203.00 203.00 216.00
214.00 185.00 193.00 201.00
218.00 189.00 194.00 205.00
238.00 194.00 209.00 228.00
227.00 198.00 203.00 223.00
212.00 186.00 198.00 213.00
198.00 182.00 198.00 215.00
218.00 188.00 207.00 224.00
220.00 195.00 200.00 218.00
216.00 188.00 195.00 218.00
212.00 179.00 190.00 213.00
213.00 174.00 192.00 229.00
241.00 192.00 188.00 150.00
173.00 154.00 148.00 220.00
213.00 159.00 150.00 216.00
215.00 155.00 151.00 203.00
190.00 170.00 171.00 220.00
221.00 179.00 188.00 231.00
236.00 187.00 191.00 232.00
239.00 203.00 194.00 211.00
246.00 203.00 200.00 232.00
240.00 204.00 193.00 238.00
231.00 206.00 193.00 230.00
232.00 200.00 188.00 244.00
229.00 206.00 194.00 234.00
214.00 195.00 194.00 233.00
231.00 187.00 192.00 234.00
231.00 199.00 189.00 240.00
243.00 200.00 186.00 221.00
235.00 192.00 182.00 217.00
229.00 188.00 181.00 218.00
224.00 186.00 178.00 214.00
220.00 186.00 173.00 214.00
217.00 182.00 174.00 212.00
215.00 182.00 176.00 212.00
205.00 169.00 176.00 213.00
190.00 166.00 177.00 223.00
196.00 166.00 186.00 224.00
183.00 176.00 184.00 213.00
189.00 179.00 186.00 228.00
178.00 171.00 178.00 214.00
173.00 168.00 176.00 211.00
168.00 165.00 175.00 218.00
185.00 167.00 175.00 209.00
193.00 166.00 179.00 209.00
180.00 165.00 180.00 214.00
183.00 171.00 184.00 221.00
186.00 173.00 189.00 226.00
190.00 177.00 188.00 217.00
195.00 176.00 188.00 218.00
200.00 174.00 184.00 216.00
193.00 170.00 179.00 213.00
188.00 168.00 176.00 211.00
182.00 162.00 176.00 213.00
182.00 163.00 173.00 219.00
183.00 166.00 175.00 217.00
185.00 172.00 178.00 215.00
184.00 175.00 177.00 216.00
184.00 172.00 178.00 218.00
181.00 172.00 170.00 214.00
178.00 167.00 170.00 217.00
175.00 167.00 169.00 210.00
173.00 173.00 168.00 209.00
175.00 184.00 169.00 214.00
179.00 187.00 174.00 217.00
180.00 187.00 174.00 211.00
175.00 181.00 166.00 211.00
