9.00 17.00 52.00 12.00
16.00 18.00 61.00 14.00
19.00 24.00 79.00 16.00
24.00 35.00 128.00 23.00
24.00 43.00 203.00 26.00
24.00 44.00 232.00 31.00
23.00 53.00 228.00 36.00
34.00 53.00 221.00 43.00
26.00 70.00 223.00 56.00
29.00 54.00 228.00 66.00
37.00 51.00 229.00 91.00
43.00 69.00 217.00 133.00
59.00 79.00 221.00 196.00
85.00 67.00 223.00 238.00
98.00 64.00 226.00 251.00
136.00 83.00 244.00 256.00
161.00 97.00 241.00 275.00
188.00 98.00 251.00 263.00
223.00 119.00 250.00 272.00
240.00 104.00 247.00 271.00
234.00 108.00 239.00 267.00
239.00 123.00 238.00 265.00
251.00 127.00 187.00 263.00
244.00 119.00 124.00 262.00
223.00 125.00 131.00 266.00
233.00 126.00 191.00 276.00
243.00 136.00 211.00 279.00
245.00 138.00 231.00 275.00
266.00 146.00 236.00 283.00
261.00 172.00 245.00 287.00
268.00 184.00 245.00 280.00
263.00 189.00 248.00 279.00
258.00 212.00 244.00 289.00
266.00 207.00 254.00 287.00
260.00 233.00 240.00 294.00
265.00 230.00 236.00 281.00
251.00 231.00 244.00 285.00
256.00 224.00 231.00 267.00
249.00 233.00 252.00 279.00
243.00 233.00 235.00 275.00
238.00 229.00 239.00 278.00
242.00 235.00 234.00 271.00
244.00 221.00 233.00 274.00
241.00 233.00 238.00 284.00
244.00 220.00 237.00 286.00
236.00 217.00 245.00 285.00
234.00 225.00 227.00 258.00
226.00 217.00 223.00 279.00
222.00 219.00 233.00 279.00
244.00 207.00 241.00 282.00
242.00 207.00 231.00 273.00
247.00 204.00 229.00 276.00
235.00 189.00 220.00 263.00
232.00 210.00 235.00 282.00
263.00 204.00 239.00 269.00
243.00 218.00 239.00 279.00
239.00 222.00 234.00 272.00
266.00 220.00 223.00 272.00
221.00 232.00 226.00 274.00
252.00 213.00 230.00 274.00
238.00 211.00 236.00 278.00
261.00 222.00 231.00 261.00
257.00 223.00 232.00 281.00
267.00 210.00 210.00 273.00
259.00 197.00 224.00 269.00
249.00 200.00 222.00 262.00
242.00 201.00 220.00 276.00
253.00 201.00 224.00 282.00
268.00 196.00 217.00 264.00
252.00 201.00 225.00 269.00
246.00 206.00 222.00 252.00
240.00 207.00 217.00 260.00
249.00 213.00 227.00 264.00
237.00 217.00 227.00 263.00
233.00 222.00 223.00 268.00
247.00 225.00 214.00 267.00
237.00 225.00 217.00 267.00
245.00 210.00 237.00 264.00
251.00 231.00 229.00 258.00
257.00 218.00 226.00 271.00
259.00 231.00 223.00 268.00
260.00 226.00 239.00 263.00
265.00 204.00 230.00 259.00
225.00 198.00 232.00 269.00
240.00 211.00 227.00 271.00
252.00 210.00 222.00 274.00
232.00 214.00 232.00 273.00
246.00 228.00 219.00 262.00
243.00 200.00 221.00 261.00
233.00 201.00 223.00 267.00
253.00 205.00 215.00 264.00
264.00 197.00 221.00 256.00
246.00 226.00 218.00 263.00
249.00 207.00 218.00 259.00
239.00 196.00 211.00 266.00
218.00 202.00 203.00 254.00
225.00 208.00 226.00 272.00
240.00 235.00 224.00 264.00
235.00 220.00 228.00 256.00
249.00 234.00 232.00 268.00
239.00 218.00 234.00 260.00
265.00 221.00 235.00 268.00
249.00 217.00 220.00 281.00
251.00 216.00 227.00 281.00
262.00 219.00 217.00 262.00
252.00 230.00 223.00 263.00
245.00 220.00 216.00 262.00
231.00 207.00 219.00 261.00
236.00 209.00 221.00 270.00
247.00 214.00 219.00 272.00
238.00 205.00 219.00 274.00
243.00 206.00 223.00 273.00
252.00 210.00 219.00 277.00
263.00 215.00 208.00 280.00
245.00 204.00 214.00 269.00
243.00 221.00 227.00 271.00
246.00 234.00 219.00 274.00
247.00 224.00 230.00 280.00
261.00 222.00 216.00 277.00
253.00 215.00 235.00 295.00
243.00 210.00 234.00 296.00
244.00 218.00 234.00 291.00
246.00 234.00 226.00 272.00
241.00 210.00 234.00 280.00
242.00 220.00 230.00 274.00
249.00 220.00 222.00 281.00
238.00 207.00 228.00 274.00
252.00 229.00 219.00 280.00
259.00 217.00 226.00 252.00
254.00 207.00 204.00 273.00
245.00 196.00 225.00 261.00
243.00 197.00 204.00 269.00
239.00 203.00 218.00 272.00
243.00 225.00 216.00 282.00
254.00 231.00 227.00 279.00
261.00 230.00 232.00 277.00
247.00 242.00 232.00 282.00
258.00 226.00 225.00 283.00
252.00 224.00 229.00 284.00
271.00 224.00 230.00 280.00
270.00 213.00 228.00 275.00
245.00 205.00 221.00 268.00
253.00 231.00 220.00 265.00
247.00 216.00 221.00 274.00
242.00 235.00 217.00 270.00
242.00 216.00 216.00 263.00
250.00 205.00 222.00 258.00
240.00 226.00 220.00 265.00
253.00 210.00 215.00 265.00
248.00 218.00 217.00 261.00
254.00 211.00 213.00 271.00
256.00 226.00 209.00 256.00
257.00 212.00 208.00 259.00
251.00 203.00 226.00 253.00
242.00 202.00 224.00 265.00
243.00 211.00 213.00 260.00
231.00 212.00 217.00 272.00
253.00 224.00 227.00 285.00
244.00 202.00 211.00 290.00
253.00 219.00 228.00 287.00
260.00 205.00 220.00 284.00
264.00 213.00 219.00 280.00
240.00 212.00 217.00 271.00
256.00 206.00 216.00 265.00
252.00 225.00 220.00 269.00
250.00 212.00 218.00 273.00
237.00 204.00 208.00 261.00
246.00 225.00 223.00 253.00
258.00 229.00 230.00 272.00
241.00 194.00 233.00 274.00
237.00 208.00 217.00 273.00
268.00 231.00 236.00 284.00
270.00 220.00 224.00 289.00
257.00 235.00 232.00 281.00
250.00 219.00 206.00 265.00
239.00 217.00 220.00 269.00
247.00 227.00 222.00 272.00
246.00 218.00 224.00 268.00
252.00 226.00 211.00 263.00
245.00 202.00 209.00 261.00
258.00 204.00 205.00 267.00
244.00 208.00 214.00 263.00
251.00 210.00 215.00 258.00
241.00 222.00 212.00 271.00
244.00 220.00 218.00 275.00
229.00 214.00 219.00 272.00
226.00 213.00 219.00 278.00
231.00 218.00 224.00 286.00
243.00 223.00 224.00 277.00
236.00 221.00 223.00 273.00
220.00 199.00 215.00 276.00
230.00 210.00 210.00 265.00
219.00 205.00 213.00 274.00
214.00 189.00 196.00 264.00
212.00 201.00 208.00 265.00
214.00 194.00 218.00 269.00
230.00 223.00 223.00 282.00
235.00 230.00 228.00 268.00
227.00 208.00 224.00 267.00
235.00 211.00 204.00 265.00
231.00 209.00 218.00 271.00
231.00 210.00 215.00 230.00
227.00 222.00 223.00 249.00
235.00 205.00 219.00 256.00
231.00 209.00 217.00 258.00
228.00 201.00 214.00 253.00
227.00 207.00 207.00 257.00
230.00 205.00 213.00 267.00
222.00 205.00 211.00 264.00
229.00 206.00 191.00 268.00
225.00 207.00 183.00 266.00
228.00 199.00 152.00 265.00
229.00 190.00 126.00 243.00
228.00 179.00 125.00 240.00
220.00 172.00 124.00 235.00
225.00 174.00 146.00 247.00
225.00 175.00 155.00 243.00
219.00 175.00 174.00 251.00
227.00 180.00 202.00 255.00
230.00 188.00 198.00 256.00
225.00 189.00 192.00 254.00
223.00 184.00 189.00 247.00
217.00 178.00 206.00 243.00
215.00 177.00 194.00 246.00
219.00 174.00 192.00 249.00
224.00 185.00 191.00 253.00
226.00 180.00 199.00 260.00
233.00 181.00 176.00 247.00
230.00 181.00 174.00 242.00
224.00 178.00 175.00 239.00
209.00 169.00 181.00 244.00
200.00 183.00 171.00 251.00
234.00 185.00 178.00 251.00
226.00 186.00 172.00 253.00
226.00 187.00 175.00 246.00
223.00 177.00 173.00 236.00
214.00 171.00 175.00 239.00
211.00 172.00 182.00 240.00
224.00 185.00 187.00 249.00
226.00 189.00 190.00 248.00
231.00 194.00 212.00 246.00
221.00 193.00 214.00 235.00
227.00 188.00 204.00 237.00
219.00 181.00 200.00 229.00
212.00 177.00 186.00 229.00
227.00 178.00 187.00 228.00
234.00 180.00 197.00 237.00
226.00 188.00 215.00 239.00
238.00 192.00 218.00 235.00
238.00 189.00 199.00 236.00
233.00 191.00 187.00 237.00
237.00 189.00 191.00 232.00
233.00 189.00 187.00 225.00
226.00 187.00 184.00 227.00
205.00 190.00 185.00 224.00
227.00 176.00 183.00 225.00
203.00 174.00 195.00 224.00
229.00 178.00 193.00 229.00
235.00 175.00 191.00 232.00
230.00 177.00 192.00 240.00
229.00 178.00 194.00 241.00
226.00 179.00 190.00 241.00
228.00 176.00 191.00 236.00
223.00 178.00 182.00 238.00
224.00 177.00 183.00 237.00
224.00 172.00 180.00 237.00
217.00 169.00 172.00 235.00
217.00 174.00 181.00 238.00
216.00 180.00 186.00 247.00
221.00 186.00 180.00 244.00
221.00 184.00 197.00 247.00
217.00 181.00 200.00 236.00
215.00 182.00 186.00 239.00
209.00 181.00 185.00 239.00
201.00 173.00 170.00 228.00
181.00 167.00 171.00 231.00
180.00 165.00 158.00 227.00
172.00 160.00 159.00 226.00
167.00 158.00 161.00 224.00
168.00 153.00 159.00 225.00
171.00 150.00 151.00 224.00
167.00 148.00 158.00 221.00
168.00 145.00 150.00 219.00
164.00 143.00 151.00 219.00
157.00 140.00 149.00 228.00
170.00 140.00 147.00 229.00
169.00 136.00 147.00 230.00
