164.00 509.00 248.00 126.00
229.00 512.00 245.00 166.00
280.00 532.00 243.00 202.00
291.00 522.00 261.00 289.00
293.00 511.00 257.00 289.00
289.00 511.00 254.00 293.00
297.00 513.00 258.00 295.00
291.00 497.00 252.00 296.00
292.00 505.00 249.00 295.00
292.00 455.00 253.00 314.00
302.00 443.00 266.00 306.00
295.00 418.00 251.00 304.00
299.00 417.00 250.00 297.00
289.00 411.00 255.00 304.00
313.00 389.00 253.00 318.00
297.00 391.00 258.00 307.00
314.00 385.00 267.00 314.00
305.00 400.00 269.00 315.00
301.00 420.00 269.00 307.00
307.00 385.00 275.00 316.00
305.00 353.00 281.00 309.00
329.00 336.00 272.00 313.00
306.00 308.00 257.00 283.00
294.00 295.00 248.00 286.00
294.00 312.00 255.00 290.00
296.00 298.00 246.00 282.00
292.00 287.00 236.00 275.00
281.00 307.00 240.00 266.00
300.00 294.00 237.00 271.00
294.00 304.00 251.00 266.00
298.00 306.00 236.00 291.00
304.00 291.00 253.00 276.00
311.00 304.00 261.00 277.00
302.00 310.00 259.00 288.00
289.00 308.00 247.00 298.00
291.00 310.00 243.00 296.00
290.00 314.00 254.00 291.00
298.00 304.00 246.00 277.00
285.00 295.00 229.00 292.00
305.00 280.00 228.00 280.00
300.00 286.00 213.00 262.00
290.00 289.00 211.00 278.00
279.00 306.00 227.00 278.00
297.00 308.00 225.00 280.00
291.00 311.00 231.00 275.00
290.00 297.00 238.00 287.00
298.00 296.00 227.00 287.00
297.00 304.00 243.00 291.00
300.00 305.00 251.00 310.00
302.00 319.00 221.00 277.00
304.00 299.00 239.00 274.00
280.00 302.00 240.00 275.00
294.00 318.00 246.00 277.00
284.00 321.00 254.00 276.00
301.00 318.00 227.00 279.00
329.00 326.00 229.00 297.00
308.00 317.00 246.00 294.00
289.00 335.00 225.00 302.00
300.00 295.00 198.00 268.00
295.00 314.00 236.00 280.00
305.00 293.00 248.00 289.00
304.00 303.00 241.00 294.00
289.00 333.00 240.00 295.00
281.00 296.00 217.00 295.00
305.00 315.00 240.00 293.00
296.00 336.00 238.00 288.00
268.00 313.00 233.00 280.00
276.00 313.00 232.00 272.00
297.00 332.00 253.00 285.00
307.00 360.00 265.00 294.00
306.00 342.00 245.00 293.00
314.00 332.00 255.00 277.00
287.00 308.00 229.00 273.00
290.00 315.00 242.00 275.00
284.00 322.00 232.00 289.00
285.00 334.00 247.00 282.00
299.00 344.00 238.00 298.00
297.00 324.00 245.00 292.00
303.00 328.00 244.00 301.00
282.00 335.00 224.00 294.00
280.00 301.00 221.00 270.00
293.00 298.00 212.00 284.00
276.00 287.00 234.00 284.00
274.00 304.00 242.00 303.00
299.00 332.00 225.00 276.00
277.00 325.00 227.00 291.00
295.00 312.00 248.00 305.00
307.00 325.00 240.00 317.00
304.00 319.00 232.00 250.00
279.00 301.00 246.00 260.00
273.00 330.00 216.00 240.00
285.00 307.00 234.00 291.00
302.00 311.00 245.00 278.00
278.00 314.00 230.00 285.00
279.00 322.00 239.00 299.00
291.00 338.00 268.00 285.00
283.00 334.00 235.00 283.00
265.00 304.00 229.00 271.00
289.00 310.00 243.00 285.00
289.00 315.00 248.00 291.00
279.00 330.00 272.00 299.00
279.00 326.00 253.00 284.00
275.00 320.00 252.00 288.00
297.00 311.00 222.00 292.00
277.00 308.00 232.00 268.00
305.00 309.00 250.00 302.00
310.00 316.00 252.00 267.00
283.00 322.00 203.00 249.00
267.00 312.00 225.00 277.00
298.00 307.00 218.00 287.00
282.00 309.00 243.00 268.00
274.00 318.00 231.00 216.00
295.00 306.00 227.00 256.00
298.00 332.00 216.00 266.00
280.00 312.00 257.00 228.00
273.00 305.00 256.00 259.00
283.00 318.00 235.00 287.00
279.00 316.00 258.00 299.00
281.00 295.00 234.00 302.00
292.00 323.00 233.00 251.00
295.00 299.00 227.00 299.00
289.00 314.00 251.00 298.00
308.00 317.00 250.00 297.00
284.00 314.00 255.00 299.00
291.00 328.00 245.00 288.00
272.00 335.00 255.00 265.00
295.00 319.00 232.00 300.00
298.00 318.00 238.00 309.00
309.00 336.00 265.00 291.00
286.00 345.00 241.00 298.00
283.00 336.00 253.00 273.00
282.00 340.00 262.00 255.00
273.00 334.00 258.00 298.00
293.00 344.00 245.00 284.00
289.00 320.00 241.00 265.00
282.00 327.00 248.00 277.00
300.00 327.00 254.00 272.00
284.00 345.00 227.00 269.00
285.00 344.00 212.00 278.00
288.00 340.00 242.00 277.00
289.00 335.00 242.00 267.00
269.00 362.00 230.00 270.00
283.00 350.00 229.00 280.00
275.00 366.00 216.00 274.00
248.00 370.00 211.00 259.00
285.00 386.00 209.00 278.00
282.00 384.00 243.00 254.00
273.00 381.00 209.00 287.00
262.00 379.00 225.00 258.00
267.00 385.00 239.00 273.00
268.00 363.00 243.00 303.00
274.00 372.00 238.00 278.00
285.00 378.00 239.00 289.00
291.00 345.00 215.00 303.00
267.00 358.00 244.00 284.00
289.00 380.00 256.00 255.00
265.00 362.00 253.00 256.00
279.00 363.00 263.00 296.00
293.00 355.00 243.00 284.00
307.00 367.00 243.00 263.00
280.00 370.00 261.00 258.00
286.00 368.00 247.00 219.00
285.00 339.00 249.00 282.00
272.00 341.00 227.00 294.00
259.00 330.00 232.00 271.00
268.00 336.00 236.00 242.00
264.00 308.00 231.00 256.00
273.00 293.00 239.00 271.00
266.00 293.00 236.00 255.00
251.00 299.00 223.00 253.00
262.00 282.00 227.00 249.00
262.00 288.00 231.00 265.00
264.00 292.00 225.00 274.00
259.00 280.00 234.00 280.00
263.00 293.00 232.00 280.00
269.00 304.00 240.00 254.00
255.00 289.00 251.00 253.00
265.00 278.00 241.00 269.00
259.00 278.00 248.00 260.00
245.00 269.00 248.00 247.00
249.00 284.00 248.00 259.00
248.00 260.00 235.00 274.00
234.00 292.00 225.00 284.00
237.00 291.00 218.00 264.00
234.00 318.00 248.00 248.00
244.00 310.00 217.00 239.00
246.00 315.00 244.00 277.00
242.00 301.00 224.00 267.00
250.00 314.00 235.00 275.00
257.00 303.00 227.00 265.00
258.00 283.00 224.00 297.00
248.00 296.00 247.00 279.00
245.00 291.00 251.00 284.00
243.00 288.00 249.00 271.00
237.00 295.00 245.00 273.00
236.00 280.00 244.00 273.00
231.00 256.00 230.00 261.00
228.00 248.00 242.00 260.00
229.00 256.00 224.00 261.00
229.00 242.00 212.00 258.00
231.00 235.00 214.00 262.00
229.00 241.00 225.00 265.00
226.00 247.00 227.00 266.00
223.00 234.00 227.00 266.00
223.00 234.00 226.00 266.00
225.00 243.00 238.00 266.00
220.00 245.00 235.00 266.00
221.00 245.00 224.00 266.00
227.00 240.00 225.00 264.00
225.00 239.00 240.00 258.00
222.00 240.00 229.00 264.00
224.00 244.00 226.00 266.00
219.00 243.00 210.00 267.00
217.00 239.00 221.00 264.00
217.00 244.00 212.00 256.00
210.00 248.00 214.00 261.00
211.00 250.00 212.00 260.00
207.00 250.00 209.00 257.00
204.00 249.00 204.00 248.00
203.00 246.00 206.00 244.00
204.00 245.00 192.00 248.00
205.00 248.00 196.00 254.00
225.00 248.00 198.00 263.00
212.00 253.00 194.00 252.00
207.00 241.00 194.00 246.00
210.00 250.00 195.00 237.00
209.00 240.00 186.00 232.00
217.00 253.00 192.00 248.00
211.00 248.00 193.00 244.00
