21.00 210.00 44.00 30.00
20.00 207.00 48.00 28.00
18.00 201.00 50.00 28.00
17.00 210.00 50.00 28.00
20.00 220.00 51.00 29.00
16.00 176.00 47.00 21.00
14.00 59.00 75.00 20.00
17.00 31.00 103.00 21.00
17.00 28.00 127.00 19.00
17.00 25.00 162.00 24.00
20.00 30.00 194.00 25.00
18.00 27.00 202.00 28.00
17.00 24.00 231.00 45.00
24.00 22.00 219.00 53.00
20.00 19.00 212.00 80.00
43.00 23.00 220.00 91.00
50.00 29.00 219.00 101.00
53.00 24.00 213.00 116.00
61.00 35.00 224.00 147.00
81.00 37.00 216.00 169.00
109.00 42.00 219.00 203.00
154.00 50.00 214.00 204.00
191.00 35.00 218.00 214.00
198.00 45.00 220.00 220.00
211.00 57.00 218.00 222.00
223.00 61.00 227.00 225.00
218.00 56.00 225.00 215.00
228.00 40.00 208.00 235.00
228.00 53.00 222.00 224.00
230.00 49.00 214.00 229.00
222.00 46.00 214.00 214.00
247.00 64.00 219.00 217.00
233.00 51.00 212.00 206.00
230.00 57.00 217.00 214.00
237.00 74.00 214.00 202.00
234.00 64.00 218.00 201.00
232.00 68.00 193.00 201.00
213.00 66.00 182.00 191.00
205.00 67.00 185.00 192.00
201.00 71.00 180.00 193.00
196.00 82.00 201.00 200.00
203.00 77.00 195.00 210.00
213.00 113.00 226.00 219.00
221.00 140.00 219.00 206.00
207.00 198.00 216.00 204.00
223.00 200.00 212.00 218.00
227.00 232.00 237.00 207.00
231.00 249.00 193.00 202.00
256.00 243.00 239.00 208.00
247.00 215.00 239.00 210.00
253.00 214.00 211.00 221.00
215.00 211.00 215.00 191.00
235.00 227.00 207.00 210.00
227.00 197.00 230.00 203.00
201.00 230.00 210.00 242.00
217.00 213.00 199.00 202.00
220.00 195.00 196.00 209.00
241.00 197.00 222.00 252.00
251.00 233.00 232.00 236.00
219.00 196.00 201.00 219.00
222.00 210.00 213.00 211.00
254.00 235.00 226.00 215.00
222.00 222.00 213.00 239.00
237.00 191.00 197.00 220.00
220.00 217.00 175.00 208.00
227.00 225.00 210.00 203.00
253.00 200.00 195.00 223.00
215.00 228.00 222.00 238.00
268.00 222.00 224.00 201.00
249.00 226.00 221.00 213.00
230.00 237.00 180.00 245.00
240.00 205.00 173.00 260.00
266.00 200.00 188.00 216.00
253.00 217.00 192.00 214.00
248.00 195.00 213.00 227.00
235.00 247.00 201.00 221.00
205.00 211.00 202.00 235.00
225.00 204.00 178.00 242.00
218.00 217.00 225.00 237.00
232.00 241.00 219.00 235.00
224.00 217.00 209.00 234.00
255.00 217.00 220.00 237.00
243.00 226.00 229.00 223.00
245.00 242.00 221.00 232.00
226.00 211.00 187.00 214.00
236.00 217.00 186.00 205.00
243.00 208.00 169.00 205.00
206.00 215.00 176.00 198.00
202.00 210.00 188.00 241.00
206.00 194.00 186.00 201.00
243.00 231.00 221.00 202.00
263.00 240.00 228.00 228.00
272.00 249.00 220.00 235.00
258.00 240.00 222.00 228.00
226.00 191.00 181.00 225.00
224.00 218.00 209.00 228.00
235.00 211.00 199.00 238.00
228.00 225.00 201.00 223.00
242.00 237.00 199.00 237.00
221.00 236.00 185.00 235.00
203.00 227.00 203.00 206.00
205.00 218.00 176.00 217.00
220.00 228.00 209.00 220.00
241.00 226.00 181.00 211.00
249.00 216.00 185.00 241.00
212.00 218.00 202.00 243.00
214.00 232.00 182.00 239.00
240.00 232.00 215.00 237.00
255.00 232.00 224.00 241.00
255.00 237.00 213.00 243.00
265.00 228.00 204.00 241.00
243.00 236.00 202.00 205.00
253.00 249.00 198.00 195.00
259.00 243.00 236.00 239.00
265.00 256.00 241.00 240.00
251.00 257.00 232.00 250.00
264.00 252.00 207.00 238.00
250.00 249.00 230.00 244.00
268.00 237.00 226.00 230.00
248.00 230.00 206.00 219.00
242.00 229.00 210.00 233.00
249.00 226.00 209.00 224.00
246.00 235.00 199.00 214.00
251.00 209.00 202.00 199.00
242.00 220.00 202.00 220.00
227.00 212.00 211.00 232.00
254.00 221.00 192.00 196.00
206.00 205.00 185.00 189.00
230.00 222.00 216.00 208.00
239.00 214.00 174.00 200.00
195.00 224.00 179.00 221.00
203.00 218.00 181.00 204.00
192.00 197.00 203.00 231.00
199.00 234.00 193.00 198.00
180.00 196.00 183.00 207.00
185.00 185.00 190.00 215.00
195.00 206.00 207.00 211.00
210.00 223.00 201.00 222.00
226.00 209.00 185.00 193.00
185.00 203.00 178.00 199.00
179.00 219.00 175.00 197.00
165.00 182.00 193.00 214.00
181.00 201.00 188.00 220.00
179.00 200.00 200.00 227.00
197.00 199.00 194.00 208.00
173.00 192.00 189.00 213.00
180.00 184.00 192.00 201.00
177.00 175.00 182.00 199.00
172.00 174.00 174.00 198.00
172.00 174.00 184.00 189.00
170.00 177.00 178.00 183.00
170.00 175.00 176.00 198.00
164.00 177.00 166.00 200.00
173.00 174.00 167.00 198.00
187.00 177.00 165.00 208.00
184.00 188.00 166.00 202.00
205.00 186.00 168.00 222.00
203.00 189.00 188.00 208.00
208.00 169.00 167.00 206.00
182.00 165.00 166.00 206.00
178.00 164.00 165.00 199.00
173.00 163.00 161.00 190.00
165.00 163.00 159.00 184.00
160.00 161.00 159.00 182.00
164.00 160.00 162.00 179.00
166.00 156.00 161.00 181.00
171.00 162.00 164.00 179.00
168.00 156.00 159.00 175.00
168.00 157.00 163.00 177.00
174.00 154.00 160.00 176.00
171.00 123.00 118.00 59.00
91.00 110.00 97.00 97.00
90.00 121.00 96.00 95.00
97.00 121.00 100.00 99.00
95.00 123.00 100.00 98.00
91.00 128.00 101.00 100.00
