36.00 218.00 66.00 86.00
34.00 213.00 65.00 87.00
29.00 212.00 65.00 89.00
41.00 236.00 65.00 87.00
36.00 237.00 66.00 87.00
40.00 227.00 68.00 91.00
38.00 231.00 66.00 95.00
40.00 231.00 67.00 94.00
36.00 223.00 68.00 92.00
39.00 226.00 66.00 92.00
30.00 227.00 67.00 92.00
44.00 230.00 67.00 99.00
44.00 237.00 71.00 102.00
41.00 239.00 86.00 117.00
54.00 248.00 108.00 167.00
72.00 256.00 138.00 253.00
96.00 249.00 197.00 249.00
151.00 249.00 236.00 248.00
199.00 254.00 236.00 248.00
242.00 259.00 256.00 251.00
244.00 274.00 259.00 267.00
260.00 263.00 258.00 272.00
255.00 269.00 252.00 262.00
268.00 252.00 265.00 259.00
257.00 265.00 266.00 269.00
266.00 247.00 256.00 279.00
248.00 265.00 264.00 284.00
262.00 267.00 260.00 284.00
255.00 278.00 262.00 286.00
264.00 264.00 255.00 281.00
266.00 259.00 255.00 280.00
263.00 270.00 252.00 271.00
280.00 258.00 256.00 265.00
235.00 254.00 254.00 267.00
245.00 257.00 259.00 270.00
258.00 273.00 252.00 270.00
252.00 269.00 253.00 263.00
248.00 268.00 251.00 281.00
256.00 282.00 267.00 295.00
262.00 278.00 264.00 270.00
220.00 270.00 261.00 280.00
266.00 279.00 273.00 294.00
275.00 284.00 269.00 305.00
281.00 290.00 272.00 285.00
272.00 304.00 271.00 287.00
283.00 276.00 275.00 288.00
279.00 294.00 276.00 287.00
276.00 304.00 277.00 282.00
269.00 291.00 262.00 281.00
269.00 286.00 269.00 274.00
271.00 286.00 267.00 267.00
261.00 264.00 247.00 262.00
264.00 253.00 259.00 263.00
266.00 251.00 261.00 274.00
273.00 261.00 267.00 262.00
255.00 263.00 248.00 276.00
260.00 290.00 258.00 281.00
277.00 273.00 266.00 288.00
279.00 280.00 253.00 281.00
263.00 247.00 262.00 275.00
271.00 273.00 265.00 281.00
269.00 281.00 266.00 283.00
283.00 287.00 279.00 292.00
287.00 271.00 274.00 281.00
279.00 265.00 271.00 279.00
268.00 262.00 257.00 272.00
271.00 250.00 250.00 278.00
255.00 251.00 253.00 262.00
252.00 258.00 250.00 262.00
263.00 255.00 252.00 261.00
267.00 238.00 244.00 256.00
257.00 256.00 247.00 262.00
264.00 251.00 258.00 260.00
271.00 247.00 247.00 264.00
255.00 248.00 261.00 257.00
277.00 274.00 254.00 281.00
279.00 277.00 253.00 295.00
282.00 250.00 255.00 275.00
275.00 275.00 263.00 275.00
291.00 266.00 238.00 282.00
283.00 277.00 266.00 288.00
282.00 264.00 255.00 272.00
273.00 259.00 251.00 272.00
293.00 264.00 256.00 289.00
293.00 270.00 254.00 286.00
290.00 278.00 255.00 282.00
289.00 264.00 256.00 264.00
277.00 263.00 262.00 288.00
287.00 258.00 262.00 266.00
276.00 261.00 253.00 298.00
284.00 254.00 257.00 269.00
273.00 279.00 250.00 273.00
274.00 262.00 246.00 275.00
278.00 265.00 250.00 281.00
281.00 261.00 265.00 281.00
293.00 268.00 266.00 265.00
276.00 252.00 254.00 273.00
290.00 261.00 262.00 288.00
292.00 265.00 280.00 301.00
285.00 267.00 283.00 294.00
289.00 262.00 259.00 288.00
267.00 246.00 266.00 285.00
276.00 253.00 259.00 267.00
278.00 263.00 231.00 277.00
277.00 234.00 256.00 268.00
271.00 260.00 246.00 259.00
267.00 234.00 244.00 262.00
279.00 249.00 245.00 265.00
271.00 239.00 241.00 263.00
280.00 245.00 266.00 272.00
264.00 227.00 253.00 269.00
288.00 260.00 256.00 274.00
271.00 273.00 254.00 277.00
287.00 270.00 256.00 276.00
294.00 267.00 237.00 282.00
289.00 259.00 248.00 286.00
290.00 265.00 256.00 285.00
283.00 269.00 244.00 281.00
287.00 261.00 245.00 267.00
274.00 264.00 262.00 249.00
266.00 241.00 264.00 267.00
281.00 260.00 266.00 285.00
276.00 253.00 263.00 282.00
272.00 251.00 270.00 277.00
277.00 249.00 240.00 264.00
271.00 251.00 236.00 249.00
257.00 243.00 252.00 248.00
256.00 233.00 235.00 245.00
263.00 234.00 235.00 268.00
265.00 257.00 238.00 267.00
277.00 251.00 251.00 273.00
275.00 267.00 250.00 270.00
265.00 275.00 248.00 266.00
296.00 255.00 258.00 275.00
283.00 256.00 264.00 280.00
275.00 273.00 267.00 279.00
269.00 287.00 257.00 278.00
288.00 263.00 245.00 281.00
285.00 263.00 259.00 267.00
261.00 253.00 251.00 277.00
293.00 263.00 265.00 284.00
300.00 275.00 258.00 272.00
276.00 258.00 252.00 270.00
272.00 248.00 247.00 261.00
280.00 253.00 246.00 254.00
266.00 230.00 236.00 255.00
267.00 231.00 237.00 242.00
257.00 264.00 236.00 256.00
270.00 275.00 240.00 257.00
270.00 253.00 236.00 256.00
264.00 241.00 230.00 244.00
266.00 251.00 242.00 259.00
277.00 250.00 242.00 253.00
266.00 242.00 244.00 259.00
275.00 248.00 237.00 251.00
259.00 242.00 250.00 257.00
244.00 234.00 237.00 263.00
244.00 246.00 246.00 252.00
253.00 232.00 251.00 233.00
247.00 238.00 227.00 243.00
276.00 239.00 232.00 250.00
266.00 235.00 252.00 257.00
269.00 270.00 251.00 255.00
265.00 244.00 237.00 258.00
271.00 263.00 245.00 257.00
272.00 268.00 263.00 253.00
278.00 259.00 254.00 256.00
267.00 266.00 246.00 254.00
264.00 265.00 260.00 258.00
266.00 259.00 251.00 239.00
268.00 258.00 247.00 229.00
259.00 243.00 243.00 230.00
273.00 238.00 233.00 236.00
268.00 260.00 228.00 232.00
258.00 249.00 228.00 229.00
272.00 234.00 240.00 230.00
260.00 256.00 237.00 226.00
254.00 248.00 232.00 212.00
247.00 241.00 248.00 209.00
237.00 244.00 235.00 209.00
238.00 247.00 233.00 210.00
238.00 254.00 239.00 203.00
223.00 252.00 227.00 208.00
221.00 256.00 227.00 203.00
218.00 253.00 244.00 209.00
213.00 256.00 228.00 210.00
210.00 235.00 229.00 203.00
199.00 247.00 226.00 199.00
209.00 246.00 213.00 210.00
201.00 226.00 231.00 229.00
186.00 236.00 233.00 226.00
183.00 229.00 224.00 224.00
176.00 239.00 224.00 210.00
175.00 239.00 230.00 208.00
174.00 227.00 222.00 209.00
174.00 225.00 224.00 208.00
170.00 231.00 216.00 218.00
171.00 236.00 215.00 207.00
165.00 234.00 231.00 204.00
164.00 234.00 232.00 202.00
163.00 227.00 240.00 204.00
165.00 244.00 240.00 203.00
163.00 253.00 237.00 219.00
163.00 229.00 226.00 222.00
161.00 230.00 222.00 219.00
160.00 250.00 231.00 220.00
160.00 245.00 231.00 223.00
158.00 255.00 233.00 223.00
157.00 239.00 243.00 215.00
159.00 247.00 227.00 244.00
164.00 242.00 224.00 221.00
160.00 242.00 227.00 245.00
160.00 219.00 229.00 241.00
157.00 225.00 208.00 217.00
154.00 215.00 205.00 209.00
153.00 223.00 230.00 211.00
152.00 227.00 228.00 211.00
155.00 228.00 217.00 218.00
154.00 217.00 224.00 222.00
153.00 211.00 230.00 213.00
156.00 216.00 220.00 213.00
158.00 225.00 220.00 209.00
156.00 229.00 222.00 213.00
157.00 219.00 217.00 218.00
154.00 217.00 229.00 212.00
156.00 208.00 217.00 212.00
157.00 213.00 226.00 209.00
157.00 208.00 233.00 209.00
154.00 202.00 231.00 210.00
155.00 227.00 238.00 209.00
156.00 227.00 225.00 211.00
157.00 227.00 216.00 212.00
155.00 221.00 231.00 210.00
151.00 220.00 211.00 204.00
148.00 228.00 214.00 198.00
148.00 233.00 223.00 197.00
147.00 225.00 211.00 195.00
145.00 216.00 201.00 190.00
144.00 201.00 201.00 185.00
142.00 205.00 187.00 183.00
141.00 204.00 183.00 180.00
139.00 200.00 174.00 176.00
138.00 181.00 171.00 172.00
136.00 169.00 174.00 171.00
137.00 174.00 172.00 170.00
136.00 172.00 176.00 170.00
136.00 164.00 179.00 169.00
135.00 156.00 168.00 169.00
135.00 152.00 171.00 169.00
135.00 149.00 166.00 168.00
134.00 147.00 163.00 168.00
132.00 145.00 158.00 169.00
134.00 141.00 152.00 170.00
133.00 144.00 157.00 170.00
135.00 141.00 154.00 170.00
136.00 142.00 148.00 171.00
135.00 138.00 146.00 168.00
135.00 138.00 142.00 170.00
