94.00 27.00 189.00 10.00
91.00 25.00 191.00 10.00
88.00 24.00 188.00 56.00
89.00 27.00 191.00 11.00
87.00 29.00 191.00 45.00
85.00 27.00 190.00 11.00
83.00 32.00 190.00 11.00
85.00 24.00 188.00 51.00
83.00 24.00 191.00 63.00
83.00 25.00 195.00 61.00
83.00 25.00 192.00 54.00
86.00 29.00 196.00 15.00
91.00 37.00 200.00 19.00
119.00 43.00 194.00 19.00
155.00 65.00 219.00 35.00
275.00 122.00 199.00 35.00
288.00 225.00 196.00 179.00
275.00 279.00 200.00 39.00
293.00 280.00 212.00 41.00
282.00 271.00 202.00 36.00
282.00 267.00 243.00 202.00
283.00 281.00 248.00 40.00
285.00 280.00 258.00 40.00
307.00 301.00 252.00 259.00
245.00 282.00 258.00 29.00
201.00 245.00 249.00 25.00
73.00 203.00 256.00 22.00
48.00 96.00 110.00 91.00
57.00 71.00 89.00 53.00
42.00 35.00 50.00 40.00
31.00 26.00 42.00 32.00
24.00 19.00 36.00 25.00
22.00 17.00 31.00 20.00
16.00 6.00 17.00 6.00
22.00 16.00 15.00 5.00
4.00 2.00 13.00 5.00
4.00 1.00 12.00 4.00
3.00 1.00 12.00 3.00
3.00 1.00 12.00 3.00
3.00 0.00 9.00 3.00
2.00 0.00 9.00 3.00
3.00 0.00 8.00 2.00
41.00 36.00 30.00 106.00
248.00 53.00 93.00 169.00
269.00 67.00 171.00 240.00
273.00 139.00 207.00 236.00
300.00 191.00 214.00 231.00
229.00 183.00 192.00 228.00
215.00 169.00 186.00 217.00
215.00 150.00 178.00 208.00
198.00 130.00 171.00 193.00
160.00 117.00 167.00 199.00
139.00 103.00 173.00 190.00
123.00 94.00 172.00 180.00
116.00 76.00 171.00 170.00
100.00 64.00 169.00 151.00
82.00 58.00 169.00 131.00
67.00 50.00 167.00 114.00
52.00 39.00 170.00 104.00
39.00 30.00 169.00 94.00
33.00 24.00 169.00 85.00
49.00 20.00 168.00 79.00
79.00 18.00 166.00 73.00
70.00 18.00 166.00 70.00
79.00 19.00 166.00 68.00
101.00 16.00 168.00 63.00
127.00 23.00 169.00 62.00
147.00 23.00 171.00 64.00
144.00 40.00 193.00 77.00
175.00 48.00 195.00 112.00
237.00 78.00 220.00 185.00
256.00 77.00 217.00 240.00
267.00 150.00 244.00 248.00
273.00 239.00 241.00 280.00
266.00 208.00 211.00 236.00
258.00 245.00 257.00 267.00
243.00 242.00 233.00 284.00
290.00 266.00 232.00 261.00
270.00 246.00 232.00 265.00
263.00 248.00 235.00 277.00
260.00 229.00 225.00 253.00
241.00 255.00 231.00 249.00
274.00 240.00 235.00 272.00
268.00 255.00 239.00 256.00
256.00 231.00 229.00 253.00
203.00 235.00 228.00 250.00
225.00 237.00 226.00 269.00
257.00 233.00 231.00 266.00
267.00 246.00 239.00 284.00
245.00 241.00 234.00 282.00
218.00 238.00 241.00 265.00
229.00 221.00 231.00 260.00
252.00 264.00 244.00 257.00
287.00 270.00 239.00 264.00
288.00 278.00 242.00 271.00
286.00 276.00 235.00 269.00
263.00 255.00 253.00 279.00
215.00 240.00 243.00 294.00
260.00 263.00 241.00 290.00
269.00 253.00 240.00 276.00
231.00 246.00 234.00 271.00
267.00 239.00 228.00 244.00
254.00 260.00 229.00 244.00
271.00 241.00 222.00 256.00
257.00 239.00 225.00 249.00
254.00 258.00 237.00 238.00
244.00 230.00 226.00 245.00
243.00 252.00 228.00 260.00
255.00 234.00 235.00 254.00
272.00 258.00 240.00 250.00
248.00 268.00 234.00 241.00
246.00 237.00 240.00 262.00
250.00 260.00 242.00 265.00
208.00 257.00 237.00 273.00
268.00 238.00 234.00 277.00
240.00 253.00 237.00 272.00
238.00 230.00 232.00 267.00
238.00 242.00 237.00 248.00
244.00 268.00 233.00 254.00
231.00 242.00 237.00 257.00
227.00 239.00 232.00 251.00
199.00 231.00 239.00 264.00
212.00 262.00 243.00 266.00
206.00 272.00 229.00 263.00
240.00 265.00 247.00 263.00
242.00 268.00 292.00 266.00
262.00 278.00 247.00 279.00
229.00 279.00 246.00 289.00
274.00 283.00 249.00 274.00
260.00 252.00 236.00 256.00
236.00 239.00 248.00 261.00
205.00 222.00 246.00 267.00
200.00 216.00 247.00 240.00
171.00 206.00 233.00 242.00
164.00 191.00 240.00 250.00
160.00 203.00 232.00 232.00
187.00 220.00 228.00 254.00
159.00 217.00 228.00 254.00
165.00 210.00 229.00 241.00
162.00 192.00 227.00 256.00
170.00 202.00 226.00 242.00
155.00 192.00 221.00 239.00
150.00 186.00 233.00 227.00
159.00 179.00 234.00 234.00
141.00 187.00 230.00 241.00
94.00 189.00 229.00 229.00
101.00 188.00 232.00 220.00
83.00 162.00 59.00 60.00
37.00 65.00 30.00 24.00
18.00 38.00 17.00 21.00
13.00 27.00 13.00 17.00
11.00 21.00 10.00 10.00
9.00 16.00 8.00 7.00
8.00 12.00 7.00 6.00
7.00 7.00 7.00 5.00
6.00 5.00 6.00 5.00
5.00 4.00 5.00 4.00
5.00 3.00 5.00 4.00
5.00 3.00 6.00 4.00
24.00 35.00 47.00 115.00
42.00 55.00 43.00 132.00
52.00 68.00 65.00 219.00
82.00 70.00 77.00 216.00
100.00 81.00 86.00 196.00
129.00 62.00 92.00 193.00
123.00 28.00 72.00 188.00
104.00 24.00 68.00 172.00
89.00 28.00 70.00 151.00
76.00 26.00 71.00 167.00
67.00 31.00 66.00 166.00
56.00 26.00 63.00 163.00
45.00 22.00 69.00 165.00
37.00 23.00 68.00 164.00
30.00 20.00 69.00 164.00
24.00 25.00 68.00 163.00
19.00 23.00 72.00 164.00
18.00 21.00 70.00 165.00
18.00 20.00 71.00 161.00
16.00 17.00 73.00 160.00
15.00 16.00 71.00 163.00
15.00 16.00 74.00 188.00
15.00 16.00 71.00 214.00
15.00 16.00 75.00 210.00
15.00 16.00 74.00 203.00
16.00 18.00 75.00 170.00
17.00 20.00 72.00 163.00
19.00 32.00 75.00 195.00
26.00 37.00 86.00 195.00
37.00 78.00 98.00 228.00
69.00 139.00 107.00 224.00
107.00 210.00 114.00 245.00
126.00 266.00 120.00 254.00
142.00 271.00 122.00 256.00
164.00 263.00 118.00 239.00
237.00 245.00 122.00 251.00
233.00 245.00 133.00 244.00
240.00 225.00 142.00 232.00
255.00 244.00 158.00 255.00
238.00 217.00 166.00 249.00
249.00 245.00 176.00 240.00
238.00 231.00 200.00 263.00
256.00 214.00 206.00 265.00
267.00 251.00 205.00 268.00
252.00 259.00 208.00 250.00
260.00 245.00 211.00 256.00
260.00 252.00 215.00 254.00
261.00 264.00 212.00 255.00
255.00 244.00 206.00 246.00
258.00 254.00 202.00 254.00
261.00 253.00 196.00 260.00
226.00 249.00 195.00 260.00
234.00 255.00 195.00 242.00
232.00 262.00 196.00 242.00
236.00 247.00 198.00 242.00
252.00 221.00 197.00 203.00
142.00 62.00 106.00 28.00
105.00 23.00 100.00 21.00
74.00 12.00 90.00 19.00
49.00 11.00 87.00 16.00
31.00 9.00 86.00 15.00
18.00 9.00 79.00 13.00
9.00 8.00 74.00 13.00
7.00 7.00 70.00 12.00
7.00 8.00 69.00 12.00
6.00 7.00 68.00 11.00
