135.00 211.00 210.00 215.00
139.00 212.00 211.00 216.00
147.00 214.00 208.00 211.00
154.00 212.00 202.00 210.00
164.00 212.00 213.00 210.00
170.00 210.00 218.00 205.00
174.00 209.00 213.00 213.00
179.00 216.00 232.00 203.00
193.00 212.00 208.00 208.00
204.00 208.00 217.00 200.00
203.00 207.00 208.00 201.00
202.00 209.00 209.00 194.00
202.00 208.00 195.00 199.00
203.00 207.00 193.00 195.00
192.00 201.00 211.00 200.00
208.00 216.00 215.00 199.00
208.00 215.00 191.00 197.00
203.00 219.00 209.00 204.00
195.00 214.00 210.00 202.00
206.00 215.00 205.00 194.00
202.00 220.00 195.00 191.00
206.00 219.00 194.00 187.00
200.00 211.00 208.00 188.00
195.00 208.00 214.00 190.00
192.00 209.00 210.00 187.00
200.00 201.00 216.00 195.00
197.00 204.00 199.00 196.00
196.00 202.00 206.00 192.00
199.00 201.00 193.00 192.00
195.00 199.00 185.00 188.00
194.00 199.00 200.00 195.00
200.00 196.00 185.00 186.00
198.00 201.00 197.00 192.00
212.00 177.00 206.00 198.00
209.00 180.00 216.00 213.00
207.00 202.00 212.00 188.00
220.00 199.00 214.00 191.00
192.00 203.00 190.00 190.00
210.00 192.00 197.00 191.00
210.00 206.00 196.00 201.00
207.00 209.00 204.00 180.00
209.00 211.00 204.00 174.00
203.00 213.00 208.00 198.00
204.00 214.00 203.00 195.00
219.00 215.00 185.00 194.00
217.00 209.00 185.00 179.00
211.00 219.00 181.00 175.00
206.00 210.00 198.00 201.00
208.00 198.00 194.00 188.00
217.00 203.00 205.00 185.00
208.00 209.00 184.00 180.00
210.00 213.00 201.00 191.00
206.00 206.00 197.00 186.00
202.00 209.00 174.00 178.00
222.00 208.00 199.00 191.00
201.00 211.00 199.00 190.00
216.00 205.00 198.00 183.00
208.00 209.00 190.00 176.00
206.00 204.00 195.00 185.00
208.00 223.00 182.00 190.00
223.00 193.00 196.00 192.00
210.00 185.00 192.00 183.00
208.00 196.00 197.00 193.00
209.00 193.00 200.00 190.00
208.00 196.00 199.00 182.00
210.00 206.00 206.00 183.00
204.00 206.00 201.00 223.00
218.00 210.00 178.00 196.00
218.00 214.00 186.00 191.00
216.00 211.00 206.00 203.00
224.00 212.00 206.00 197.00
211.00 203.00 197.00 187.00
218.00 198.00 182.00 187.00
204.00 204.00 203.00 186.00
202.00 203.00 177.00 184.00
197.00 207.00 180.00 188.00
201.00 208.00 179.00 188.00
207.00 210.00 176.00 192.00
203.00 195.00 185.00 191.00
207.00 208.00 190.00 187.00
208.00 208.00 189.00 191.00
206.00 202.00 187.00 189.00
210.00 205.00 185.00 188.00
205.00 205.00 194.00 194.00
205.00 209.00 193.00 187.00
209.00 196.00 193.00 186.00
213.00 201.00 196.00 199.00
203.00 199.00 187.00 201.00
207.00 215.00 199.00 192.00
191.00 213.00 186.00 187.00
206.00 211.00 194.00 203.00
211.00 203.00 193.00 193.00
219.00 212.00 191.00 192.00
211.00 207.00 198.00 193.00
212.00 198.00 188.00 205.00
215.00 203.00 196.00 187.00
223.00 217.00 199.00 191.00
212.00 209.00 199.00 195.00
200.00 203.00 195.00 202.00
203.00 209.00 218.00 190.00
210.00 208.00 190.00 192.00
213.00 205.00 186.00 205.00
211.00 208.00 194.00 192.00
210.00 206.00 208.00 198.00
203.00 205.00 201.00 204.00
206.00 206.00 199.00 200.00
204.00 214.00 197.00 195.00
201.00 215.00 193.00 189.00
209.00 227.00 193.00 191.00
196.00 212.00 199.00 191.00
208.00 206.00 206.00 193.00
205.00 198.00 210.00 201.00
206.00 204.00 207.00 197.00
215.00 213.00 201.00 191.00
215.00 217.00 184.00 196.00
213.00 217.00 200.00 199.00
229.00 217.00 195.00 197.00
214.00 216.00 204.00 188.00
219.00 222.00 196.00 223.00
220.00 208.00 196.00 198.00
219.00 215.00 205.00 188.00
223.00 214.00 194.00 188.00
223.00 219.00 197.00 187.00
220.00 210.00 202.00 199.00
217.00 214.00 198.00 192.00
205.00 217.00 201.00 191.00
213.00 215.00 192.00 199.00
217.00 213.00 207.00 204.00
213.00 214.00 194.00 207.00
211.00 213.00 194.00 189.00
219.00 209.00 195.00 198.00
210.00 208.00 192.00 201.00
208.00 216.00 207.00 200.00
198.00 198.00 186.00 201.00
208.00 204.00 193.00 218.00
199.00 206.00 192.00 215.00
210.00 212.00 184.00 190.00
200.00 195.00 185.00 202.00
168.00 215.00 192.00 202.00
203.00 196.00 201.00 214.00
207.00 213.00 204.00 211.00
197.00 218.00 209.00 216.00
200.00 217.00 214.00 213.00
202.00 216.00 200.00 191.00
205.00 213.00 207.00 209.00
199.00 204.00 201.00 211.00
200.00 194.00 197.00 208.00
181.00 190.00 195.00 200.00
188.00 193.00 199.00 193.00
197.00 201.00 201.00 209.00
215.00 206.00 203.00 213.00
207.00 198.00 214.00 199.00
189.00 201.00 197.00 200.00
197.00 191.00 199.00 194.00
205.00 194.00 200.00 191.00
190.00 188.00 194.00 190.00
204.00 199.00 202.00 204.00
198.00 194.00 189.00 211.00
202.00 196.00 193.00 201.00
194.00 203.00 203.00 203.00
210.00 202.00 207.00 213.00
205.00 207.00 197.00 215.00
201.00 203.00 196.00 214.00
206.00 210.00 200.00 219.00
224.00 217.00 205.00 199.00
207.00 205.00 192.00 192.00
185.00 202.00 191.00 184.00
191.00 189.00 201.00 197.00
194.00 186.00 191.00 193.00
203.00 195.00 186.00 200.00
189.00 203.00 192.00 192.00
190.00 193.00 191.00 199.00
202.00 190.00 199.00 191.00
189.00 194.00 191.00 202.00
207.00 196.00 207.00 210.00
193.00 195.00 194.00 193.00
204.00 193.00 204.00 194.00
198.00 202.00 185.00 205.00
197.00 204.00 187.00 193.00
204.00 204.00 208.00 192.00
206.00 205.00 196.00 202.00
198.00 208.00 188.00 201.00
199.00 203.00 184.00 198.00
197.00 201.00 175.00 195.00
190.00 205.00 173.00 191.00
198.00 202.00 178.00 176.00
178.00 205.00 170.00 180.00
191.00 205.00 161.00 181.00
190.00 204.00 165.00 194.00
198.00 204.00 183.00 213.00
205.00 205.00 179.00 207.00
207.00 202.00 179.00 157.00
184.00 198.00 177.00 211.00
190.00 197.00 180.00 186.00
203.00 200.00 179.00 184.00
191.00 186.00 172.00 195.00
193.00 189.00 176.00 181.00
189.00 199.00 175.00 188.00
202.00 207.00 190.00 184.00
212.00 213.00 177.00 195.00
206.00 208.00 166.00 192.00
208.00 206.00 178.00 182.00
201.00 203.00 182.00 183.00
200.00 208.00 168.00 190.00
203.00 192.00 173.00 198.00
202.00 197.00 176.00 176.00
191.00 194.00 174.00 183.00
183.00 199.00 166.00 187.00
193.00 201.00 169.00 183.00
193.00 204.00 177.00 188.00
200.00 209.00 161.00 190.00
207.00 205.00 181.00 190.00
200.00 207.00 166.00 188.00
200.00 204.00 169.00 192.00
202.00 208.00 167.00 190.00
193.00 220.00 161.00 184.00
212.00 228.00 170.00 187.00
181.00 211.00 158.00 184.00
190.00 199.00 156.00 181.00
175.00 191.00 150.00 183.00
201.00 201.00 158.00 186.00
198.00 203.00 146.00 179.00
213.00 210.00 148.00 186.00
201.00 206.00 149.00 196.00
195.00 207.00 153.00 197.00
190.00 204.00 160.00 182.00
172.00 203.00 160.00 187.00
207.00 208.00 176.00 185.00
129.00 209.00 158.00 185.00
198.00 205.00 171.00 175.00
190.00 207.00 156.00 182.00
189.00 207.00 167.00 204.00
187.00 208.00 156.00 181.00
174.00 210.00 164.00 180.00
152.00 207.00 192.00 180.00
130.00 207.00 188.00 178.00
158.00 205.00 187.00 182.00
208.00 188.00 164.00 197.00
203.00 213.00 158.00 180.00
202.00 196.00 146.00 193.00
201.00 182.00 152.00 183.00
199.00 182.00 163.00 177.00
190.00 186.00 165.00 192.00
97.00 200.00 151.00 188.00
157.00 206.00 189.00 197.00
202.00 197.00 160.00 196.00
209.00 213.00 151.00 194.00
210.00 215.00 186.00 199.00
129.00 222.00 184.00 217.00
208.00 214.00 170.00 200.00
222.00 216.00 166.00 194.00
202.00 213.00 165.00 195.00
195.00 216.00 183.00 175.00
160.00 210.00 169.00 179.00
189.00 230.00 184.00 184.00
205.00 215.00 162.00 198.00
205.00 215.00 175.00 172.00
199.00 207.00 153.00 172.00
187.00 207.00 176.00 183.00
192.00 204.00 165.00 178.00
137.00 200.00 164.00 174.00
190.00 201.00 156.00 177.00
192.00 200.00 161.00 172.00
185.00 198.00 165.00 171.00
186.00 202.00 165.00 168.00
193.00 199.00 174.00 176.00
171.00 188.00 175.00 183.00
136.00 192.00 174.00 170.00
190.00 194.00 175.00 176.00
188.00 191.00 172.00 174.00
130.00 193.00 197.00 190.00
184.00 182.00 172.00 200.00
180.00 179.00 171.00 177.00
168.00 188.00 184.00 191.00
174.00 184.00 168.00 183.00
173.00 184.00 148.00 175.00
171.00 182.00 191.00 171.00
185.00 181.00 193.00 175.00
156.00 184.00 186.00 174.00
181.00 172.00 182.00 170.00
163.00 178.00 186.00 184.00
172.00 174.00 188.00 176.00
167.00 176.00 184.00 180.00
154.00 180.00 182.00 177.00
157.00 190.00 182.00 176.00
159.00 192.00 182.00 187.00
159.00 186.00 175.00 170.00
159.00 174.00 169.00 168.00
155.00 164.00 179.00 167.00
156.00 162.00 169.00 164.00
161.00 163.00 166.00 167.00
164.00 166.00 161.00 170.00
163.00 168.00 164.00 164.00
168.00 161.00 168.00 171.00
165.00 159.00 171.00 172.00
167.00 158.00 172.00 171.00
164.00 157.00 168.00 164.00
162.00 156.00 159.00 161.00
163.00 156.00 149.00 161.00
164.00 156.00 142.00 155.00
163.00 156.00 140.00 158.00
166.00 157.00 140.00 162.00
164.00 156.00 141.00 161.00
165.00 157.00 143.00 160.00
162.00 155.00 151.00 162.00
166.00 152.00 66.00 61.00
47.00 48.00 34.00 33.00
77.00 49.00 45.00 41.00
28.00 9.00 27.00 40.00
44.00 26.00 27.00 22.00
47.00 16.00 33.00 37.00
44.00 14.00 32.00 37.00
39.00 11.00 33.00 44.00
51.00 17.00 27.00 32.00
48.00 20.00 32.00 2.00
45.00 21.00 17.00 23.00
28.00 47.00 52.00 133.00
41.00 46.00 44.00 185.00
57.00 76.00 80.00 253.00
142.00 69.00 244.00 234.00
161.00 29.00 243.00 203.00
152.00 23.00 225.00 201.00
150.00 23.00 245.00 195.00
146.00 21.00 240.00 195.00
146.00 20.00 232.00 195.00
145.00 20.00 227.00 195.00
147.00 20.00 227.00 195.00
148.00 21.00 226.00 196.00
148.00 22.00 224.00 195.00
