252.00 279.00 247.00 259.00
243.00 274.00 241.00 259.00
245.00 266.00 244.00 253.00
240.00 263.00 243.00 249.00
233.00 269.00 238.00 252.00
233.00 272.00 238.00 249.00
238.00 261.00 244.00 236.00
233.00 258.00 234.00 231.00
237.00 260.00 234.00 226.00
227.00 260.00 235.00 226.00
228.00 262.00 232.00 224.00
223.00 263.00 235.00 228.00
231.00 265.00 229.00 222.00
233.00 269.00 230.00 224.00
232.00 250.00 230.00 222.00
228.00 264.00 235.00 221.00
225.00 246.00 240.00 228.00
233.00 286.00 258.00 253.00
240.00 293.00 265.00 281.00
249.00 280.00 267.00 281.00
265.00 305.00 261.00 288.00
260.00 278.00 276.00 284.00
275.00 290.00 273.00 282.00
262.00 300.00 275.00 295.00
285.00 329.00 264.00 294.00
273.00 328.00 266.00 298.00
259.00 320.00 261.00 305.00
274.00 302.00 260.00 271.00
269.00 308.00 267.00 289.00
280.00 299.00 269.00 269.00
276.00 297.00 283.00 310.00
257.00 291.00 267.00 291.00
276.00 300.00 267.00 295.00
272.00 290.00 269.00 280.00
247.00 280.00 268.00 274.00
267.00 299.00 274.00 276.00
265.00 283.00 261.00 272.00
263.00 278.00 266.00 279.00
254.00 271.00 263.00 296.00
246.00 294.00 248.00 277.00
257.00 281.00 255.00 277.00
258.00 282.00 272.00 279.00
254.00 282.00 250.00 266.00
251.00 277.00 251.00 273.00
261.00 296.00 270.00 270.00
248.00 285.00 243.00 265.00
243.00 296.00 254.00 255.00
245.00 276.00 243.00 279.00
249.00 269.00 257.00 269.00
251.00 289.00 258.00 276.00
247.00 279.00 239.00 269.00
250.00 283.00 254.00 256.00
257.00 282.00 243.00 270.00
258.00 281.00 242.00 290.00
249.00 277.00 256.00 275.00
247.00 284.00 252.00 263.00
259.00 281.00 256.00 275.00
235.00 288.00 241.00 271.00
248.00 285.00 264.00 287.00
247.00 293.00 268.00 267.00
245.00 290.00 268.00 267.00
242.00 284.00 256.00 270.00
253.00 280.00 263.00 274.00
254.00 292.00 248.00 275.00
229.00 288.00 254.00 272.00
234.00 270.00 252.00 274.00
230.00 277.00 248.00 273.00
231.00 265.00 250.00 265.00
226.00 273.00 249.00 272.00
239.00 271.00 241.00 260.00
244.00 277.00 256.00 266.00
235.00 262.00 242.00 269.00
242.00 273.00 255.00 264.00
228.00 270.00 259.00 261.00
248.00 263.00 249.00 266.00
245.00 264.00 253.00 266.00
256.00 272.00 244.00 275.00
236.00 274.00 256.00 278.00
233.00 267.00 242.00 258.00
244.00 276.00 273.00 259.00
244.00 282.00 242.00 262.00
232.00 273.00 252.00 271.00
227.00 271.00 253.00 266.00
225.00 261.00 258.00 278.00
228.00 273.00 263.00 266.00
252.00 257.00 261.00 283.00
248.00 281.00 252.00 263.00
220.00 269.00 252.00 258.00
225.00 271.00 251.00 272.00
227.00 274.00 243.00 271.00
229.00 252.00 252.00 269.00
221.00 269.00 241.00 267.00
235.00 263.00 254.00 266.00
240.00 271.00 251.00 262.00
223.00 247.00 242.00 275.00
235.00 274.00 259.00 279.00
242.00 260.00 258.00 276.00
256.00 277.00 262.00 270.00
235.00 278.00 262.00 282.00
258.00 262.00 256.00 272.00
245.00 273.00 263.00 272.00
239.00 270.00 240.00 271.00
241.00 267.00 234.00 259.00
222.00 248.00 232.00 274.00
189.00 248.00 244.00 254.00
183.00 229.00 238.00 269.00
199.00 245.00 220.00 261.00
202.00 235.00 240.00 269.00
201.00 257.00 239.00 270.00
208.00 254.00 230.00 265.00
205.00 240.00 222.00 272.00
200.00 259.00 223.00 275.00
204.00 251.00 209.00 252.00
208.00 260.00 239.00 262.00
215.00 256.00 255.00 246.00
206.00 250.00 237.00 225.00
208.00 256.00 231.00 211.00
204.00 252.00 224.00 239.00
188.00 247.00 210.00 239.00
180.00 251.00 204.00 224.00
175.00 257.00 204.00 206.00
175.00 253.00 192.00 199.00
172.00 244.00 183.00 195.00
171.00 265.00 189.00 192.00
167.00 250.00 180.00 186.00
170.00 231.00 176.00 188.00
168.00 232.00 190.00 189.00
168.00 228.00 183.00 188.00
167.00 230.00 184.00 185.00
170.00 233.00 186.00 186.00
165.00 232.00 182.00 180.00
166.00 231.00 179.00 180.00
162.00 221.00 176.00 175.00
158.00 219.00 175.00 173.00
158.00 219.00 174.00 172.00
155.00 215.00 170.00 169.00
156.00 227.00 167.00 168.00
153.00 228.00 167.00 166.00
155.00 213.00 163.00 166.00
153.00 215.00 163.00 164.00
154.00 216.00 163.00 163.00
