21.00 22.00 78.00 223.00
20.00 22.00 76.00 218.00
21.00 23.00 74.00 219.00
20.00 23.00 73.00 222.00
20.00 23.00 73.00 218.00
20.00 23.00 79.00 222.00
21.00 25.00 78.00 226.00
21.00 26.00 78.00 217.00
22.00 28.00 78.00 221.00
21.00 24.00 72.00 217.00
21.00 26.00 75.00 225.00
21.00 26.00 78.00 226.00
25.00 28.00 80.00 236.00
27.00 32.00 95.00 239.00
27.00 31.00 118.00 224.00
28.00 36.00 124.00 241.00
30.00 30.00 152.00 248.00
69.00 38.00 191.00 242.00
116.00 50.00 205.00 262.00
188.00 72.00 210.00 259.00
201.00 85.00 207.00 252.00
192.00 118.00 208.00 252.00
208.00 130.00 239.00 253.00
221.00 132.00 229.00 249.00
228.00 151.00 232.00 270.00
246.00 190.00 257.00 279.00
235.00 210.00 266.00 266.00
220.00 212.00 257.00 266.00
238.00 208.00 251.00 243.00
229.00 219.00 256.00 248.00
226.00 230.00 254.00 267.00
237.00 235.00 261.00 262.00
252.00 228.00 258.00 257.00
244.00 226.00 263.00 261.00
249.00 218.00 260.00 262.00
249.00 219.00 259.00 265.00
230.00 224.00 267.00 267.00
229.00 231.00 261.00 257.00
236.00 257.00 271.00 254.00
247.00 253.00 261.00 262.00
254.00 224.00 261.00 259.00
258.00 229.00 247.00 255.00
239.00 234.00 243.00 258.00
239.00 246.00 248.00 268.00
257.00 243.00 254.00 259.00
240.00 235.00 243.00 251.00
229.00 233.00 237.00 259.00
243.00 228.00 251.00 262.00
248.00 222.00 264.00 256.00
262.00 273.00 268.00 258.00
246.00 258.00 254.00 254.00
229.00 241.00 268.00 247.00
200.00 235.00 241.00 253.00
229.00 234.00 243.00 253.00
248.00 231.00 241.00 254.00
238.00 249.00 259.00 259.00
211.00 247.00 257.00 251.00
223.00 236.00 254.00 257.00
257.00 226.00 254.00 234.00
213.00 240.00 256.00 252.00
252.00 243.00 262.00 250.00
283.00 240.00 261.00 262.00
232.00 239.00 259.00 261.00
192.00 236.00 264.00 257.00
243.00 240.00 232.00 250.00
204.00 267.00 262.00 270.00
245.00 256.00 243.00 266.00
237.00 240.00 244.00 263.00
262.00 239.00 246.00 256.00
250.00 252.00 243.00 261.00
249.00 271.00 258.00 255.00
255.00 263.00 258.00 249.00
224.00 269.00 261.00 252.00
230.00 259.00 237.00 242.00
244.00 248.00 259.00 251.00
265.00 257.00 264.00 257.00
225.00 282.00 274.00 235.00
237.00 259.00 254.00 253.00
232.00 246.00 250.00 262.00
226.00 250.00 254.00 247.00
228.00 240.00 272.00 271.00
261.00 250.00 264.00 272.00
206.00 249.00 260.00 267.00
259.00 253.00 252.00 250.00
233.00 232.00 234.00 235.00
220.00 259.00 253.00 239.00
222.00 256.00 249.00 257.00
258.00 269.00 252.00 260.00
211.00 268.00 251.00 266.00
220.00 276.00 253.00 246.00
257.00 267.00 242.00 237.00
209.00 259.00 242.00 231.00
249.00 252.00 249.00 248.00
232.00 254.00 270.00 251.00
218.00 274.00 262.00 248.00
233.00 257.00 258.00 253.00
213.00 261.00 257.00 259.00
257.00 238.00 241.00 252.00
183.00 258.00 258.00 255.00
248.00 262.00 277.00 271.00
249.00 263.00 256.00 253.00
236.00 249.00 261.00 242.00
216.00 256.00 252.00 255.00
216.00 249.00 252.00 257.00
214.00 245.00 249.00 254.00
203.00 269.00 260.00 264.00
244.00 260.00 267.00 264.00
256.00 243.00 256.00 254.00
237.00 243.00 246.00 241.00
258.00 229.00 258.00 234.00
220.00 255.00 242.00 235.00
251.00 241.00 257.00 265.00
265.00 278.00 262.00 258.00
235.00 275.00 271.00 253.00
213.00 274.00 261.00 243.00
187.00 265.00 238.00 239.00
216.00 241.00 258.00 235.00
226.00 274.00 249.00 252.00
171.00 270.00 248.00 250.00
216.00 273.00 273.00 262.00
214.00 266.00 262.00 241.00
257.00 241.00 256.00 225.00
206.00 253.00 250.00 234.00
204.00 246.00 246.00 259.00
204.00 251.00 255.00 259.00
198.00 277.00 275.00 269.00
222.00 264.00 268.00 254.00
243.00 264.00 248.00 255.00
232.00 263.00 246.00 243.00
195.00 243.00 256.00 258.00
222.00 237.00 255.00 238.00
249.00 238.00 263.00 265.00
275.00 251.00 257.00 248.00
249.00 250.00 262.00 240.00
239.00 260.00 241.00 240.00
254.00 249.00 250.00 243.00
251.00 252.00 252.00 239.00
226.00 273.00 253.00 236.00
229.00 256.00 268.00 256.00
251.00 261.00 264.00 264.00
195.00 273.00 260.00 243.00
199.00 271.00 254.00 242.00
219.00 265.00 246.00 253.00
235.00 249.00 253.00 230.00
188.00 253.00 236.00 247.00
240.00 276.00 263.00 247.00
251.00 257.00 246.00 238.00
239.00 254.00 254.00 232.00
201.00 254.00 231.00 236.00
231.00 257.00 242.00 239.00
251.00 247.00 222.00 267.00
271.00 257.00 243.00 245.00
255.00 249.00 212.00 251.00
235.00 259.00 251.00 248.00
243.00 268.00 247.00 223.00
192.00 247.00 244.00 250.00
245.00 269.00 245.00 246.00
221.00 257.00 264.00 242.00
198.00 253.00 254.00 254.00
200.00 260.00 245.00 232.00
211.00 253.00 244.00 230.00
225.00 241.00 242.00 258.00
223.00 273.00 240.00 235.00
202.00 264.00 252.00 241.00
206.00 259.00 248.00 243.00
206.00 254.00 243.00 239.00
198.00 258.00 256.00 250.00
253.00 261.00 256.00 236.00
230.00 270.00 256.00 252.00
230.00 268.00 236.00 239.00
196.00 260.00 222.00 248.00
204.00 250.00 241.00 249.00
204.00 255.00 240.00 257.00
256.00 255.00 235.00 256.00
227.00 271.00 248.00 251.00
240.00 256.00 249.00 250.00
235.00 259.00 217.00 234.00
216.00 241.00 225.00 227.00
205.00 261.00 253.00 232.00
218.00 274.00 252.00 252.00
215.00 274.00 243.00 241.00
199.00 269.00 244.00 248.00
227.00 253.00 229.00 240.00
184.00 259.00 219.00 235.00
200.00 269.00 214.00 249.00
186.00 261.00 211.00 248.00
208.00 252.00 211.00 241.00
213.00 254.00 196.00 241.00
199.00 239.00 194.00 240.00
201.00 242.00 193.00 238.00
195.00 251.00 205.00 255.00
198.00 252.00 207.00 252.00
227.00 248.00 196.00 241.00
199.00 235.00 195.00 243.00
203.00 234.00 190.00 239.00
203.00 233.00 193.00 242.00
210.00 248.00 200.00 250.00
214.00 247.00 193.00 228.00
207.00 252.00 187.00 226.00
178.00 232.00 188.00 237.00
198.00 235.00 187.00 236.00
175.00 229.00 186.00 237.00
195.00 232.00 185.00 240.00
194.00 224.00 188.00 244.00
207.00 232.00 199.00 244.00
199.00 239.00 196.00 244.00
200.00 220.00 193.00 237.00
193.00 219.00 189.00 239.00
215.00 223.00 188.00 238.00
199.00 228.00 191.00 237.00
199.00 226.00 200.00 251.00
217.00 237.00 202.00 242.00
204.00 236.00 199.00 230.00
192.00 224.00 191.00 236.00
205.00 228.00 189.00 233.00
207.00 220.00 192.00 237.00
192.00 235.00 199.00 241.00
211.00 241.00 196.00 239.00
204.00 239.00 195.00 244.00
202.00 220.00 191.00 244.00
199.00 214.00 187.00 240.00
197.00 221.00 193.00 234.00
199.00 219.00 191.00 235.00
219.00 230.00 204.00 241.00
211.00 233.00 199.00 236.00
210.00 234.00 194.00 228.00
209.00 224.00 192.00 228.00
184.00 220.00 179.00 215.00
192.00 233.00 187.00 219.00
218.00 234.00 189.00 231.00
210.00 232.00 186.00 230.00
210.00 215.00 185.00 230.00
204.00 221.00 192.00 235.00
209.00 231.00 201.00 241.00
210.00 245.00 193.00 233.00
199.00 232.00 188.00 233.00
198.00 228.00 178.00 230.00
201.00 216.00 180.00 229.00
195.00 229.00 187.00 236.00
205.00 236.00 186.00 237.00
213.00 238.00 185.00 220.00
195.00 219.00 183.00 226.00
201.00 225.00 184.00 224.00
204.00 220.00 195.00 228.00
216.00 233.00 194.00 229.00
222.00 227.00 194.00 220.00
223.00 216.00 182.00 209.00
212.00 207.00 171.00 202.00
206.00 201.00 174.00 198.00
195.00 203.00 175.00 212.00
201.00 227.00 178.00 206.00
195.00 225.00 174.00 198.00
188.00 216.00 170.00 195.00
184.00 217.00 169.00 191.00
183.00 211.00 168.00 190.00
187.00 201.00 169.00 190.00
190.00 222.00 171.00 197.00
191.00 221.00 173.00 189.00
195.00 210.00 171.00 186.00
187.00 209.00 166.00 183.00
184.00 211.00 164.00 181.00
184.00 209.00 162.00 179.00
184.00 210.00 163.00 184.00
183.00 214.00 163.00 186.00
188.00 218.00 172.00 185.00
187.00 217.00 170.00 184.00
186.00 210.00 166.00 179.00
182.00 209.00 164.00 176.00
179.00 206.00 162.00 176.00
177.00 204.00 162.00 175.00
178.00 204.00 161.00 176.00
177.00 211.00 162.00 180.00
178.00 219.00 170.00 180.00
181.00 214.00 167.00 181.00
177.00 214.00 165.00 178.00
173.00 209.00 161.00 177.00
170.00 211.00 159.00 176.00
168.00 210.00 158.00 176.00
166.00 207.00 159.00 177.00
167.00 215.00 157.00 177.00
165.00 216.00 159.00 184.00
173.00 208.00 164.00 186.00
170.00 216.00 163.00 178.00
171.00 213.00 160.00 182.00
170.00 213.00 159.00 177.00
167.00 211.00 157.00 175.00
165.00 215.00 157.00 172.00
162.00 215.00 156.00 176.00
163.00 217.00 160.00 177.00
170.00 214.00 162.00 177.00
167.00 219.00 159.00 176.00
163.00 215.00 158.00 173.00
161.00 214.00 155.00 173.00
156.00 215.00 155.00 171.00
156.00 213.00 154.00 173.00
153.00 209.00 158.00 176.00
166.00 215.00 159.00 171.00
161.00 217.00 155.00 171.00
154.00 211.00 154.00 168.00
153.00 210.00 152.00 169.00
152.00 210.00 153.00 166.00
149.00 213.00 153.00 169.00
151.00 217.00 160.00 173.00
157.00 221.00 158.00 171.00
155.00 214.00 154.00 167.00
151.00 209.00 152.00 163.00
148.00 211.00 149.00 162.00
145.00 208.00 152.00 165.00
147.00 213.00 152.00 169.00
151.00 218.00 160.00 166.00
153.00 216.00 156.00 167.00
149.00 212.00 153.00 166.00
150.00 215.00 151.00 161.00
146.00 213.00 150.00 160.00
144.00 216.00 148.00 162.00
146.00 214.00 150.00 164.00
147.00 215.00 156.00 169.00
150.00 215.00 155.00 164.00
149.00 215.00 153.00 162.00
144.00 209.00 149.00 160.00
142.00 210.00 149.00 159.00
139.00 212.00 147.00 160.00
141.00 211.00 151.00 161.00
148.00 216.00 155.00 162.00
145.00 198.00 151.00 161.00
141.00 194.00 145.00 159.00
137.00 191.00 144.00 158.00
136.00 189.00 143.00 158.00
134.00 189.00 145.00 157.00
137.00 188.00 146.00 158.00
141.00 192.00 149.00 159.00
139.00 190.00 146.00 159.00
135.00 185.00 145.00 156.00
135.00 186.00 143.00 155.00
