57.00 69.00 230.00 218.00
60.00 68.00 227.00 206.00
69.00 70.00 218.00 229.00
75.00 71.00 218.00 220.00
85.00 75.00 218.00 228.00
91.00 77.00 221.00 209.00
95.00 79.00 219.00 225.00
100.00 84.00 226.00 223.00
103.00 90.00 232.00 225.00
107.00 94.00 228.00 222.00
112.00 96.00 227.00 219.00
110.00 96.00 225.00 214.00
107.00 97.00 225.00 216.00
112.00 98.00 222.00 232.00
117.00 106.00 224.00 211.00
126.00 113.00 232.00 171.00
125.00 165.00 229.00 49.00
95.00 80.00 47.00 23.00
56.00 56.00 34.00 32.00
52.00 51.00 35.00 32.00
51.00 48.00 37.00 32.00
50.00 45.00 37.00 33.00
42.00 35.00 31.00 31.00
38.00 28.00 18.00 51.00
69.00 49.00 39.00 56.00
74.00 55.00 31.00 63.00
81.00 51.00 108.00 80.00
102.00 66.00 176.00 90.00
90.00 73.00 232.00 79.00
123.00 206.00 255.00 276.00
132.00 251.00 223.00 238.00
146.00 265.00 259.00 242.00
146.00 271.00 244.00 221.00
129.00 293.00 218.00 223.00
146.00 290.00 226.00 241.00
161.00 242.00 255.00 252.00
154.00 233.00 246.00 238.00
196.00 273.00 261.00 244.00
234.00 259.00 252.00 220.00
234.00 267.00 247.00 228.00
217.00 234.00 252.00 198.00
229.00 241.00 244.00 236.00
230.00 229.00 242.00 225.00
223.00 231.00 242.00 254.00
223.00 233.00 254.00 237.00
222.00 226.00 247.00 218.00
222.00 247.00 239.00 218.00
230.00 226.00 243.00 216.00
236.00 260.00 231.00 205.00
236.00 243.00 240.00 221.00
226.00 248.00 238.00 223.00
230.00 254.00 248.00 218.00
235.00 262.00 241.00 218.00
223.00 254.00 228.00 220.00
222.00 275.00 220.00 204.00
243.00 252.00 247.00 216.00
249.00 267.00 233.00 230.00
242.00 252.00 219.00 202.00
257.00 269.00 248.00 211.00
210.00 219.00 204.00 208.00
220.00 229.00 232.00 222.00
244.00 236.00 235.00 199.00
230.00 228.00 218.00 220.00
208.00 223.00 230.00 211.00
215.00 269.00 231.00 218.00
228.00 248.00 214.00 204.00
200.00 226.00 217.00 181.00
215.00 227.00 211.00 182.00
214.00 245.00 210.00 199.00
234.00 217.00 200.00 188.00
207.00 220.00 211.00 181.00
219.00 238.00 228.00 192.00
240.00 199.00 212.00 169.00
224.00 238.00 216.00 178.00
206.00 202.00 212.00 220.00
233.00 240.00 225.00 214.00
211.00 223.00 240.00 197.00
197.00 228.00 245.00 210.00
220.00 221.00 219.00 210.00
217.00 238.00 234.00 206.00
204.00 233.00 227.00 205.00
205.00 225.00 217.00 204.00
209.00 224.00 227.00 210.00
214.00 226.00 222.00 211.00
205.00 226.00 228.00 202.00
215.00 236.00 225.00 208.00
221.00 236.00 237.00 212.00
213.00 249.00 225.00 196.00
218.00 245.00 228.00 193.00
197.00 231.00 237.00 184.00
205.00 226.00 234.00 189.00
209.00 221.00 220.00 197.00
225.00 221.00 220.00 203.00
219.00 227.00 224.00 211.00
206.00 236.00 244.00 210.00
223.00 235.00 240.00 202.00
214.00 216.00 221.00 194.00
207.00 226.00 206.00 218.00
208.00 221.00 217.00 226.00
198.00 208.00 213.00 218.00
206.00 214.00 214.00 223.00
198.00 217.00 228.00 221.00
202.00 212.00 236.00 229.00
202.00 201.00 212.00 211.00
201.00 209.00 207.00 210.00
208.00 204.00 204.00 213.00
206.00 239.00 214.00 223.00
216.00 222.00 227.00 224.00
217.00 209.00 237.00 230.00
225.00 216.00 229.00 232.00
226.00 209.00 216.00 223.00
218.00 202.00 212.00 210.00
215.00 200.00 213.00 217.00
215.00 208.00 210.00 209.00
211.00 212.00 216.00 222.00
212.00 211.00 224.00 223.00
213.00 197.00 235.00 217.00
233.00 223.00 220.00 218.00
211.00 188.00 194.00 208.00
195.00 203.00 211.00 211.00
215.00 209.00 208.00 214.00
203.00 205.00 225.00 212.00
215.00 206.00 214.00 207.00
189.00 217.00 209.00 208.00
178.00 224.00 219.00 204.00
176.00 225.00 202.00 199.00
178.00 221.00 201.00 201.00
192.00 201.00 198.00 201.00
196.00 201.00 208.00 208.00
188.00 208.00 204.00 209.00
195.00 226.00 216.00 217.00
204.00 220.00 228.00 221.00
205.00 238.00 214.00 216.00
203.00 206.00 215.00 217.00
203.00 199.00 204.00 208.00
201.00 196.00 208.00 207.00
202.00 203.00 209.00 215.00
209.00 213.00 205.00 211.00
195.00 216.00 203.00 210.00
190.00 202.00 196.00 193.00
224.00 223.00 209.00 195.00
195.00 214.00 222.00 213.00
209.00 224.00 200.00 202.00
186.00 237.00 194.00 200.00
193.00 193.00 200.00 203.00
199.00 180.00 206.00 201.00
201.00 212.00 210.00 218.00
198.00 227.00 203.00 214.00
178.00 208.00 215.00 195.00
177.00 218.00 232.00 208.00
204.00 229.00 188.00 211.00
206.00 208.00 220.00 213.00
194.00 197.00 208.00 211.00
203.00 186.00 224.00 207.00
