224.00 53.00 86.00 248.00
219.00 53.00 106.00 253.00
228.00 54.00 139.00 260.00
219.00 54.00 212.00 264.00
223.00 53.00 243.00 255.00
219.00 51.00 240.00 250.00
214.00 54.00 240.00 255.00
196.00 53.00 245.00 257.00
194.00 62.00 258.00 272.00
212.00 60.00 258.00 262.00
207.00 57.00 249.00 255.00
206.00 54.00 236.00 258.00
210.00 64.00 244.00 266.00
223.00 93.00 259.00 260.00
212.00 94.00 248.00 257.00
219.00 108.00 246.00 246.00
224.00 97.00 228.00 252.00
235.00 114.00 257.00 261.00
248.00 129.00 253.00 251.00
238.00 134.00 230.00 263.00
227.00 157.00 230.00 261.00
236.00 203.00 249.00 265.00
260.00 246.00 246.00 275.00
241.00 233.00 249.00 261.00
259.00 256.00 235.00 268.00
247.00 268.00 246.00 270.00
249.00 267.00 260.00 292.00
273.00 281.00 252.00 290.00
270.00 283.00 254.00 269.00
243.00 252.00 240.00 276.00
260.00 269.00 250.00 277.00
261.00 281.00 255.00 277.00
268.00 298.00 258.00 293.00
252.00 290.00 251.00 266.00
255.00 268.00 254.00 264.00
238.00 296.00 251.00 273.00
228.00 276.00 255.00 282.00
249.00 269.00 247.00 286.00
266.00 259.00 251.00 264.00
245.00 237.00 246.00 275.00
253.00 282.00 248.00 276.00
274.00 263.00 231.00 259.00
242.00 236.00 231.00 245.00
220.00 256.00 236.00 264.00
238.00 272.00 264.00 277.00
241.00 257.00 258.00 268.00
241.00 251.00 246.00 263.00
211.00 266.00 238.00 269.00
225.00 267.00 246.00 268.00
245.00 281.00 256.00 256.00
240.00 263.00 249.00 256.00
235.00 258.00 252.00 252.00
234.00 252.00 252.00 258.00
233.00 254.00 256.00 263.00
256.00 271.00 259.00 262.00
248.00 260.00 257.00 263.00
223.00 273.00 269.00 260.00
241.00 265.00 267.00 253.00
227.00 276.00 272.00 253.00
246.00 259.00 254.00 259.00
239.00 274.00 263.00 267.00
255.00 277.00 276.00 268.00
236.00 284.00 262.00 264.00
225.00 264.00 257.00 255.00
234.00 294.00 246.00 249.00
237.00 271.00 263.00 245.00
231.00 261.00 263.00 265.00
250.00 285.00 263.00 266.00
239.00 273.00 259.00 262.00
252.00 267.00 251.00 257.00
257.00 280.00 251.00 243.00
244.00 262.00 246.00 257.00
232.00 273.00 247.00 250.00
274.00 260.00 272.00 278.00
252.00 288.00 266.00 270.00
259.00 272.00 255.00 270.00
255.00 249.00 249.00 269.00
245.00 270.00 245.00 266.00
234.00 258.00 240.00 274.00
251.00 252.00 270.00 284.00
248.00 278.00 267.00 276.00
242.00 271.00 264.00 267.00
254.00 249.00 257.00 258.00
245.00 270.00 255.00 268.00
233.00 265.00 267.00 280.00
262.00 280.00 266.00 264.00
227.00 273.00 262.00 253.00
252.00 256.00 265.00 256.00
227.00 267.00 262.00 254.00
232.00 271.00 268.00 271.00
248.00 272.00 275.00 275.00
259.00 280.00 260.00 247.00
230.00 267.00 246.00 261.00
241.00 270.00 242.00 249.00
239.00 251.00 255.00 242.00
225.00 264.00 255.00 250.00
252.00 288.00 260.00 263.00
251.00 247.00 261.00 267.00
256.00 278.00 256.00 284.00
229.00 268.00 251.00 260.00
229.00 278.00 248.00 272.00
234.00 275.00 251.00 269.00
227.00 252.00 243.00 254.00
234.00 263.00 247.00 251.00
225.00 265.00 250.00 262.00
230.00 262.00 250.00 259.00
236.00 275.00 261.00 274.00
267.00 288.00 265.00 260.00
240.00 254.00 253.00 267.00
254.00 260.00 269.00 273.00
245.00 271.00 256.00 255.00
239.00 283.00 246.00 250.00
231.00 262.00 252.00 259.00
239.00 281.00 244.00 249.00
237.00 263.00 237.00 249.00
236.00 252.00 252.00 262.00
241.00 265.00 268.00 269.00
250.00 272.00 261.00 261.00
239.00 258.00 255.00 259.00
224.00 277.00 248.00 266.00
240.00 261.00 249.00 236.00
226.00 251.00 252.00 247.00
211.00 272.00 249.00 250.00
250.00 261.00 263.00 268.00
235.00 286.00 259.00 266.00
233.00 256.00 249.00 258.00
233.00 261.00 245.00 246.00
216.00 237.00 252.00 247.00
209.00 264.00 243.00 251.00
239.00 272.00 263.00 257.00
248.00 264.00 255.00 275.00
238.00 261.00 245.00 252.00
215.00 244.00 253.00 256.00
244.00 276.00 251.00 268.00
245.00 262.00 253.00 251.00
234.00 264.00 249.00 258.00
235.00 269.00 257.00 249.00
238.00 265.00 260.00 256.00
244.00 263.00 249.00 260.00
225.00 263.00 263.00 241.00
245.00 265.00 245.00 236.00
240.00 256.00 254.00 234.00
216.00 270.00 251.00 250.00
242.00 270.00 263.00 255.00
236.00 260.00 255.00 248.00
220.00 262.00 253.00 253.00
227.00 254.00 244.00 256.00
241.00 258.00 242.00 246.00
223.00 273.00 253.00 259.00
243.00 276.00 255.00 256.00
246.00 256.00 237.00 250.00
249.00 252.00 241.00 246.00
224.00 267.00 233.00 249.00
211.00 248.00 243.00 239.00
229.00 272.00 249.00 264.00
234.00 284.00 252.00 265.00
236.00 279.00 252.00 260.00
237.00 268.00 245.00 266.00
227.00 270.00 243.00 260.00
219.00 258.00 241.00 246.00
246.00 261.00 236.00 236.00
253.00 247.00 237.00 245.00
246.00 262.00 252.00 271.00
269.00 261.00 256.00 263.00
241.00 251.00 244.00 246.00
229.00 251.00 237.00 241.00
228.00 242.00 239.00 244.00
225.00 259.00 233.00 236.00
233.00 250.00 240.00 228.00
230.00 265.00 253.00 246.00
260.00 264.00 249.00 256.00
248.00 260.00 242.00 236.00
242.00 265.00 250.00 239.00
219.00 239.00 235.00 231.00
223.00 244.00 242.00 230.00
224.00 240.00 230.00 236.00
229.00 259.00 255.00 247.00
213.00 264.00 238.00 248.00
241.00 270.00 232.00 242.00
237.00 235.00 219.00 231.00
249.00 241.00 226.00 226.00
221.00 247.00 235.00 224.00
240.00 248.00 236.00 245.00
230.00 267.00 242.00 248.00
234.00 255.00 245.00 249.00
244.00 249.00 233.00 228.00
209.00 235.00 227.00 233.00
222.00 262.00 227.00 234.00
248.00 280.00 230.00 224.00
204.00 271.00 238.00 251.00
220.00 272.00 227.00 244.00
209.00 259.00 220.00 233.00
206.00 257.00 218.00 231.00
193.00 239.00 224.00 244.00
218.00 270.00 222.00 237.00
236.00 253.00 218.00 220.00
205.00 237.00 216.00 222.00
204.00 249.00 217.00 227.00
236.00 262.00 233.00 236.00
207.00 260.00 223.00 224.00
230.00 245.00 218.00 220.00
225.00 251.00 219.00 220.00
196.00 262.00 235.00 233.00
232.00 260.00 224.00 228.00
234.00 250.00 223.00 219.00
232.00 252.00 223.00 215.00
235.00 264.00 218.00 231.00
224.00 245.00 229.00 223.00
216.00 258.00 221.00 224.00
206.00 245.00 225.00 222.00
236.00 255.00 221.00 224.00
217.00 270.00 228.00 232.00
224.00 269.00 226.00 233.00
220.00 247.00 220.00 227.00
217.00 240.00 216.00 221.00
225.00 240.00 217.00 222.00
223.00 252.00 229.00 225.00
229.00 253.00 215.00 215.00
214.00 249.00 213.00 207.00
201.00 238.00 208.00 196.00
188.00 233.00 204.00 197.00
186.00 234.00 214.00 203.00
199.00 250.00 218.00 199.00
188.00 221.00 207.00 193.00
181.00 218.00 207.00 190.00
173.00 210.00 198.00 189.00
167.00 201.00 197.00 190.00
169.00 206.00 200.00 197.00
173.00 209.00 189.00 190.00
171.00 208.00 187.00 188.00
166.00 201.00 181.00 181.00
159.00 194.00 180.00 180.00
156.00 191.00 177.00 180.00
157.00 201.00 181.00 183.00
156.00 200.00 187.00 186.00
154.00 189.00 173.00 178.00
149.00 173.00 169.00 177.00
145.00 169.00 168.00 176.00
142.00 166.00 167.00 176.00
140.00 167.00 169.00 174.00
141.00 182.00 171.00 181.00
145.00 191.00 173.00 176.00
145.00 186.00 170.00 176.00
142.00 185.00 166.00 171.00
139.00 185.00 164.00 170.00
