29.00 175.00 26.00 10.00
35.00 192.00 31.00 12.00
35.00 242.00 37.00 15.00
56.00 244.00 38.00 17.00
64.00 243.00 41.00 28.00
76.00 237.00 55.00 93.00
105.00 249.00 78.00 130.00
141.00 245.00 101.00 234.00
186.00 254.00 116.00 238.00
217.00 254.00 130.00 230.00
247.00 261.00 137.00 242.00
255.00 257.00 142.00 244.00
247.00 267.00 186.00 263.00
257.00 305.00 220.00 270.00
278.00 293.00 243.00 281.00
269.00 271.00 260.00 294.00
265.00 274.00 234.00 270.00
264.00 286.00 255.00 250.00
259.00 269.00 271.00 253.00
273.00 278.00 263.00 272.00
261.00 272.00 263.00 268.00
269.00 265.00 258.00 249.00
276.00 276.00 246.00 251.00
260.00 248.00 244.00 269.00
276.00 265.00 241.00 253.00
259.00 276.00 238.00 273.00
264.00 272.00 241.00 260.00
261.00 268.00 240.00 265.00
272.00 257.00 240.00 274.00
280.00 278.00 247.00 265.00
269.00 264.00 247.00 265.00
273.00 267.00 247.00 264.00
274.00 240.00 225.00 270.00
278.00 276.00 252.00 267.00
281.00 272.00 258.00 276.00
293.00 275.00 265.00 238.00
272.00 254.00 237.00 254.00
310.00 261.00 248.00 256.00
287.00 252.00 240.00 264.00
272.00 257.00 241.00 243.00
285.00 255.00 236.00 241.00
314.00 264.00 246.00 268.00
291.00 261.00 244.00 268.00
286.00 223.00 234.00 252.00
275.00 268.00 241.00 238.00
278.00 275.00 258.00 251.00
276.00 264.00 245.00 246.00
276.00 238.00 249.00 250.00
295.00 263.00 256.00 247.00
316.00 240.00 285.00 258.00
316.00 294.00 303.00 280.00
297.00 220.00 273.00 240.00
280.00 262.00 272.00 251.00
286.00 265.00 267.00 252.00
263.00 269.00 268.00 225.00
267.00 277.00 265.00 279.00
315.00 265.00 273.00 266.00
276.00 260.00 264.00 247.00
258.00 256.00 268.00 296.00
243.00 267.00 268.00 255.00
267.00 272.00 276.00 245.00
279.00 268.00 280.00 269.00
282.00 269.00 283.00 250.00
302.00 273.00 268.00 248.00
283.00 288.00 264.00 226.00
257.00 214.00 262.00 248.00
272.00 280.00 266.00 236.00
272.00 271.00 265.00 235.00
275.00 262.00 269.00 252.00
266.00 261.00 263.00 232.00
265.00 260.00 266.00 243.00
277.00 239.00 263.00 231.00
272.00 262.00 264.00 238.00
241.00 272.00 259.00 234.00
248.00 270.00 260.00 227.00
230.00 261.00 260.00 250.00
267.00 269.00 255.00 234.00
254.00 257.00 260.00 247.00
269.00 267.00 263.00 237.00
264.00 275.00 258.00 254.00
266.00 267.00 263.00 233.00
234.00 238.00 260.00 243.00
260.00 255.00 255.00 243.00
268.00 259.00 260.00 240.00
272.00 258.00 264.00 236.00
253.00 260.00 262.00 242.00
256.00 265.00 263.00 243.00
239.00 258.00 257.00 227.00
236.00 257.00 253.00 219.00
232.00 259.00 265.00 219.00
257.00 266.00 260.00 235.00
245.00 268.00 260.00 234.00
226.00 271.00 254.00 231.00
234.00 270.00 268.00 247.00
263.00 222.00 251.00 231.00
221.00 260.00 269.00 230.00
229.00 265.00 251.00 233.00
249.00 265.00 256.00 264.00
258.00 269.00 256.00 244.00
228.00 252.00 257.00 248.00
236.00 272.00 264.00 235.00
234.00 267.00 250.00 227.00
240.00 261.00 249.00 232.00
223.00 261.00 243.00 253.00
256.00 215.00 241.00 240.00
257.00 258.00 261.00 241.00
263.00 268.00 247.00 251.00
255.00 271.00 239.00 246.00
268.00 272.00 249.00 260.00
256.00 269.00 266.00 250.00
266.00 271.00 259.00 244.00
265.00 256.00 235.00 241.00
258.00 237.00 230.00 267.00
265.00 265.00 252.00 256.00
269.00 257.00 260.00 247.00
261.00 230.00 259.00 254.00
247.00 269.00 274.00 258.00
272.00 260.00 281.00 261.00
274.00 266.00 247.00 261.00
247.00 248.00 257.00 257.00
250.00 253.00 263.00 258.00
249.00 250.00 243.00 235.00
231.00 234.00 244.00 248.00
252.00 257.00 250.00 242.00
240.00 242.00 251.00 224.00
242.00 226.00 224.00 249.00
260.00 257.00 243.00 242.00
235.00 272.00 262.00 249.00
262.00 262.00 248.00 249.00
251.00 268.00 266.00 258.00
280.00 268.00 250.00 246.00
264.00 291.00 270.00 258.00
259.00 289.00 261.00 256.00
259.00 272.00 257.00 251.00
262.00 255.00 248.00 248.00
257.00 247.00 259.00 226.00
257.00 263.00 241.00 231.00
267.00 265.00 247.00 238.00
262.00 271.00 244.00 249.00
250.00 267.00 249.00 247.00
243.00 259.00 254.00 257.00
237.00 267.00 248.00 236.00
256.00 271.00 248.00 260.00
271.00 256.00 237.00 264.00
279.00 249.00 230.00 282.00
304.00 283.00 249.00 248.00
253.00 211.00 252.00 258.00
277.00 255.00 237.00 247.00
271.00 267.00 255.00 242.00
259.00 261.00 264.00 270.00
250.00 250.00 283.00 252.00
280.00 271.00 249.00 255.00
251.00 269.00 250.00 252.00
283.00 257.00 259.00 236.00
253.00 260.00 260.00 255.00
251.00 263.00 249.00 258.00
274.00 271.00 256.00 253.00
270.00 256.00 274.00 243.00
218.00 254.00 252.00 255.00
250.00 276.00 252.00 267.00
246.00 259.00 253.00 250.00
242.00 265.00 248.00 256.00
243.00 255.00 251.00 255.00
275.00 262.00 248.00 248.00
260.00 259.00 242.00 263.00
246.00 269.00 254.00 260.00
259.00 253.00 242.00 247.00
254.00 253.00 248.00 258.00
265.00 251.00 249.00 243.00
277.00 247.00 243.00 259.00
265.00 251.00 241.00 255.00
259.00 253.00 248.00 243.00
256.00 257.00 242.00 253.00
250.00 249.00 250.00 246.00
241.00 258.00 248.00 234.00
249.00 264.00 245.00 260.00
243.00 250.00 233.00 261.00
250.00 248.00 253.00 242.00
244.00 259.00 242.00 263.00
251.00 245.00 247.00 244.00
270.00 232.00 249.00 253.00
257.00 251.00 234.00 252.00
245.00 245.00 240.00 236.00
248.00 252.00 248.00 234.00
256.00 262.00 240.00 237.00
263.00 263.00 240.00 249.00
256.00 244.00 241.00 255.00
248.00 248.00 252.00 250.00
253.00 241.00 244.00 241.00
245.00 245.00 241.00 245.00
250.00 246.00 249.00 233.00
262.00 243.00 240.00 242.00
236.00 234.00 244.00 248.00
253.00 238.00 255.00 244.00
244.00 237.00 238.00 234.00
232.00 252.00 254.00 227.00
242.00 229.00 250.00 258.00
262.00 236.00 246.00 253.00
252.00 251.00 242.00 249.00
268.00 253.00 236.00 245.00
248.00 244.00 248.00 252.00
254.00 258.00 240.00 242.00
245.00 263.00 236.00 234.00
247.00 260.00 226.00 248.00
256.00 257.00 244.00 243.00
237.00 233.00 237.00 259.00
238.00 240.00 249.00 234.00
249.00 230.00 234.00 244.00
259.00 224.00 238.00 241.00
241.00 239.00 238.00 236.00
266.00 241.00 227.00 242.00
248.00 229.00 245.00 230.00
253.00 233.00 247.00 245.00
234.00 238.00 250.00 228.00
242.00 235.00 237.00 241.00
243.00 236.00 229.00 244.00
239.00 241.00 256.00 252.00
243.00 244.00 243.00 241.00
253.00 240.00 245.00 264.00
239.00 254.00 256.00 252.00
250.00 242.00 238.00 255.00
248.00 255.00 226.00 266.00
244.00 259.00 236.00 277.00
279.00 255.00 253.00 278.00
273.00 253.00 256.00 259.00
259.00 245.00 241.00 264.00
245.00 249.00 237.00 283.00
249.00 240.00 251.00 256.00
253.00 240.00 248.00 259.00
227.00 234.00 231.00 270.00
233.00 225.00 243.00 264.00
239.00 236.00 246.00 255.00
232.00 227.00 248.00 246.00
260.00 230.00 250.00 247.00
253.00 240.00 239.00 231.00
251.00 233.00 245.00 239.00
234.00 230.00 230.00 238.00
226.00 228.00 247.00 156.00
185.00 200.00 226.00 262.00
271.00 189.00 241.00 273.00
282.00 196.00 236.00 261.00
251.00 195.00 229.00 246.00
252.00 198.00 225.00 254.00
257.00 213.00 233.00 228.00
253.00 217.00 233.00 244.00
255.00 220.00 234.00 274.00
249.00 248.00 245.00 278.00
273.00 250.00 238.00 285.00
270.00 273.00 231.00 278.00
263.00 253.00 238.00 287.00
259.00 260.00 233.00 267.00
275.00 273.00 243.00 273.00
260.00 295.00 240.00 246.00
238.00 280.00 221.00 259.00
250.00 261.00 235.00 258.00
271.00 258.00 233.00 283.00
227.00 254.00 208.00 269.00
247.00 273.00 236.00 279.00
230.00 227.00 242.00 260.00
257.00 222.00 230.00 265.00
267.00 220.00 224.00 283.00
263.00 234.00 226.00 258.00
229.00 239.00 222.00 259.00
243.00 248.00 221.00 253.00
250.00 248.00 213.00 258.00
264.00 249.00 237.00 251.00
250.00 241.00 227.00 250.00
242.00 244.00 254.00 286.00
227.00 208.00 260.00 275.00
222.00 205.00 231.00 240.00
209.00 197.00 228.00 251.00
233.00 186.00 218.00 220.00
254.00 187.00 222.00 260.00
265.00 212.00 266.00 270.00
279.00 195.00 230.00 257.00
234.00 186.00 233.00 269.00
244.00 198.00 216.00 264.00
239.00 190.00 224.00 287.00
238.00 200.00 235.00 294.00
275.00 191.00 229.00 271.00
242.00 205.00 237.00 267.00
212.00 181.00 226.00 243.00
217.00 185.00 247.00 239.00
224.00 203.00 232.00 240.00
217.00 177.00 235.00 241.00
209.00 177.00 224.00 259.00
211.00 174.00 210.00 223.00
210.00 174.00 219.00 237.00
219.00 177.00 208.00 240.00
228.00 179.00 203.00 250.00
219.00 172.00 215.00 237.00
217.00 172.00 217.00 257.00
229.00 173.00 218.00 259.00
232.00 176.00 203.00 253.00
231.00 182.00 207.00 234.00
234.00 179.00 207.00 253.00
220.00 179.00 213.00 255.00
218.00 179.00 204.00 253.00
244.00 179.00 196.00 241.00
229.00 179.00 200.00 257.00
241.00 180.00 205.00 266.00
248.00 181.00 195.00 258.00
244.00 181.00 187.00 287.00
232.00 181.00 197.00 254.00
246.00 180.00 190.00 237.00
237.00 180.00 204.00 237.00
230.00 181.00 209.00 254.00
220.00 179.00 210.00 246.00
223.00 180.00 206.00 245.00
219.00 177.00 198.00 230.00
218.00 177.00 208.00 223.00
202.00 174.00 188.00 233.00
194.00 173.00 188.00 220.00
187.00 172.00 184.00 223.00
187.00 170.00 173.00 222.00
184.00 170.00 168.00 212.00
184.00 169.00 163.00 209.00
184.00 167.00 159.00 219.00
187.00 167.00 159.00 219.00
191.00 166.00 157.00 240.00
189.00 167.00 155.00 233.00
189.00 166.00 155.00 238.00
187.00 165.00 152.00 217.00
186.00 165.00 153.00 235.00
185.00 164.00 152.00 203.00
181.00 166.00 152.00 215.00
186.00 163.00 151.00 212.00
181.00 162.00 152.00 208.00
181.00 162.00 151.00 216.00
182.00 160.00 152.00 225.00
183.00 160.00 152.00 210.00
187.00 159.00 151.00 218.00
183.00 159.00 149.00 210.00
183.00 158.00 147.00 224.00
183.00 158.00 147.00 216.00
183.00 158.00 147.00 220.00
183.00 157.00 146.00 229.00
184.00 156.00 146.00 213.00
183.00 156.00 147.00 220.00
183.00 155.00 146.00 224.00
184.00 155.00 145.00 217.00
183.00 154.00 145.00 223.00
183.00 153.00 144.00 211.00
183.00 153.00 143.00 215.00
183.00 152.00 143.00 232.00
184.00 151.00 142.00 217.00
184.00 150.00 142.00 215.00
184.00 150.00 141.00 229.00
184.00 149.00 141.00 210.00
183.00 149.00 141.00 215.00
184.00 150.00 140.00 204.00
184.00 148.00 139.00 203.00
183.00 148.00 139.00 216.00
185.00 147.00 140.00 227.00
184.00 147.00 138.00 228.00
184.00 147.00 138.00 237.00
186.00 146.00 138.00 215.00
183.00 145.00 137.00 214.00
183.00 145.00 137.00 218.00
182.00 144.00 137.00 222.00
183.00 144.00 136.00 220.00
183.00 144.00 138.00 236.00
185.00 144.00 146.00 205.00
183.00 147.00 136.00 215.00
184.00 143.00 136.00 223.00
181.00 142.00 138.00 218.00
181.00 141.00 136.00 218.00
181.00 144.00 139.00 229.00
181.00 141.00 135.00 215.00
180.00 140.00 136.00 217.00
180.00 140.00 138.00 217.00
181.00 140.00 137.00 226.00
187.00 147.00 140.00 216.00
181.00 149.00 148.00 216.00
180.00 137.00 136.00 198.00
183.00 137.00 135.00 214.00
179.00 137.00 137.00 224.00
179.00 136.00 135.00 209.00
178.00 136.00 137.00 216.00
179.00 136.00 134.00 221.00
178.00 135.00 134.00 208.00
178.00 134.00 133.00 213.00
177.00 137.00 133.00 207.00
175.00 133.00 135.00 223.00
175.00 127.00 131.00 208.00
172.00 132.00 131.00 222.00
172.00 131.00 130.00 220.00
172.00 131.00 129.00 229.00
172.00 130.00 128.00 220.00
172.00 129.00 127.00 201.00
172.00 129.00 127.00 214.00
172.00 129.00 127.00 214.00
174.00 128.00 126.00 210.00
174.00 128.00 125.00 221.00
175.00 127.00 126.00 220.00
176.00 127.00 126.00 225.00
174.00 127.00 126.00 207.00
173.00 126.00 125.00 217.00
174.00 126.00 125.00 202.00
173.00 126.00 124.00 233.00
172.00 125.00 124.00 221.00
172.00 125.00 125.00 212.00
176.00 125.00 124.00 215.00
173.00 124.00 124.00 201.00
172.00 123.00 123.00 210.00
172.00 123.00 124.00 215.00
173.00 123.00 123.00 205.00
173.00 122.00 123.00 214.00
194.00 122.00 123.00 203.00
176.00 122.00 122.00 208.00
174.00 121.00 123.00 203.00
171.00 120.00 122.00 206.00
172.00 120.00 122.00 205.00
171.00 120.00 123.00 213.00
171.00 129.00 125.00 216.00
173.00 122.00 125.00 231.00
184.00 122.00 124.00 198.00
176.00 120.00 123.00 208.00
173.00 119.00 122.00 206.00
171.00 118.00 122.00 221.00
172.00 116.00 121.00 203.00
173.00 117.00 122.00 229.00
172.00 117.00 121.00 217.00
172.00 117.00 120.00 202.00
170.00 117.00 120.00 219.00
171.00 117.00 121.00 216.00
172.00 117.00 120.00 217.00
171.00 114.00 124.00 219.00
170.00 115.00 120.00 216.00
177.00 112.00 120.00 213.00
171.00 115.00 119.00 209.00
171.00 114.00 119.00 216.00
170.00 114.00 119.00 198.00
169.00 114.00 118.00 213.00
170.00 114.00 118.00 178.00
168.00 114.00 117.00 219.00
167.00 113.00 117.00 216.00
167.00 114.00 117.00 236.00
167.00 113.00 117.00 238.00
167.00 113.00 117.00 238.00
167.00 113.00 116.00 221.00
166.00 113.00 116.00 217.00
172.00 114.00 117.00 221.00
167.00 113.00 116.00 215.00
161.00 110.00 107.00 180.00
156.00 111.00 107.00 188.00
157.00 113.00 111.00 177.00
157.00 112.00 103.00 173.00
158.00 111.00 102.00 175.00
157.00 111.00 102.00 175.00
156.00 110.00 101.00 174.00
156.00 109.00 101.00 172.00
155.00 109.00 101.00 172.00
155.00 109.00 101.00 174.00
155.00 109.00 101.00 174.00
155.00 109.00 101.00 170.00
155.00 110.00 101.00 169.00
155.00 109.00 106.00 178.00
