220.00 239.00 214.00 258.00
217.00 232.00 234.00 281.00
250.00 256.00 228.00 275.00
231.00 241.00 223.00 275.00
225.00 245.00 212.00 273.00
233.00 255.00 225.00 282.00
234.00 275.00 238.00 286.00
234.00 268.00 235.00 279.00
220.00 260.00 213.00 275.00
224.00 249.00 229.00 271.00
221.00 264.00 234.00 288.00
236.00 258.00 239.00 286.00
229.00 252.00 229.00 279.00
227.00 231.00 222.00 289.00
226.00 233.00 230.00 280.00
219.00 259.00 235.00 276.00
252.00 254.00 238.00 270.00
245.00 241.00 221.00 268.00
239.00 229.00 227.00 270.00
229.00 244.00 223.00 265.00
226.00 246.00 220.00 270.00
253.00 244.00 239.00 287.00
241.00 243.00 230.00 271.00
259.00 223.00 240.00 243.00
216.00 228.00 183.00 264.00
255.00 234.00 224.00 259.00
263.00 247.00 225.00 289.00
260.00 250.00 236.00 292.00
249.00 250.00 230.00 283.00
263.00 259.00 219.00 279.00
270.00 232.00 225.00 275.00
270.00 255.00 230.00 257.00
263.00 253.00 238.00 282.00
280.00 254.00 234.00 291.00
283.00 263.00 222.00 273.00
268.00 253.00 223.00 274.00
265.00 249.00 228.00 280.00
247.00 241.00 218.00 234.00
281.00 259.00 234.00 292.00
252.00 256.00 230.00 275.00
268.00 255.00 220.00 266.00
264.00 255.00 225.00 273.00
257.00 242.00 216.00 265.00
254.00 248.00 217.00 292.00
263.00 263.00 229.00 282.00
265.00 254.00 240.00 281.00
279.00 251.00 233.00 282.00
259.00 258.00 226.00 280.00
253.00 252.00 219.00 275.00
257.00 263.00 219.00 267.00
269.00 261.00 227.00 293.00
271.00 255.00 228.00 272.00
260.00 253.00 224.00 282.00
266.00 254.00 225.00 275.00
260.00 248.00 220.00 216.00
255.00 251.00 206.00 291.00
268.00 264.00 220.00 287.00
258.00 254.00 238.00 281.00
246.00 265.00 226.00 284.00
254.00 253.00 217.00 278.00
259.00 238.00 223.00 286.00
261.00 246.00 232.00 295.00
260.00 233.00 229.00 227.00
273.00 256.00 228.00 286.00
246.00 238.00 230.00 281.00
263.00 253.00 218.00 287.00
262.00 252.00 221.00 282.00
272.00 268.00 239.00 276.00
267.00 254.00 231.00 294.00
264.00 252.00 229.00 295.00
254.00 242.00 214.00 282.00
235.00 233.00 216.00 286.00
249.00 232.00 222.00 288.00
250.00 254.00 228.00 294.00
263.00 263.00 237.00 285.00
251.00 254.00 233.00 285.00
246.00 243.00 217.00 276.00
257.00 240.00 223.00 284.00
254.00 248.00 218.00 282.00
252.00 237.00 224.00 286.00
268.00 252.00 231.00 300.00
240.00 258.00 230.00 254.00
264.00 267.00 234.00 282.00
252.00 255.00 216.00 293.00
252.00 248.00 214.00 288.00
238.00 240.00 220.00 294.00
254.00 265.00 229.00 297.00
253.00 261.00 231.00 300.00
246.00 257.00 234.00 278.00
225.00 255.00 222.00 294.00
220.00 255.00 226.00 281.00
232.00 249.00 221.00 293.00
252.00 259.00 234.00 293.00
251.00 276.00 223.00 285.00
248.00 272.00 218.00 263.00
261.00 257.00 221.00 296.00
243.00 243.00 212.00 288.00
254.00 266.00 234.00 297.00
257.00 275.00 237.00 287.00
264.00 262.00 220.00 279.00
263.00 254.00 222.00 262.00
259.00 242.00 216.00 264.00
243.00 236.00 220.00 241.00
237.00 243.00 225.00 292.00
240.00 243.00 224.00 282.00
257.00 241.00 212.00 275.00
251.00 241.00 211.00 285.00
243.00 253.00 219.00 300.00
259.00 266.00 230.00 290.00
254.00 246.00 224.00 287.00
234.00 254.00 211.00 281.00
263.00 263.00 212.00 246.00
229.00 240.00 205.00 285.00
240.00 247.00 226.00 288.00
263.00 262.00 228.00 282.00
259.00 250.00 231.00 280.00
250.00 250.00 214.00 281.00
237.00 249.00 192.00 289.00
217.00 239.00 220.00 280.00
274.00 259.00 213.00 286.00
239.00 250.00 207.00 269.00
239.00 245.00 214.00 275.00
241.00 223.00 216.00 285.00
246.00 260.00 229.00 301.00
251.00 257.00 223.00 293.00
238.00 267.00 221.00 279.00
226.00 258.00 219.00 262.00
234.00 252.00 217.00 288.00
254.00 258.00 233.00 275.00
220.00 243.00 222.00 288.00
232.00 244.00 214.00 253.00
244.00 232.00 211.00 259.00
250.00 253.00 221.00 292.00
257.00 279.00 227.00 278.00
253.00 258.00 213.00 272.00
230.00 242.00 211.00 230.00
231.00 238.00 213.00 254.00
240.00 261.00 233.00 256.00
240.00 255.00 223.00 282.00
234.00 250.00 207.00 231.00
225.00 233.00 214.00 269.00
259.00 249.00 218.00 289.00
244.00 233.00 218.00 244.00
230.00 228.00 212.00 285.00
241.00 256.00 224.00 293.00
224.00 262.00 217.00 290.00
230.00 238.00 222.00 277.00
237.00 237.00 216.00 275.00
234.00 239.00 230.00 259.00
236.00 265.00 235.00 277.00
227.00 253.00 227.00 275.00
214.00 227.00 215.00 247.00
215.00 235.00 218.00 262.00
226.00 253.00 224.00 274.00
226.00 260.00 224.00 258.00
221.00 243.00 210.00 261.00
216.00 247.00 219.00 259.00
224.00 245.00 209.00 263.00
235.00 251.00 234.00 243.00
237.00 259.00 207.00 260.00
226.00 250.00 207.00 250.00
220.00 256.00 205.00 262.00
209.00 251.00 229.00 258.00
229.00 255.00 228.00 263.00
232.00 256.00 206.00 259.00
226.00 249.00 215.00 252.00
223.00 237.00 195.00 229.00
230.00 233.00 201.00 264.00
224.00 226.00 209.00 282.00
228.00 273.00 233.00 278.00
214.00 265.00 225.00 273.00
211.00 257.00 225.00 245.00
207.00 241.00 214.00 248.00
219.00 247.00 203.00 264.00
223.00 249.00 222.00 249.00
236.00 245.00 215.00 264.00
236.00 235.00 207.00 252.00
219.00 248.00 219.00 260.00
211.00 241.00 217.00 266.00
214.00 244.00 208.00 249.00
234.00 254.00 229.00 269.00
236.00 249.00 212.00 244.00
230.00 233.00 220.00 263.00
224.00 228.00 217.00 245.00
223.00 218.00 228.00 273.00
224.00 227.00 244.00 264.00
231.00 248.00 224.00 261.00
229.00 246.00 228.00 274.00
226.00 228.00 218.00 268.00
223.00 245.00 216.00 265.00
224.00 217.00 231.00 269.00
240.00 254.00 237.00 276.00
239.00 238.00 222.00 254.00
230.00 235.00 210.00 233.00
214.00 227.00 211.00 268.00
214.00 223.00 238.00 254.00
229.00 225.00 228.00 263.00
231.00 229.00 230.00 249.00
208.00 219.00 215.00 243.00
200.00 204.00 227.00 263.00
197.00 210.00 207.00 253.00
208.00 233.00 213.00 263.00
209.00 220.00 221.00 251.00
209.00 212.00 209.00 248.00
208.00 207.00 226.00 271.00
216.00 204.00 206.00 260.00
213.00 214.00 222.00 270.00
211.00 223.00 221.00 253.00
212.00 226.00 227.00 249.00
208.00 206.00 222.00 261.00
217.00 207.00 227.00 252.00
221.00 212.00 242.00 266.00
224.00 217.00 245.00 251.00
219.00 215.00 239.00 254.00
211.00 224.00 247.00 251.00
210.00 241.00 244.00 256.00
227.00 228.00 236.00 248.00
216.00 219.00 235.00 259.00
212.00 212.00 239.00 256.00
203.00 204.00 219.00 255.00
205.00 203.00 236.00 258.00
215.00 206.00 231.00 267.00
213.00 201.00 240.00 247.00
206.00 195.00 239.00 245.00
197.00 192.00 246.00 256.00
203.00 204.00 238.00 260.00
207.00 208.00 234.00 255.00
201.00 199.00 241.00 254.00
195.00 197.00 233.00 242.00
192.00 199.00 245.00 252.00
207.00 207.00 256.00 256.00
198.00 213.00 243.00 249.00
193.00 214.00 238.00 252.00
190.00 209.00 235.00 250.00
192.00 211.00 240.00 259.00
198.00 212.00 239.00 258.00
193.00 210.00 218.00 247.00
190.00 200.00 208.00 243.00
185.00 196.00 206.00 243.00
186.00 197.00 213.00 249.00
193.00 208.00 221.00 248.00
190.00 204.00 215.00 240.00
183.00 199.00 212.00 247.00
178.00 195.00 211.00 248.00
177.00 195.00 218.00 247.00
182.00 202.00 221.00 245.00
184.00 204.00 220.00 250.00
179.00 194.00 214.00 237.00
176.00 191.00 208.00 238.00
175.00 191.00 198.00 219.00
177.00 191.00 201.00 224.00
182.00 198.00 202.00 217.00
179.00 190.00 198.00 214.00
175.00 187.00 196.00 213.00
173.00 185.00 197.00 210.00
171.00 188.00 199.00 211.00
179.00 194.00 205.00 209.00
175.00 189.00 200.00 202.00
171.00 184.00 197.00 202.00
168.00 186.00 195.00 198.00
166.00 185.00 193.00 201.00
