178.00 27.00 131.00 210.00
183.00 27.00 173.00 212.00
181.00 28.00 207.00 216.00
180.00 27.00 204.00 215.00
182.00 27.00 208.00 216.00
181.00 45.00 211.00 216.00
186.00 95.00 212.00 219.00
187.00 146.00 217.00 223.00
189.00 187.00 218.00 226.00
199.00 244.00 232.00 242.00
207.00 242.00 233.00 242.00
210.00 252.00 234.00 240.00
211.00 259.00 232.00 236.00
209.00 264.00 232.00 232.00
209.00 260.00 229.00 235.00
213.00 262.00 228.00 237.00
211.00 256.00 228.00 238.00
211.00 274.00 227.00 236.00
210.00 290.00 227.00 229.00
209.00 275.00 224.00 226.00
212.00 236.00 222.00 235.00
208.00 274.00 223.00 230.00
208.00 270.00 224.00 232.00
209.00 270.00 226.00 234.00
202.00 270.00 227.00 235.00
212.00 272.00 240.00 247.00
228.00 288.00 241.00 253.00
229.00 272.00 236.00 253.00
225.00 244.00 237.00 246.00
221.00 272.00 229.00 250.00
220.00 276.00 228.00 245.00
214.00 252.00 224.00 244.00
216.00 240.00 227.00 243.00
227.00 261.00 238.00 260.00
235.00 261.00 240.00 248.00
227.00 269.00 235.00 250.00
231.00 268.00 229.00 245.00
224.00 260.00 222.00 239.00
217.00 245.00 225.00 237.00
215.00 239.00 227.00 245.00
217.00 261.00 235.00 254.00
231.00 270.00 240.00 256.00
230.00 255.00 239.00 256.00
228.00 285.00 238.00 252.00
230.00 271.00 230.00 245.00
226.00 265.00 230.00 245.00
226.00 261.00 226.00 243.00
221.00 264.00 227.00 246.00
232.00 240.00 230.00 249.00
238.00 251.00 231.00 246.00
232.00 259.00 243.00 262.00
240.00 264.00 236.00 269.00
246.00 271.00 238.00 252.00
244.00 252.00 242.00 257.00
251.00 260.00 241.00 259.00
255.00 272.00 240.00 248.00
248.00 267.00 236.00 257.00
231.00 255.00 233.00 264.00
235.00 250.00 232.00 263.00
225.00 259.00 232.00 262.00
229.00 244.00 230.00 264.00
241.00 247.00 228.00 262.00
236.00 235.00 229.00 264.00
239.00 244.00 231.00 261.00
247.00 259.00 230.00 260.00
235.00 261.00 231.00 258.00
240.00 254.00 232.00 256.00
231.00 256.00 229.00 262.00
232.00 255.00 241.00 267.00
256.00 258.00 247.00 276.00
257.00 271.00 253.00 279.00
264.00 264.00 253.00 274.00
249.00 268.00 254.00 262.00
252.00 258.00 252.00 275.00
253.00 258.00 249.00 271.00
251.00 257.00 244.00 268.00
239.00 258.00 237.00 271.00
250.00 274.00 239.00 261.00
240.00 273.00 243.00 253.00
240.00 260.00 240.00 266.00
246.00 258.00 238.00 261.00
244.00 257.00 240.00 263.00
242.00 248.00 238.00 259.00
238.00 262.00 240.00 266.00
243.00 258.00 239.00 264.00
227.00 240.00 239.00 253.00
223.00 262.00 244.00 233.00
236.00 273.00 246.00 256.00
272.00 263.00 254.00 264.00
262.00 276.00 256.00 257.00
248.00 257.00 255.00 265.00
262.00 276.00 250.00 265.00
244.00 268.00 249.00 259.00
252.00 252.00 245.00 260.00
246.00 259.00 241.00 237.00
270.00 262.00 245.00 241.00
247.00 253.00 245.00 252.00
234.00 273.00 247.00 238.00
233.00 256.00 258.00 251.00
239.00 267.00 261.00 264.00
257.00 291.00 261.00 269.00
261.00 272.00 258.00 259.00
248.00 287.00 254.00 260.00
244.00 272.00 248.00 254.00
241.00 274.00 244.00 249.00
256.00 280.00 243.00 255.00
227.00 265.00 245.00 254.00
243.00 283.00 246.00 260.00
230.00 290.00 259.00 271.00
258.00 293.00 256.00 269.00
256.00 267.00 256.00 270.00
242.00 246.00 252.00 258.00
244.00 268.00 248.00 253.00
257.00 257.00 245.00 258.00
252.00 255.00 247.00 263.00
264.00 278.00 263.00 274.00
234.00 281.00 259.00 268.00
227.00 285.00 254.00 262.00
228.00 268.00 245.00 261.00
210.00 277.00 243.00 254.00
216.00 277.00 244.00 259.00
229.00 284.00 260.00 270.00
220.00 305.00 256.00 267.00
214.00 281.00 249.00 261.00
209.00 285.00 243.00 252.00
236.00 268.00 242.00 255.00
242.00 260.00 244.00 255.00
247.00 281.00 256.00 276.00
253.00 297.00 257.00 268.00
245.00 275.00 258.00 265.00
253.00 274.00 255.00 264.00
248.00 273.00 251.00 249.00
251.00 265.00 249.00 257.00
247.00 258.00 247.00 259.00
244.00 265.00 258.00 257.00
260.00 274.00 262.00 275.00
264.00 277.00 261.00 267.00
267.00 274.00 258.00 264.00
264.00 281.00 256.00 265.00
260.00 267.00 250.00 256.00
222.00 278.00 250.00 255.00
257.00 273.00 250.00 255.00
238.00 261.00 247.00 257.00
248.00 274.00 244.00 259.00
247.00 275.00 243.00 255.00
251.00 281.00 246.00 257.00
236.00 266.00 247.00 250.00
247.00 248.00 252.00 250.00
247.00 264.00 261.00 267.00
276.00 283.00 266.00 263.00
257.00 279.00 269.00 267.00
264.00 257.00 257.00 256.00
255.00 275.00 262.00 263.00
270.00 271.00 267.00 256.00
247.00 255.00 259.00 249.00
253.00 267.00 253.00 244.00
260.00 260.00 244.00 247.00
246.00 260.00 244.00 252.00
258.00 264.00 249.00 250.00
194.00 287.00 267.00 261.00
221.00 289.00 264.00 265.00
199.00 266.00 269.00 270.00
267.00 286.00 262.00 261.00
209.00 272.00 254.00 260.00
233.00 287.00 250.00 255.00
242.00 264.00 246.00 255.00
233.00 275.00 247.00 264.00
263.00 280.00 258.00 277.00
276.00 283.00 267.00 275.00
247.00 284.00 259.00 252.00
252.00 276.00 257.00 255.00
270.00 261.00 253.00 240.00
254.00 288.00 255.00 247.00
180.00 290.00 251.00 250.00
226.00 270.00 260.00 260.00
251.00 278.00 270.00 251.00
256.00 279.00 265.00 255.00
258.00 268.00 257.00 245.00
227.00 269.00 255.00 249.00
226.00 280.00 249.00 245.00
243.00 254.00 264.00 266.00
260.00 279.00 269.00 258.00
270.00 280.00 272.00 256.00
234.00 279.00 260.00 247.00
267.00 277.00 270.00 247.00
223.00 269.00 270.00 250.00
233.00 268.00 258.00 247.00
231.00 268.00 264.00 262.00
269.00 272.00 268.00 257.00
271.00 282.00 263.00 258.00
265.00 287.00 255.00 247.00
225.00 271.00 255.00 246.00
238.00 288.00 252.00 245.00
219.00 294.00 256.00 253.00
246.00 276.00 269.00 260.00
259.00 280.00 265.00 262.00
257.00 285.00 256.00 258.00
220.00 278.00 258.00 252.00
242.00 270.00 259.00 256.00
239.00 270.00 260.00 264.00
268.00 277.00 273.00 262.00
262.00 293.00 266.00 255.00
228.00 291.00 256.00 257.00
225.00 276.00 256.00 254.00
212.00 271.00 261.00 266.00
244.00 284.00 261.00 273.00
242.00 280.00 248.00 249.00
225.00 275.00 249.00 247.00
223.00 258.00 245.00 251.00
258.00 306.00 263.00 270.00
274.00 288.00 260.00 253.00
230.00 264.00 257.00 251.00
234.00 273.00 251.00 258.00
231.00 272.00 247.00 240.00
231.00 282.00 256.00 264.00
249.00 280.00 262.00 256.00
254.00 286.00 267.00 249.00
254.00 253.00 255.00 245.00
231.00 271.00 251.00 242.00
241.00 263.00 254.00 247.00
250.00 269.00 268.00 258.00
277.00 265.00 265.00 255.00
253.00 265.00 258.00 263.00
254.00 266.00 251.00 257.00
251.00 267.00 243.00 250.00
247.00 265.00 246.00 249.00
264.00 274.00 244.00 262.00
251.00 284.00 256.00 269.00
250.00 289.00 255.00 263.00
236.00 262.00 258.00 258.00
242.00 273.00 241.00 254.00
251.00 255.00 247.00 248.00
241.00 255.00 248.00 242.00
248.00 269.00 257.00 265.00
257.00 274.00 256.00 260.00
257.00 267.00 254.00 259.00
248.00 283.00 249.00 260.00
242.00 269.00 243.00 248.00
243.00 263.00 244.00 250.00
242.00 270.00 242.00 247.00
238.00 264.00 241.00 255.00
243.00 267.00 246.00 255.00
251.00 265.00 241.00 255.00
249.00 289.00 256.00 259.00
254.00 294.00 269.00 266.00
271.00 287.00 262.00 255.00
252.00 277.00 245.00 257.00
251.00 283.00 253.00 250.00
256.00 272.00 249.00 255.00
263.00 283.00 245.00 249.00
255.00 274.00 248.00 254.00
252.00 263.00 245.00 261.00
252.00 280.00 245.00 255.00
263.00 278.00 247.00 250.00
242.00 271.00 239.00 256.00
253.00 270.00 240.00 255.00
243.00 276.00 237.00 251.00
263.00 283.00 245.00 276.00
271.00 279.00 251.00 277.00
269.00 272.00 247.00 272.00
254.00 292.00 244.00 269.00
233.00 255.00 243.00 263.00
249.00 273.00 238.00 267.00
250.00 262.00 237.00 264.00
255.00 267.00 237.00 268.00
249.00 269.00 231.00 242.00
244.00 271.00 225.00 247.00
251.00 261.00 223.00 246.00
247.00 266.00 225.00 248.00
261.00 270.00 224.00 247.00
250.00 276.00 231.00 260.00
260.00 278.00 237.00 261.00
265.00 285.00 234.00 263.00
256.00 282.00 231.00 256.00
236.00 275.00 227.00 250.00
254.00 281.00 223.00 248.00
252.00 271.00 218.00 248.00
248.00 268.00 220.00 249.00
259.00 290.00 232.00 264.00
257.00 274.00 230.00 255.00
240.00 269.00 221.00 247.00
241.00 267.00 217.00 242.00
234.00 243.00 212.00 240.00
250.00 250.00 213.00 239.00
235.00 267.00 226.00 251.00
263.00 268.00 223.00 248.00
249.00 266.00 215.00 242.00
253.00 260.00 215.00 235.00
246.00 264.00 209.00 233.00
245.00 257.00 207.00 229.00
250.00 278.00 207.00 237.00
252.00 255.00 215.00 227.00
250.00 257.00 212.00 230.00
239.00 264.00 209.00 223.00
231.00 251.00 207.00 218.00
230.00 255.00 202.00 214.00
229.00 247.00 205.00 214.00
232.00 253.00 210.00 216.00
231.00 278.00 211.00 210.00
225.00 268.00 209.00 201.00
213.00 264.00 206.00 192.00
206.00 270.00 200.00 190.00
197.00 255.00 198.00 186.00
192.00 262.00 199.00 186.00
195.00 270.00 198.00 185.00
194.00 272.00 206.00 196.00
200.00 276.00 205.00 192.00
196.00 276.00 201.00 189.00
193.00 262.00 199.00 187.00
186.00 253.00 198.00 183.00
183.00 252.00 196.00 182.00
179.00 246.00 194.00 181.00
177.00 259.00 194.00 183.00
178.00 251.00 196.00 184.00
184.00 255.00 202.00 187.00
187.00 247.00 201.00 186.00
184.00 243.00 197.00 185.00
185.00 256.00 193.00 181.00
183.00 246.00 191.00 180.00
179.00 253.00 190.00 179.00
182.00 261.00 191.00 179.00
183.00 251.00 193.00 188.00
190.00 247.00 195.00 206.00
193.00 247.00 196.00 208.00
199.00 252.00 206.00 206.00
203.00 256.00 209.00 205.00
197.00 256.00 203.00 199.00
194.00 256.00 198.00 201.00
191.00 248.00 197.00 197.00
188.00 256.00 196.00 189.00
187.00 250.00 195.00 188.00
187.00 250.00 197.00 186.00
188.00 252.00 196.00 185.00
189.00 249.00 199.00 186.00
194.00 254.00 203.00 187.00
199.00 258.00 203.00 187.00
198.00 256.00 198.00 183.00
194.00 260.00 195.00 178.00
190.00 239.00 193.00 178.00
187.00 226.00 193.00 180.00
186.00 226.00 197.00 192.00
187.00 216.00 197.00 202.00
191.00 231.00 201.00 212.00
201.00 226.00 202.00 200.00
194.00 221.00 197.00 197.00
189.00 213.00 194.00 193.00
188.00 214.00 193.00 188.00
187.00 208.00 192.00 186.00
