32.00 119.00 81.00 18.00
16.00 29.00 36.00 10.00
9.00 13.00 17.00 7.00
6.00 9.00 15.00 6.00
5.00 8.00 25.00 8.00
24.00 10.00 16.00 11.00
12.00 12.00 20.00 12.00
20.00 16.00 25.00 34.00
52.00 29.00 31.00 40.00
99.00 45.00 50.00 49.00
135.00 42.00 45.00 42.00
173.00 42.00 95.00 50.00
223.00 52.00 161.00 60.00
217.00 75.00 199.00 61.00
229.00 85.00 240.00 65.00
234.00 115.00 254.00 81.00
232.00 164.00 248.00 84.00
255.00 196.00 249.00 94.00
239.00 252.00 249.00 105.00
260.00 243.00 246.00 122.00
237.00 270.00 247.00 245.00
226.00 265.00 258.00 279.00
231.00 263.00 253.00 267.00
231.00 261.00 246.00 245.00
207.00 254.00 247.00 262.00
187.00 255.00 239.00 246.00
237.00 244.00 226.00 248.00
253.00 236.00 218.00 245.00
216.00 220.00 218.00 262.00
256.00 220.00 219.00 244.00
130.00 233.00 247.00 256.00
201.00 234.00 241.00 265.00
184.00 222.00 249.00 261.00
212.00 232.00 252.00 268.00
237.00 223.00 256.00 269.00
225.00 228.00 249.00 266.00
226.00 228.00 261.00 254.00
193.00 242.00 267.00 260.00
212.00 246.00 262.00 299.00
239.00 256.00 259.00 292.00
246.00 233.00 258.00 255.00
198.00 254.00 269.00 258.00
244.00 265.00 264.00 252.00
254.00 252.00 272.00 246.00
240.00 267.00 266.00 269.00
194.00 256.00 256.00 273.00
251.00 240.00 261.00 263.00
209.00 264.00 263.00 273.00
212.00 236.00 264.00 279.00
253.00 258.00 277.00 292.00
238.00 230.00 261.00 277.00
235.00 247.00 265.00 273.00
185.00 249.00 262.00 287.00
230.00 252.00 274.00 285.00
164.00 253.00 257.00 276.00
219.00 251.00 270.00 257.00
237.00 244.00 261.00 267.00
206.00 260.00 265.00 269.00
156.00 263.00 266.00 252.00
236.00 246.00 261.00 269.00
221.00 254.00 255.00 269.00
191.00 260.00 258.00 266.00
230.00 253.00 259.00 252.00
231.00 236.00 256.00 286.00
203.00 259.00 264.00 256.00
172.00 248.00 254.00 260.00
226.00 251.00 246.00 272.00
166.00 259.00 247.00 266.00
216.00 234.00 247.00 242.00
212.00 236.00 239.00 259.00
221.00 235.00 247.00 258.00
195.00 252.00 247.00 273.00
232.00 242.00 237.00 252.00
201.00 236.00 241.00 279.00
182.00 228.00 241.00 257.00
215.00 243.00 241.00 270.00
224.00 238.00 237.00 270.00
239.00 239.00 245.00 274.00
225.00 236.00 248.00 241.00
172.00 255.00 243.00 252.00
219.00 247.00 253.00 253.00
227.00 232.00 253.00 242.00
233.00 261.00 249.00 285.00
221.00 245.00 251.00 287.00
227.00 245.00 251.00 263.00
239.00 244.00 251.00 305.00
235.00 248.00 245.00 265.00
172.00 242.00 248.00 235.00
203.00 259.00 245.00 295.00
262.00 248.00 241.00 208.00
231.00 247.00 246.00 283.00
226.00 260.00 239.00 305.00
227.00 238.00 243.00 250.00
245.00 247.00 244.00 304.00
259.00 263.00 235.00 242.00
240.00 256.00 238.00 251.00
244.00 256.00 238.00 226.00
250.00 260.00 241.00 243.00
250.00 258.00 240.00 251.00
242.00 255.00 240.00 255.00
233.00 266.00 235.00 244.00
238.00 262.00 238.00 240.00
234.00 260.00 236.00 237.00
244.00 258.00 239.00 256.00
234.00 264.00 234.00 235.00
241.00 262.00 236.00 261.00
234.00 262.00 226.00 261.00
217.00 258.00 232.00 204.00
222.00 256.00 227.00 272.00
221.00 251.00 225.00 220.00
211.00 251.00 220.00 231.00
232.00 236.00 230.00 256.00
216.00 220.00 222.00 215.00
224.00 237.00 216.00 246.00
209.00 241.00 225.00 247.00
207.00 233.00 225.00 250.00
199.00 237.00 218.00 246.00
199.00 245.00 224.00 236.00
207.00 241.00 223.00 249.00
222.00 232.00 222.00 238.00
214.00 224.00 223.00 252.00
199.00 222.00 217.00 201.00
192.00 219.00 221.00 240.00
196.00 222.00 219.00 227.00
198.00 219.00 217.00 250.00
187.00 221.00 210.00 237.00
179.00 224.00 215.00 188.00
174.00 223.00 218.00 211.00
182.00 224.00 223.00 236.00
182.00 223.00 224.00 229.00
189.00 223.00 224.00 224.00
204.00 226.00 232.00 244.00
212.00 225.00 235.00 237.00
209.00 228.00 231.00 239.00
203.00 227.00 224.00 185.00
212.00 229.00 229.00 249.00
205.00 233.00 227.00 242.00
218.00 229.00 228.00 202.00
217.00 222.00 219.00 222.00
207.00 220.00 225.00 210.00
214.00 219.00 216.00 225.00
209.00 216.00 218.00 225.00
207.00 214.00 217.00 176.00
207.00 216.00 212.00 231.00
197.00 216.00 213.00 229.00
189.00 213.00 213.00 245.00
181.00 214.00 206.00 225.00
185.00 214.00 206.00 216.00
186.00 217.00 206.00 186.00
187.00 216.00 215.00 235.00
194.00 216.00 215.00 239.00
199.00 220.00 212.00 241.00
203.00 220.00 203.00 214.00
208.00 220.00 220.00 235.00
200.00 222.00 214.00 232.00
192.00 225.00 208.00 232.00
200.00 224.00 215.00 251.00
205.00 227.00 213.00 221.00
215.00 226.00 212.00 235.00
203.00 229.00 204.00 221.00
203.00 220.00 204.00 212.00
202.00 219.00 198.00 233.00
194.00 218.00 213.00 226.00
186.00 216.00 192.00 222.00
181.00 215.00 182.00 213.00
176.00 214.00 181.00 201.00
176.00 213.00 179.00 198.00
173.00 212.00 180.00 198.00
174.00 212.00 180.00 197.00
173.00 212.00 181.00 197.00
176.00 212.00 179.00 197.00
174.00 209.00 177.00 196.00
176.00 211.00 180.00 197.00
175.00 208.00 169.00 195.00
173.00 205.00 164.00 196.00
174.00 204.00 164.00 197.00
174.00 205.00 163.00 197.00
174.00 204.00 163.00 197.00
174.00 199.00 162.00 196.00
