100.00 75.00 32.00 112.00
96.00 73.00 35.00 112.00
99.00 79.00 37.00 111.00
114.00 76.00 36.00 82.00
118.00 87.00 43.00 104.00
123.00 77.00 48.00 56.00
129.00 89.00 60.00 83.00
123.00 83.00 71.00 77.00
124.00 89.00 77.00 99.00
130.00 82.00 77.00 107.00
140.00 82.00 81.00 59.00
146.00 80.00 80.00 66.00
151.00 78.00 82.00 104.00
149.00 79.00 88.00 95.00
152.00 83.00 90.00 68.00
149.00 78.00 92.00 74.00
142.00 73.00 87.00 76.00
144.00 70.00 95.00 79.00
150.00 74.00 98.00 95.00
148.00 78.00 100.00 90.00
155.00 74.00 110.00 78.00
149.00 73.00 110.00 94.00
157.00 75.00 119.00 64.00
159.00 81.00 120.00 87.00
153.00 83.00 127.00 50.00
148.00 85.00 123.00 76.00
143.00 81.00 125.00 64.00
141.00 93.00 128.00 78.00
142.00 96.00 134.00 80.00
151.00 107.00 140.00 82.00
152.00 111.00 163.00 80.00
156.00 120.00 169.00 84.00
164.00 119.00 169.00 83.00
160.00 122.00 152.00 61.00
163.00 121.00 152.00 73.00
162.00 124.00 155.00 86.00
155.00 108.00 148.00 74.00
152.00 106.00 153.00 92.00
159.00 112.00 152.00 96.00
163.00 111.00 151.00 97.00
164.00 119.00 152.00 96.00
160.00 114.00 148.00 99.00
159.00 117.00 145.00 99.00
165.00 118.00 158.00 104.00
168.00 128.00 157.00 108.00
173.00 146.00 167.00 115.00
170.00 173.00 170.00 118.00
165.00 176.00 165.00 116.00
179.00 174.00 165.00 112.00
177.00 175.00 161.00 117.00
173.00 176.00 160.00 113.00
158.00 174.00 162.00 118.00
161.00 174.00 157.00 115.00
163.00 177.00 157.00 111.00
172.00 166.00 159.00 114.00
169.00 163.00 155.00 110.00
178.00 168.00 153.00 109.00
177.00 165.00 153.00 112.00
177.00 167.00 150.00 113.00
176.00 167.00 152.00 112.00
175.00 168.00 152.00 110.00
169.00 162.00 153.00 106.00
174.00 170.00 152.00 101.00
182.00 172.00 153.00 104.00
174.00 171.00 155.00 102.00
177.00 172.00 156.00 101.00
180.00 170.00 158.00 103.00
188.00 164.00 158.00 107.00
171.00 173.00 158.00 108.00
173.00 183.00 164.00 105.00
194.00 170.00 133.00 78.00
129.00 139.00 133.00 83.00
124.00 153.00 135.00 70.00
158.00 153.00 130.00 67.00
163.00 148.00 137.00 60.00
158.00 133.00 136.00 72.00
152.00 135.00 140.00 72.00
157.00 146.00 150.00 63.00
159.00 145.00 159.00 72.00
171.00 143.00 155.00 69.00
157.00 158.00 160.00 66.00
168.00 158.00 158.00 63.00
149.00 160.00 158.00 77.00
169.00 161.00 161.00 78.00
166.00 159.00 159.00 87.00
167.00 161.00 157.00 43.00
161.00 160.00 155.00 77.00
156.00 157.00 147.00 96.00
156.00 158.00 153.00 78.00
170.00 154.00 157.00 103.00
171.00 158.00 158.00 85.00
163.00 160.00 159.00 105.00
163.00 162.00 165.00 111.00
163.00 161.00 168.00 108.00
159.00 164.00 172.00 105.00
177.00 162.00 178.00 100.00
171.00 165.00 177.00 70.00
181.00 169.00 171.00 73.00
159.00 167.00 174.00 93.00
173.00 155.00 175.00 100.00
163.00 164.00 184.00 111.00
166.00 172.00 178.00 122.00
166.00 168.00 180.00 122.00
168.00 162.00 183.00 118.00
157.00 163.00 188.00 118.00
165.00 166.00 183.00 125.00
166.00 162.00 178.00 122.00
166.00 167.00 184.00 121.00
169.00 168.00 189.00 120.00
175.00 174.00 188.00 120.00
159.00 164.00 182.00 132.00
165.00 175.00 181.00 138.00
173.00 181.00 186.00 161.00
181.00 174.00 187.00 163.00
167.00 170.00 177.00 160.00
171.00 175.00 184.00 126.00
179.00 183.00 191.00 141.00
176.00 174.00 197.00 145.00
191.00 186.00 201.00 145.00
194.00 185.00 199.00 178.00
187.00 171.00 197.00 172.00
183.00 179.00 191.00 174.00
183.00 179.00 197.00 163.00
182.00 165.00 185.00 163.00
180.00 170.00 182.00 164.00
173.00 178.00 179.00 163.00
175.00 168.00 174.00 163.00
175.00 172.00 174.00 166.00
182.00 175.00 174.00 165.00
175.00 170.00 181.00 164.00
177.00 171.00 185.00 157.00
174.00 180.00 187.00 169.00
174.00 179.00 185.00 164.00
168.00 168.00 185.00 163.00
169.00 171.00 184.00 163.00
179.00 177.00 189.00 162.00
181.00 182.00 192.00 170.00
171.00 176.00 188.00 167.00
177.00 183.00 191.00 173.00
188.00 185.00 198.00 174.00
186.00 185.00 191.00 176.00
193.00 185.00 192.00 176.00
192.00 186.00 195.00 175.00
188.00 183.00 194.00 143.00
185.00 165.00 195.00 157.00
173.00 167.00 193.00 131.00
191.00 189.00 189.00 153.00
188.00 189.00 190.00 167.00
198.00 188.00 200.00 158.00
192.00 188.00 201.00 161.00
192.00 181.00 198.00 163.00
181.00 182.00 189.00 162.00
184.00 187.00 193.00 166.00
180.00 178.00 193.00 153.00
182.00 187.00 190.00 162.00
166.00 183.00 192.00 147.00
183.00 190.00 192.00 110.00
168.00 197.00 196.00 135.00
179.00 177.00 195.00 130.00
194.00 177.00 190.00 156.00
187.00 179.00 190.00 167.00
184.00 190.00 193.00 175.00
207.00 188.00 203.00 152.00
186.00 188.00 202.00 169.00
189.00 195.00 192.00 167.00
196.00 191.00 193.00 174.00
194.00 186.00 196.00 171.00
194.00 192.00 199.00 171.00
199.00 195.00 200.00 174.00
200.00 192.00 199.00 172.00
196.00 182.00 199.00 170.00
198.00 192.00 210.00 172.00
201.00 194.00 204.00 171.00
205.00 188.00 206.00 175.00
202.00 185.00 209.00 179.00
205.00 192.00 199.00 173.00
196.00 195.00 197.00 168.00
199.00 183.00 201.00 169.00
201.00 184.00 198.00 169.00
197.00 184.00 200.00 173.00
188.00 173.00 198.00 178.00
203.00 184.00 196.00 175.00
192.00 184.00 193.00 160.00
184.00 181.00 186.00 176.00
193.00 174.00 199.00 166.00
188.00 181.00 184.00 157.00
177.00 181.00 174.00 144.00
181.00 166.00 174.00 150.00
191.00 171.00 175.00 162.00
184.00 186.00 187.00 160.00
191.00 174.00 180.00 155.00
190.00 176.00 180.00 154.00
193.00 178.00 186.00 157.00
187.00 183.00 185.00 159.00
189.00 183.00 186.00 156.00
186.00 179.00 181.00 151.00
188.00 175.00 179.00 165.00
200.00 181.00 188.00 169.00
197.00 170.00 177.00 160.00
194.00 181.00 187.00 168.00
185.00 181.00 183.00 164.00
190.00 193.00 193.00 161.00
187.00 189.00 177.00 160.00
189.00 194.00 194.00 177.00
182.00 182.00 180.00 163.00
182.00 178.00 185.00 166.00
176.00 168.00 179.00 177.00
187.00 150.00 181.00 173.00
187.00 133.00 178.00 178.00
187.00 122.00 187.00 163.00
197.00 112.00 194.00 170.00
199.00 101.00 192.00 151.00
197.00 96.00 190.00 166.00
191.00 86.00 199.00 169.00
209.00 84.00 203.00 179.00
195.00 80.00 206.00 165.00
188.00 73.00 184.00 163.00
194.00 71.00 182.00 165.00
194.00 68.00 182.00 165.00
181.00 62.00 174.00 178.00
183.00 63.00 177.00 162.00
188.00 62.00 180.00 180.00
186.00 60.00 175.00 184.00
184.00 58.00 173.00 166.00
180.00 54.00 174.00 157.00
188.00 56.00 184.00 163.00
184.00 54.00 175.00 165.00
189.00 52.00 165.00 158.00
176.00 46.00 171.00 160.00
177.00 53.00 172.00 157.00
195.00 49.00 164.00 153.00
187.00 48.00 168.00 166.00
190.00 52.00 182.00 156.00
195.00 49.00 183.00 164.00
179.00 47.00 177.00 167.00
197.00 42.00 175.00 159.00
193.00 40.00 182.00 167.00
197.00 38.00 189.00 172.00
205.00 36.00 189.00 168.00
190.00 36.00 186.00 173.00
207.00 34.00 190.00 163.00
196.00 36.00 185.00 169.00
189.00 36.00 180.00 159.00
192.00 32.00 172.00 159.00
190.00 31.00 173.00 156.00
181.00 32.00 175.00 158.00
185.00 26.00 181.00 161.00
178.00 34.00 168.00 162.00
181.00 27.00 168.00 159.00
191.00 31.00 166.00 162.00
180.00 28.00 176.00 154.00
173.00 28.00 159.00 170.00
184.00 32.00 160.00 166.00
183.00 34.00 166.00 164.00
184.00 36.00 170.00 174.00
179.00 35.00 165.00 168.00
180.00 30.00 161.00 173.00
182.00 28.00 162.00 185.00
179.00 36.00 158.00 159.00
185.00 37.00 161.00 178.00
182.00 32.00 159.00 182.00
182.00 25.00 160.00 175.00
176.00 22.00 161.00 176.00
178.00 40.00 186.00 196.00
182.00 38.00 179.00 185.00
186.00 37.00 174.00 177.00
163.00 20.00 162.00 157.00
162.00 36.00 173.00 170.00
152.00 33.00 170.00 161.00
147.00 18.00 176.00 170.00
133.00 28.00 175.00 168.00
115.00 34.00 191.00 178.00
115.00 32.00 180.00 180.00
114.00 30.00 187.00 175.00
99.00 27.00 182.00 176.00
84.00 15.00 172.00 162.00
80.00 25.00 190.00 185.00
84.00 25.00 175.00 176.00
76.00 12.00 185.00 170.00
73.00 9.00 180.00 169.00
71.00 8.00 185.00 171.00
68.00 7.00 182.00 173.00
63.00 8.00 185.00 171.00
58.00 9.00 181.00 175.00
56.00 13.00 177.00 160.00
51.00 16.00 166.00 180.00
47.00 7.00 157.00 149.00
42.00 12.00 154.00 160.00
43.00 16.00 155.00 173.00
44.00 7.00 152.00 163.00
38.00 6.00 151.00 163.00
33.00 6.00 151.00 161.00
29.00 6.00 150.00 158.00
27.00 7.00 150.00 162.00
23.00 6.00 150.00 162.00
20.00 6.00 149.00 160.00
19.00 5.00 150.00 161.00
18.00 5.00 149.00 158.00
16.00 2.00 149.00 160.00
14.00 4.00 149.00 154.00
21.00 6.00 151.00 115.00
15.00 13.00 152.00 130.00
16.00 6.00 149.00 161.00
12.00 12.00 149.00 146.00
13.00 13.00 150.00 160.00
19.00 7.00 148.00 142.00
19.00 5.00 148.00 149.00
12.00 10.00 149.00 148.00
21.00 11.00 149.00 143.00
21.00 11.00 149.00 138.00
22.00 12.00 150.00 149.00
23.00 12.00 151.00 148.00
21.00 10.00 149.00 144.00
16.00 5.00 150.00 183.00
15.00 5.00 149.00 172.00
12.00 5.00 148.00 176.00
15.00 10.00 148.00 183.00
21.00 9.00 150.00 181.00
19.00 7.00 150.00 176.00
14.00 7.00 149.00 174.00
15.00 5.00 147.00 171.00
17.00 4.00 148.00 165.00
12.00 3.00 147.00 174.00
14.00 10.00 150.00 178.00
16.00 5.00 148.00 179.00
22.00 4.00 147.00 163.00
12.00 3.00 147.00 160.00
12.00 6.00 148.00 166.00
12.00 3.00 147.00 158.00
12.00 3.00 146.00 154.00
12.00 3.00 146.00 154.00
12.00 3.00 146.00 158.00
11.00 3.00 146.00 157.00
11.00 3.00 146.00 145.00
10.00 3.00 146.00 157.00
10.00 3.00 146.00 160.00
11.00 2.00 146.00 161.00
12.00 3.00 147.00 162.00
12.00 3.00 159.00 170.00
18.00 3.00 157.00 163.00
21.00 4.00 157.00 167.00
24.00 12.00 158.00 164.00
18.00 5.00 160.00 161.00
13.00 5.00 159.00 164.00
21.00 12.00 158.00 162.00
14.00 4.00 153.00 162.00
15.00 5.00 151.00 162.00
14.00 3.00 147.00 158.00
13.00 3.00 145.00 156.00
12.00 5.00 147.00 160.00
20.00 11.00 152.00 158.00
20.00 7.00 148.00 164.00
19.00 11.00 150.00 167.00
15.00 4.00 150.00 165.00
15.00 4.00 148.00 167.00
21.00 9.00 145.00 126.00
15.00 9.00 143.00 151.00
18.00 8.00 145.00 159.00
19.00 10.00 139.00 152.00
18.00 3.00 137.00 152.00
12.00 3.00 136.00 162.00
12.00 6.00 143.00 162.00
11.00 2.00 148.00 156.00
10.00 2.00 148.00 159.00
11.00 2.00 146.00 154.00
11.00 2.00 143.00 92.00
16.00 8.00 103.00 133.00
19.00 7.00 102.00 154.00
13.00 4.00 106.00 141.00
18.00 3.00 102.00 143.00
14.00 2.00 103.00 164.00
15.00 4.00 102.00 164.00
11.00 2.00 102.00 163.00
11.00 1.00 101.00 152.00
10.00 8.00 100.00 161.00
10.00 1.00 100.00 152.00
9.00 1.00 100.00 161.00
10.00 1.00 99.00 147.00
9.00 1.00 102.00 159.00
19.00 9.00 103.00 171.00
19.00 2.00 101.00 173.00
14.00 2.00 102.00 175.00
16.00 8.00 105.00 180.00
16.00 4.00 105.00 156.00
12.00 4.00 106.00 137.00
11.00 4.00 105.00 126.00
15.00 6.00 104.00 119.00
11.00 3.00 104.00 89.00
11.00 5.00 103.00 93.00
