185.00 17.00 11.00 11.00
184.00 19.00 12.00 11.00
184.00 19.00 11.00 11.00
185.00 19.00 12.00 11.00
188.00 20.00 14.00 11.00
187.00 20.00 12.00 12.00
185.00 21.00 12.00 10.00
171.00 12.00 9.00 11.00
183.00 9.00 13.00 11.00
177.00 9.00 10.00 10.00
162.00 8.00 10.00 9.00
157.00 8.00 10.00 11.00
190.00 18.00 14.00 13.00
192.00 22.00 26.00 20.00
179.00 26.00 28.00 47.00
218.00 32.00 33.00 72.00
222.00 32.00 41.00 83.00
220.00 28.00 35.00 96.00
236.00 36.00 39.00 144.00
207.00 32.00 48.00 168.00
234.00 30.00 66.00 173.00
222.00 31.00 98.00 163.00
215.00 35.00 126.00 146.00
232.00 30.00 131.00 142.00
236.00 33.00 138.00 144.00
249.00 33.00 150.00 151.00
228.00 38.00 159.00 150.00
233.00 38.00 157.00 147.00
242.00 42.00 163.00 153.00
259.00 66.00 180.00 172.00
240.00 82.00 192.00 188.00
271.00 148.00 212.00 208.00
304.00 258.00 239.00 218.00
232.00 273.00 236.00 204.00
264.00 243.00 250.00 205.00
246.00 271.00 248.00 202.00
237.00 254.00 236.00 220.00
225.00 249.00 238.00 230.00
241.00 248.00 238.00 205.00
241.00 262.00 230.00 201.00
254.00 261.00 237.00 209.00
216.00 269.00 239.00 210.00
251.00 271.00 241.00 206.00
265.00 263.00 243.00 222.00
240.00 282.00 253.00 249.00
231.00 283.00 253.00 247.00
233.00 269.00 265.00 255.00
223.00 274.00 260.00 257.00
223.00 269.00 255.00 256.00
208.00 271.00 252.00 255.00
207.00 276.00 252.00 254.00
233.00 261.00 250.00 255.00
263.00 269.00 252.00 261.00
243.00 271.00 245.00 257.00
238.00 268.00 255.00 238.00
245.00 262.00 250.00 232.00
226.00 273.00 249.00 239.00
259.00 269.00 243.00 237.00
205.00 269.00 251.00 228.00
237.00 245.00 256.00 248.00
219.00 258.00 219.00 241.00
220.00 264.00 251.00 234.00
197.00 274.00 235.00 235.00
211.00 268.00 222.00 259.00
245.00 241.00 244.00 256.00
251.00 297.00 227.00 231.00
239.00 277.00 242.00 260.00
226.00 289.00 255.00 261.00
233.00 289.00 255.00 265.00
243.00 293.00 262.00 256.00
237.00 281.00 263.00 259.00
233.00 292.00 265.00 259.00
246.00 263.00 260.00 250.00
245.00 279.00 269.00 250.00
246.00 275.00 270.00 251.00
251.00 272.00 269.00 253.00
240.00 265.00 257.00 253.00
224.00 273.00 260.00 245.00
252.00 272.00 260.00 256.00
249.00 272.00 270.00 259.00
230.00 277.00 268.00 248.00
216.00 289.00 232.00 247.00
225.00 260.00 257.00 256.00
221.00 277.00 257.00 262.00
228.00 265.00 252.00 254.00
233.00 270.00 232.00 256.00
225.00 256.00 252.00 249.00
218.00 252.00 259.00 231.00
208.00 260.00 245.00 232.00
230.00 248.00 242.00 248.00
223.00 267.00 234.00 257.00
238.00 249.00 214.00 253.00
222.00 271.00 222.00 259.00
224.00 262.00 230.00 253.00
236.00 260.00 205.00 269.00
231.00 261.00 231.00 266.00
248.00 273.00 249.00 263.00
236.00 253.00 248.00 250.00
244.00 255.00 247.00 259.00
235.00 244.00 245.00 258.00
240.00 258.00 248.00 252.00
231.00 271.00 250.00 244.00
244.00 249.00 242.00 259.00
262.00 273.00 252.00 246.00
234.00 265.00 265.00 263.00
236.00 269.00 250.00 279.00
245.00 271.00 268.00 271.00
246.00 274.00 242.00 283.00
254.00 274.00 252.00 271.00
239.00 269.00 256.00 264.00
251.00 256.00 273.00 274.00
246.00 270.00 267.00 264.00
245.00 276.00 273.00 267.00
245.00 277.00 269.00 264.00
236.00 273.00 269.00 272.00
252.00 272.00 269.00 262.00
252.00 276.00 269.00 269.00
243.00 264.00 265.00 270.00
229.00 262.00 227.00 264.00
238.00 279.00 259.00 264.00
242.00 268.00 271.00 272.00
233.00 257.00 270.00 272.00
240.00 257.00 246.00 274.00
242.00 268.00 254.00 268.00
232.00 263.00 248.00 251.00
233.00 251.00 212.00 262.00
224.00 245.00 254.00 252.00
217.00 235.00 259.00 258.00
224.00 254.00 247.00 261.00
220.00 241.00 238.00 259.00
219.00 245.00 221.00 270.00
238.00 276.00 236.00 267.00
236.00 262.00 243.00 291.00
250.00 267.00 257.00 258.00
239.00 273.00 251.00 261.00
238.00 248.00 247.00 243.00
232.00 240.00 231.00 259.00
232.00 275.00 248.00 265.00
256.00 262.00 247.00 266.00
237.00 279.00 222.00 256.00
235.00 263.00 241.00 252.00
229.00 237.00 246.00 254.00
235.00 273.00 238.00 259.00
237.00 260.00 263.00 262.00
240.00 250.00 260.00 260.00
228.00 260.00 254.00 256.00
226.00 279.00 241.00 248.00
236.00 256.00 234.00 246.00
239.00 243.00 239.00 246.00
238.00 232.00 251.00 250.00
251.00 240.00 255.00 247.00
249.00 232.00 249.00 250.00
246.00 234.00 242.00 252.00
235.00 231.00 239.00 257.00
238.00 225.00 234.00 248.00
232.00 240.00 239.00 262.00
242.00 250.00 247.00 270.00
233.00 244.00 243.00 261.00
231.00 256.00 220.00 275.00
221.00 252.00 221.00 257.00
226.00 236.00 237.00 249.00
224.00 245.00 220.00 255.00
219.00 231.00 244.00 252.00
231.00 246.00 239.00 261.00
244.00 245.00 240.00 262.00
229.00 256.00 243.00 261.00
225.00 255.00 226.00 257.00
231.00 259.00 222.00 251.00
234.00 232.00 227.00 251.00
217.00 254.00 233.00 254.00
230.00 247.00 247.00 268.00
228.00 226.00 244.00 246.00
216.00 239.00 214.00 252.00
238.00 247.00 236.00 242.00
232.00 228.00 240.00 242.00
224.00 218.00 240.00 241.00
228.00 267.00 246.00 266.00
225.00 236.00 217.00 262.00
207.00 245.00 213.00 257.00
216.00 233.00 195.00 225.00
217.00 231.00 224.00 241.00
217.00 223.00 219.00 240.00
222.00 229.00 237.00 244.00
235.00 231.00 244.00 257.00
240.00 243.00 212.00 270.00
247.00 240.00 209.00 272.00
256.00 251.00 236.00 259.00
243.00 258.00 230.00 249.00
240.00 244.00 237.00 271.00
239.00 244.00 225.00 261.00
241.00 226.00 227.00 257.00
234.00 218.00 230.00 251.00
249.00 224.00 243.00 247.00
251.00 225.00 213.00 266.00
243.00 223.00 215.00 259.00
247.00 237.00 245.00 266.00
261.00 221.00 238.00 271.00
243.00 233.00 226.00 255.00
249.00 243.00 236.00 265.00
252.00 240.00 255.00 284.00
264.00 241.00 237.00 275.00
245.00 225.00 239.00 257.00
210.00 237.00 229.00 224.00
228.00 241.00 238.00 217.00
201.00 240.00 228.00 220.00
150.00 223.00 228.00 219.00
117.00 251.00 216.00 222.00
105.00 258.00 222.00 224.00
112.00 234.00 226.00 223.00
123.00 231.00 201.00 217.00
109.00 229.00 208.00 212.00
111.00 227.00 199.00 210.00
98.00 236.00 194.00 216.00
98.00 230.00 221.00 207.00
85.00 230.00 205.00 204.00
74.00 229.00 206.00 205.00
67.00 222.00 220.00 205.00
44.00 223.00 218.00 204.00
54.00 229.00 223.00 206.00
55.00 219.00 207.00 200.00
54.00 212.00 198.00 201.00
48.00 219.00 196.00 204.00
55.00 225.00 220.00 210.00
51.00 224.00 201.00 203.00
48.00 220.00 208.00 201.00
57.00 223.00 199.00 201.00
48.00 223.00 203.00 206.00
40.00 214.00 221.00 201.00
45.00 220.00 223.00 199.00
49.00 214.00 193.00 203.00
63.00 220.00 196.00 201.00
47.00 217.00 203.00 197.00
41.00 212.00 218.00 200.00
40.00 214.00 190.00 197.00
41.00 203.00 224.00 198.00
35.00 200.00 202.00 187.00
50.00 200.00 214.00 195.00
41.00 202.00 158.00 192.00
63.00 204.00 184.00 189.00
38.00 208.00 213.00 188.00
33.00 210.00 218.00 191.00
36.00 208.00 189.00 188.00
34.00 202.00 220.00 188.00
35.00 206.00 195.00 192.00
41.00 210.00 207.00 187.00
41.00 202.00 199.00 186.00
38.00 194.00 214.00 182.00
41.00 207.00 198.00 186.00
39.00 210.00 209.00 189.00
41.00 209.00 205.00 182.00
39.00 209.00 166.00 184.00
34.00 202.00 211.00 183.00
33.00 203.00 208.00 183.00
31.00 202.00 218.00 187.00
35.00 209.00 228.00 194.00
36.00 208.00 210.00 188.00
35.00 201.00 201.00 182.00
38.00 202.00 217.00 181.00
35.00 198.00 172.00 179.00
35.00 204.00 223.00 181.00
33.00 200.00 232.00 179.00
33.00 204.00 227.00 183.00
32.00 205.00 221.00 187.00
34.00 201.00 231.00 182.00
33.00 208.00 207.00 179.00
35.00 210.00 219.00 175.00
35.00 195.00 241.00 176.00
34.00 200.00 232.00 183.00
34.00 194.00 222.00 183.00
30.00 200.00 220.00 188.00
32.00 200.00 223.00 178.00
35.00 190.00 209.00 175.00
34.00 197.00 221.00 172.00
