119.00 301.00 289.00 129.00
154.00 307.00 273.00 172.00
173.00 303.00 277.00 224.00
214.00 301.00 285.00 280.00
257.00 297.00 291.00 309.00
262.00 299.00 291.00 298.00
257.00 295.00 282.00 300.00
252.00 291.00 279.00 307.00
251.00 297.00 293.00 290.00
250.00 297.00 280.00 282.00
248.00 298.00 281.00 274.00
249.00 296.00 282.00 302.00
251.00 285.00 291.00 305.00
256.00 297.00 293.00 305.00
252.00 287.00 279.00 305.00
256.00 285.00 283.00 310.00
260.00 282.00 278.00 298.00
256.00 279.00 272.00 311.00
257.00 293.00 261.00 310.00
268.00 314.00 285.00 308.00
257.00 308.00 281.00 308.00
260.00 312.00 291.00 328.00
268.00 300.00 283.00 301.00
263.00 309.00 281.00 316.00
257.00 282.00 274.00 309.00
256.00 304.00 266.00 292.00
257.00 284.00 265.00 297.00
256.00 301.00 287.00 306.00
257.00 316.00 282.00 302.00
270.00 314.00 286.00 302.00
268.00 300.00 290.00 299.00
271.00 318.00 298.00 302.00
284.00 307.00 304.00 322.00
294.00 322.00 303.00 329.00
293.00 325.00 320.00 326.00
294.00 312.00 314.00 321.00
305.00 316.00 296.00 327.00
292.00 315.00 326.00 324.00
287.00 309.00 310.00 327.00
290.00 305.00 310.00 334.00
304.00 319.00 295.00 321.00
288.00 311.00 299.00 320.00
285.00 310.00 298.00 319.00
285.00 311.00 289.00 323.00
279.00 293.00 279.00 297.00
284.00 293.00 302.00 300.00
271.00 302.00 282.00 286.00
270.00 282.00 289.00 300.00
279.00 299.00 295.00 296.00
282.00 299.00 283.00 301.00
286.00 305.00 292.00 308.00
275.00 285.00 286.00 318.00
296.00 289.00 285.00 299.00
299.00 326.00 285.00 295.00
298.00 322.00 270.00 303.00
297.00 320.00 291.00 313.00
289.00 286.00 296.00 318.00
291.00 305.00 292.00 314.00
299.00 291.00 299.00 322.00
293.00 304.00 298.00 321.00
288.00 300.00 286.00 308.00
292.00 316.00 292.00 322.00
301.00 319.00 294.00 323.00
307.00 309.00 300.00 308.00
303.00 305.00 291.00 318.00
294.00 315.00 281.00 325.00
293.00 287.00 296.00 324.00
288.00 286.00 279.00 318.00
282.00 301.00 297.00 310.00
270.00 273.00 281.00 313.00
293.00 256.00 279.00 302.00
293.00 286.00 279.00 282.00
307.00 285.00 275.00 296.00
306.00 266.00 271.00 303.00
308.00 258.00 281.00 301.00
297.00 261.00 271.00 300.00
278.00 263.00 293.00 297.00
287.00 262.00 280.00 307.00
286.00 267.00 298.00 297.00
285.00 267.00 274.00 309.00
304.00 261.00 284.00 313.00
296.00 268.00 291.00 295.00
303.00 266.00 270.00 297.00
295.00 262.00 288.00 309.00
293.00 259.00 280.00 311.00
290.00 262.00 295.00 304.00
292.00 262.00 292.00 308.00
290.00 263.00 293.00 309.00
295.00 280.00 289.00 310.00
290.00 276.00 288.00 299.00
287.00 275.00 294.00 300.00
286.00 291.00 290.00 306.00
297.00 276.00 292.00 305.00
288.00 262.00 285.00 307.00
281.00 257.00 297.00 303.00
278.00 286.00 283.00 295.00
284.00 288.00 288.00 300.00
285.00 281.00 293.00 309.00
280.00 273.00 280.00 292.00
281.00 293.00 289.00 295.00
293.00 298.00 281.00 300.00
283.00 293.00 302.00 305.00
281.00 296.00 293.00 311.00
303.00 300.00 281.00 307.00
305.00 281.00 278.00 320.00
303.00 282.00 289.00 312.00
296.00 294.00 292.00 310.00
303.00 280.00 288.00 317.00
303.00 310.00 299.00 313.00
308.00 280.00 294.00 312.00
298.00 288.00 300.00 320.00
301.00 282.00 290.00 311.00
303.00 267.00 283.00 310.00
298.00 294.00 289.00 308.00
300.00 289.00 288.00 304.00
292.00 296.00 276.00 302.00
288.00 265.00 275.00 300.00
276.00 284.00 282.00 288.00
273.00 283.00 282.00 288.00
291.00 290.00 290.00 299.00
280.00 292.00 283.00 292.00
281.00 293.00 295.00 306.00
298.00 279.00 288.00 298.00
298.00 287.00 296.00 299.00
290.00 295.00 293.00 307.00
280.00 297.00 295.00 310.00
298.00 303.00 294.00 312.00
285.00 291.00 297.00 306.00
305.00 292.00 290.00 306.00
295.00 289.00 305.00 310.00
295.00 301.00 298.00 297.00
283.00 308.00 301.00 304.00
309.00 303.00 309.00 307.00
303.00 286.00 283.00 314.00
292.00 304.00 268.00 309.00
302.00 278.00 271.00 302.00
291.00 275.00 277.00 305.00
287.00 271.00 267.00 290.00
282.00 264.00 272.00 285.00
283.00 268.00 268.00 296.00
281.00 269.00 272.00 294.00
282.00 274.00 279.00 292.00
276.00 271.00 285.00 294.00
280.00 266.00 277.00 298.00
290.00 286.00 284.00 311.00
286.00 293.00 289.00 295.00
294.00 269.00 288.00 311.00
298.00 288.00 298.00 309.00
296.00 289.00 285.00 317.00
297.00 289.00 289.00 309.00
289.00 266.00 255.00 313.00
287.00 272.00 266.00 303.00
280.00 265.00 282.00 299.00
271.00 265.00 281.00 287.00
272.00 275.00 286.00 290.00
278.00 282.00 281.00 287.00
297.00 265.00 281.00 291.00
286.00 272.00 265.00 296.00
267.00 254.00 274.00 296.00
275.00 275.00 278.00 293.00
286.00 284.00 277.00 299.00
277.00 270.00 269.00 305.00
294.00 308.00 272.00 300.00
295.00 290.00 269.00 306.00
276.00 288.00 284.00 297.00
278.00 288.00 285.00 283.00
292.00 291.00 292.00 294.00
295.00 297.00 287.00 307.00
293.00 277.00 282.00 316.00
299.00 280.00 296.00 313.00
300.00 303.00 282.00 316.00
297.00 299.00 293.00 309.00
301.00 299.00 295.00 317.00
290.00 280.00 292.00 300.00
293.00 304.00 287.00 323.00
291.00 308.00 285.00 308.00
295.00 301.00 292.00 293.00
284.00 292.00 285.00 300.00
276.00 263.00 295.00 306.00
290.00 289.00 280.00 299.00
293.00 274.00 292.00 287.00
281.00 286.00 276.00 281.00
283.00 283.00 286.00 293.00
269.00 260.00 273.00 284.00
271.00 278.00 266.00 268.00
210.00 210.00 239.00 276.00
263.00 282.00 274.00 284.00
278.00 271.00 276.00 288.00
281.00 261.00 272.00 281.00
270.00 262.00 277.00 290.00
276.00 273.00 273.00 277.00
263.00 265.00 279.00 280.00
269.00 254.00 272.00 283.00
272.00 273.00 271.00 282.00
276.00 265.00 266.00 290.00
279.00 259.00 275.00 266.00
281.00 267.00 266.00 284.00
282.00 271.00 285.00 301.00
273.00 282.00 268.00 298.00
280.00 288.00 270.00 307.00
297.00 289.00 279.00 305.00
276.00 283.00 269.00 291.00
280.00 280.00 282.00 289.00
259.00 264.00 262.00 272.00
262.00 250.00 276.00 270.00
236.00 257.00 268.00 265.00
235.00 252.00 269.00 242.00
215.00 260.00 256.00 246.00
241.00 261.00 256.00 242.00
244.00 266.00 260.00 247.00
231.00 262.00 262.00 244.00
213.00 262.00 251.00 244.00
215.00 257.00 265.00 249.00
206.00 251.00 276.00 263.00
199.00 263.00 274.00 260.00
195.00 257.00 282.00 266.00
218.00 247.00 280.00 251.00
226.00 176.00 201.00 186.00
202.00 179.00 265.00 192.00
204.00 173.00 256.00 190.00
204.00 169.00 259.00 187.00
205.00 164.00 246.00 188.00
204.00 169.00 249.00 194.00
205.00 168.00 256.00 201.00
204.00 169.00 246.00 211.00
204.00 164.00 241.00 215.00
209.00 173.00 251.00 219.00
207.00 171.00 253.00 218.00
206.00 175.00 257.00 221.00
208.00 174.00 247.00 219.00
207.00 174.00 256.00 220.00
209.00 174.00 247.00 222.00
215.00 178.00 261.00 225.00
214.00 175.00 259.00 223.00
213.00 172.00 256.00 220.00
210.00 172.00 254.00 209.00
204.00 158.00 246.00 209.00
201.00 159.00 244.00 204.00
203.00 158.00 232.00 206.00
205.00 159.00 237.00 205.00
206.00 157.00 229.00 203.00
211.00 160.00 231.00 204.00
203.00 160.00 229.00 204.00
209.00 161.00 229.00 205.00
205.00 157.00 225.00 205.00
206.00 159.00 223.00 203.00
206.00 162.00 223.00 204.00
208.00 163.00 223.00 207.00
206.00 164.00 221.00 209.00
206.00 161.00 220.00 204.00
205.00 158.00 219.00 200.00
201.00 159.00 218.00 202.00
197.00 159.00 217.00 199.00
194.00 159.00 218.00 198.00
192.00 154.00 212.00 198.00
