273.00 289.00 279.00 270.00
274.00 290.00 281.00 260.00
246.00 310.00 277.00 254.00
255.00 280.00 265.00 261.00
258.00 269.00 268.00 258.00
259.00 266.00 265.00 247.00
260.00 290.00 258.00 246.00
262.00 271.00 261.00 246.00
253.00 272.00 263.00 267.00
262.00 292.00 281.00 267.00
258.00 297.00 278.00 273.00
269.00 322.00 278.00 266.00
270.00 281.00 279.00 272.00
263.00 294.00 275.00 260.00
258.00 283.00 262.00 260.00
245.00 292.00 251.00 258.00
251.00 269.00 259.00 253.00
266.00 286.00 271.00 266.00
261.00 298.00 290.00 267.00
280.00 305.00 285.00 261.00
259.00 304.00 288.00 257.00
260.00 275.00 284.00 254.00
257.00 276.00 271.00 247.00
259.00 277.00 273.00 247.00
244.00 267.00 257.00 254.00
253.00 274.00 268.00 254.00
252.00 279.00 264.00 254.00
259.00 300.00 274.00 254.00
245.00 302.00 263.00 272.00
258.00 309.00 271.00 265.00
263.00 294.00 267.00 262.00
277.00 298.00 287.00 268.00
279.00 284.00 285.00 259.00
260.00 312.00 273.00 267.00
269.00 304.00 273.00 258.00
271.00 287.00 286.00 255.00
267.00 262.00 274.00 263.00
255.00 261.00 288.00 276.00
274.00 281.00 262.00 273.00
275.00 296.00 260.00 259.00
258.00 276.00 289.00 257.00
251.00 264.00 268.00 255.00
258.00 289.00 258.00 255.00
256.00 263.00 256.00 256.00
265.00 249.00 262.00 253.00
258.00 265.00 261.00 257.00
266.00 261.00 266.00 260.00
262.00 270.00 288.00 261.00
272.00 292.00 268.00 279.00
286.00 315.00 269.00 265.00
268.00 273.00 275.00 274.00
264.00 297.00 277.00 269.00
273.00 291.00 270.00 287.00
277.00 313.00 275.00 263.00
271.00 290.00 271.00 270.00
276.00 277.00 266.00 260.00
258.00 298.00 253.00 238.00
280.00 283.00 246.00 249.00
272.00 292.00 268.00 249.00
280.00 264.00 251.00 255.00
269.00 264.00 244.00 254.00
272.00 263.00 256.00 246.00
258.00 275.00 264.00 244.00
253.00 258.00 258.00 250.00
267.00 256.00 260.00 239.00
261.00 259.00 267.00 241.00
258.00 276.00 272.00 229.00
251.00 265.00 276.00 241.00
272.00 292.00 291.00 244.00
265.00 289.00 272.00 248.00
262.00 259.00 273.00 260.00
250.00 275.00 279.00 249.00
255.00 259.00 271.00 246.00
255.00 285.00 252.00 250.00
256.00 263.00 256.00 239.00
261.00 274.00 267.00 259.00
272.00 279.00 247.00 270.00
278.00 258.00 263.00 267.00
282.00 266.00 254.00 254.00
266.00 253.00 258.00 255.00
262.00 262.00 264.00 258.00
271.00 283.00 258.00 256.00
269.00 278.00 266.00 249.00
258.00 257.00 264.00 246.00
258.00 236.00 293.00 243.00
270.00 257.00 256.00 244.00
269.00 263.00 253.00 249.00
256.00 260.00 246.00 253.00
261.00 243.00 268.00 238.00
258.00 263.00 259.00 248.00
259.00 264.00 260.00 251.00
244.00 248.00 265.00 260.00
260.00 238.00 266.00 245.00
257.00 249.00 251.00 242.00
250.00 245.00 260.00 249.00
251.00 233.00 257.00 237.00
261.00 268.00 238.00 246.00
241.00 244.00 247.00 248.00
252.00 271.00 241.00 232.00
256.00 247.00 258.00 246.00
261.00 258.00 268.00 256.00
233.00 244.00 260.00 245.00
249.00 243.00 256.00 246.00
260.00 251.00 270.00 240.00
250.00 224.00 265.00 248.00
244.00 241.00 247.00 234.00
243.00 245.00 240.00 234.00
250.00 236.00 250.00 241.00
255.00 230.00 251.00 239.00
243.00 225.00 258.00 252.00
251.00 226.00 274.00 246.00
244.00 224.00 260.00 247.00
239.00 232.00 248.00 251.00
260.00 247.00 239.00 254.00
243.00 236.00 221.00 243.00
249.00 257.00 231.00 240.00
253.00 253.00 231.00 238.00
240.00 235.00 234.00 232.00
227.00 252.00 233.00 241.00
222.00 257.00 239.00 237.00
217.00 216.00 254.00 237.00
203.00 240.00 249.00 241.00
211.00 252.00 261.00 249.00
207.00 250.00 254.00 243.00
204.00 261.00 262.00 252.00
211.00 268.00 251.00 250.00
207.00 266.00 254.00 241.00
199.00 262.00 278.00 252.00
197.00 268.00 264.00 248.00
196.00 250.00 261.00 253.00
191.00 259.00 251.00 251.00
189.00 239.00 251.00 248.00
186.00 252.00 252.00 252.00
181.00 235.00 251.00 249.00
187.00 249.00 254.00 246.00
191.00 262.00 271.00 250.00
194.00 251.00 258.00 244.00
195.00 253.00 254.00 250.00
191.00 242.00 262.00 246.00
195.00 251.00 271.00 244.00
199.00 244.00 236.00 251.00
195.00 258.00 245.00 247.00
196.00 261.00 240.00 249.00
196.00 253.00 243.00 241.00
201.00 237.00 249.00 236.00
201.00 228.00 238.00 239.00
200.00 242.00 229.00 243.00
197.00 232.00 235.00 241.00
198.00 235.00 234.00 239.00
199.00 234.00 225.00 235.00
197.00 238.00 234.00 236.00
194.00 258.00 241.00 236.00
194.00 233.00 246.00 236.00
190.00 240.00 257.00 235.00
184.00 234.00 279.00 213.00
185.00 249.00 258.00 236.00
187.00 240.00 233.00 245.00
181.00 267.00 240.00 237.00
180.00 238.00 244.00 245.00
185.00 277.00 277.00 241.00
186.00 266.00 261.00 238.00
186.00 270.00 252.00 235.00
190.00 276.00 254.00 234.00
193.00 250.00 251.00 240.00
196.00 257.00 252.00 244.00
190.00 268.00 264.00 239.00
197.00 287.00 257.00 248.00
199.00 255.00 262.00 240.00
203.00 269.00 282.00 246.00
203.00 259.00 253.00 238.00
201.00 282.00 254.00 229.00
198.00 286.00 254.00 239.00
195.00 262.00 251.00 241.00
195.00 267.00 276.00 244.00
189.00 256.00 257.00 243.00
188.00 268.00 249.00 242.00
185.00 257.00 262.00 242.00
188.00 257.00 252.00 237.00
185.00 256.00 267.00 221.00
184.00 268.00 258.00 204.00
182.00 247.00 257.00 218.00
178.00 252.00 267.00 218.00
175.00 258.00 271.00 206.00
173.00 258.00 278.00 200.00
172.00 255.00 254.00 205.00
172.00 230.00 258.00 201.00
171.00 237.00 247.00 204.00
171.00 246.00 253.00 201.00
169.00 240.00 249.00 200.00
169.00 236.00 249.00 203.00
167.00 249.00 257.00 196.00
169.00 270.00 257.00 188.00
167.00 252.00 251.00 186.00
170.00 245.00 242.00 192.00
168.00 274.00 244.00 186.00
166.00 259.00 244.00 189.00
168.00 267.00 219.00 193.00
167.00 277.00 211.00 195.00
167.00 270.00 210.00 193.00
165.00 259.00 212.00 192.00
163.00 247.00 205.00 190.00
162.00 253.00 207.00 189.00
162.00 242.00 210.00 187.00
161.00 238.00 206.00 184.00
159.00 234.00 208.00 179.00
158.00 231.00 208.00 174.00
156.00 229.00 202.00 173.00
155.00 217.00 196.00 173.00
155.00 220.00 195.00 174.00
154.00 219.00 194.00 174.00
156.00 220.00 192.00 183.00
157.00 221.00 193.00 200.00
157.00 214.00 193.00 200.00
155.00 214.00 197.00 197.00
154.00 215.00 195.00 191.00
154.00 208.00 193.00 185.00
153.00 209.00 193.00 179.00
153.00 210.00 185.00 181.00
151.00 211.00 189.00 182.00
