332.00 314.00 308.00 369.00
340.00 313.00 303.00 365.00
352.00 327.00 308.00 365.00
324.00 312.00 304.00 358.00
329.00 326.00 299.00 348.00
339.00 319.00 297.00 352.00
344.00 292.00 290.00 353.00
347.00 305.00 301.00 346.00
330.00 296.00 317.00 351.00
333.00 301.00 304.00 358.00
345.00 330.00 314.00 345.00
330.00 310.00 310.00 343.00
348.00 303.00 299.00 343.00
333.00 314.00 311.00 324.00
325.00 275.00 290.00 347.00
318.00 286.00 313.00 348.00
295.00 312.00 315.00 331.00
326.00 293.00 298.00 331.00
336.00 294.00 322.00 362.00
340.00 282.00 299.00 339.00
332.00 313.00 319.00 346.00
335.00 324.00 309.00 356.00
363.00 341.00 314.00 363.00
352.00 311.00 315.00 373.00
346.00 340.00 319.00 354.00
334.00 307.00 311.00 353.00
321.00 299.00 319.00 334.00
332.00 285.00 303.00 348.00
310.00 304.00 286.00 336.00
324.00 314.00 291.00 351.00
327.00 314.00 294.00 338.00
314.00 317.00 286.00 351.00
335.00 288.00 293.00 338.00
310.00 289.00 291.00 341.00
324.00 314.00 312.00 350.00
327.00 312.00 299.00 353.00
341.00 297.00 315.00 353.00
343.00 288.00 315.00 334.00
345.00 265.00 320.00 352.00
325.00 286.00 301.00 361.00
358.00 290.00 312.00 368.00
328.00 318.00 312.00 323.00
333.00 300.00 284.00 336.00
324.00 317.00 304.00 338.00
335.00 308.00 312.00 331.00
345.00 289.00 305.00 313.00
316.00 299.00 312.00 327.00
329.00 302.00 313.00 328.00
348.00 288.00 307.00 320.00
304.00 299.00 281.00 335.00
297.00 286.00 293.00 332.00
297.00 294.00 307.00 341.00
325.00 301.00 311.00 324.00
318.00 284.00 294.00 322.00
330.00 278.00 300.00 321.00
340.00 281.00 300.00 327.00
312.00 278.00 296.00 321.00
324.00 285.00 307.00 326.00
324.00 298.00 320.00 329.00
322.00 289.00 315.00 329.00
319.00 293.00 313.00 343.00
325.00 296.00 318.00 339.00
324.00 310.00 295.00 333.00
328.00 299.00 317.00 328.00
303.00 300.00 309.00 330.00
314.00 277.00 320.00 328.00
320.00 278.00 304.00 336.00
310.00 291.00 313.00 334.00
324.00 287.00 310.00 337.00
318.00 267.00 302.00 329.00
310.00 280.00 295.00 319.00
304.00 284.00 301.00 326.00
306.00 285.00 306.00 312.00
323.00 294.00 288.00 295.00
308.00 268.00 285.00 312.00
318.00 268.00 269.00 319.00
320.00 276.00 295.00 314.00
319.00 270.00 284.00 318.00
321.00 270.00 273.00 313.00
310.00 265.00 286.00 311.00
312.00 265.00 296.00 324.00
308.00 269.00 289.00 317.00
279.00 284.00 291.00 319.00
313.00 279.00 289.00 301.00
316.00 275.00 287.00 314.00
313.00 274.00 278.00 300.00
313.00 272.00 275.00 303.00
304.00 280.00 303.00 314.00
328.00 280.00 309.00 324.00
310.00 281.00 315.00 333.00
321.00 291.00 301.00 322.00
307.00 261.00 291.00 317.00
297.00 262.00 293.00 321.00
313.00 271.00 283.00 311.00
267.00 249.00 283.00 308.00
284.00 245.00 264.00 305.00
269.00 252.00 262.00 286.00
274.00 251.00 261.00 290.00
270.00 257.00 259.00 297.00
294.00 280.00 244.00 295.00
318.00 269.00 250.00 301.00
300.00 267.00 259.00 303.00
301.00 262.00 263.00 297.00
294.00 270.00 259.00 303.00
297.00 292.00 263.00 313.00
309.00 270.00 263.00 306.00
291.00 260.00 261.00 306.00
301.00 268.00 254.00 292.00
292.00 259.00 248.00 303.00
295.00 289.00 247.00 296.00
286.00 262.00 255.00 290.00
304.00 272.00 258.00 300.00
286.00 267.00 263.00 299.00
296.00 286.00 261.00 314.00
307.00 270.00 256.00 291.00
296.00 257.00 239.00 300.00
286.00 260.00 236.00 299.00
298.00 271.00 242.00 310.00
302.00 279.00 245.00 293.00
316.00 285.00 249.00 316.00
327.00 285.00 246.00 304.00
314.00 266.00 233.00 300.00
302.00 257.00 230.00 299.00
286.00 264.00 235.00 287.00
274.00 264.00 235.00 297.00
295.00 275.00 238.00 305.00
300.00 268.00 250.00 306.00
303.00 288.00 261.00 306.00
322.00 286.00 257.00 307.00
312.00 276.00 245.00 302.00
297.00 267.00 245.00 307.00
300.00 279.00 239.00 298.00
288.00 265.00 240.00 297.00
286.00 270.00 238.00 293.00
287.00 268.00 244.00 293.00
296.00 266.00 250.00 300.00
289.00 273.00 251.00 306.00
289.00 278.00 254.00 306.00
298.00 280.00 257.00 316.00
305.00 277.00 249.00 307.00
291.00 263.00 245.00 295.00
284.00 250.00 235.00 291.00
281.00 264.00 237.00 290.00
275.00 261.00 235.00 299.00
265.00 266.00 234.00 297.00
270.00 272.00 234.00 290.00
289.00 262.00 232.00 286.00
269.00 257.00 234.00 286.00
292.00 275.00 234.00 282.00
274.00 274.00 231.00 275.00
269.00 272.00 227.00 280.00
264.00 272.00 226.00 281.00
265.00 261.00 225.00 279.00
268.00 256.00 225.00 274.00
275.00 259.00 233.00 272.00
267.00 265.00 229.00 280.00
254.00 284.00 227.00 277.00
243.00 277.00 219.00 255.00
231.00 264.00 213.00 253.00
222.00 259.00 214.00 250.00
210.00 267.00 212.00 224.00
205.00 272.00 212.00 225.00
207.00 272.00 210.00 223.00
204.00 268.00 210.00 223.00
203.00 262.00 206.00 216.00
200.00 241.00 207.00 215.00
203.00 233.00 206.00 217.00
202.00 230.00 208.00 217.00
203.00 241.00 211.00 219.00
205.00 253.00 211.00 218.00
