86.00 84.00 264.00 49.00
119.00 97.00 260.00 54.00
103.00 87.00 260.00 68.00
95.00 90.00 125.00 46.00
116.00 137.00 208.00 62.00
136.00 189.00 235.00 87.00
139.00 216.00 225.00 99.00
143.00 226.00 213.00 113.00
155.00 225.00 227.00 123.00
169.00 225.00 217.00 123.00
160.00 229.00 219.00 140.00
184.00 195.00 183.00 113.00
212.00 222.00 208.00 104.00
232.00 243.00 243.00 121.00
239.00 223.00 243.00 119.00
237.00 239.00 245.00 123.00
242.00 233.00 240.00 121.00
235.00 223.00 238.00 123.00
239.00 228.00 230.00 134.00
234.00 210.00 228.00 133.00
230.00 216.00 214.00 133.00
229.00 215.00 223.00 141.00
235.00 238.00 228.00 146.00
243.00 222.00 210.00 141.00
224.00 207.00 213.00 135.00
247.00 226.00 226.00 161.00
248.00 235.00 220.00 154.00
220.00 218.00 188.00 154.00
225.00 207.00 184.00 157.00
223.00 216.00 183.00 166.00
211.00 195.00 184.00 166.00
220.00 179.00 191.00 179.00
212.00 193.00 192.00 193.00
218.00 206.00 188.00 205.00
221.00 206.00 207.00 219.00
223.00 203.00 209.00 211.00
224.00 185.00 193.00 202.00
215.00 180.00 184.00 195.00
241.00 234.00 183.00 217.00
243.00 207.00 192.00 207.00
228.00 209.00 187.00 211.00
216.00 203.00 196.00 209.00
212.00 216.00 185.00 215.00
215.00 198.00 187.00 214.00
210.00 213.00 183.00 211.00
215.00 225.00 187.00 215.00
218.00 222.00 194.00 201.00
212.00 211.00 204.00 214.00
214.00 200.00 200.00 214.00
212.00 206.00 195.00 218.00
214.00 210.00 190.00 217.00
218.00 221.00 200.00 212.00
198.00 212.00 191.00 204.00
196.00 209.00 202.00 218.00
207.00 219.00 199.00 207.00
218.00 223.00 195.00 214.00
222.00 213.00 192.00 194.00
220.00 190.00 173.00 191.00
216.00 188.00 186.00 206.00
223.00 206.00 190.00 199.00
215.00 209.00 185.00 196.00
216.00 207.00 206.00 212.00
213.00 202.00 179.00 194.00
209.00 209.00 191.00 195.00
211.00 192.00 186.00 212.00
220.00 208.00 185.00 210.00
215.00 184.00 185.00 207.00
210.00 230.00 183.00 183.00
212.00 208.00 186.00 202.00
204.00 201.00 192.00 215.00
208.00 211.00 174.00 211.00
211.00 217.00 185.00 211.00
209.00 203.00 186.00 206.00
204.00 201.00 188.00 206.00
209.00 208.00 170.00 204.00
211.00 195.00 191.00 203.00
203.00 203.00 195.00 206.00
208.00 200.00 189.00 210.00
218.00 175.00 199.00 204.00
212.00 179.00 194.00 209.00
208.00 206.00 189.00 181.00
139.00 181.00 217.00 205.00
187.00 209.00 220.00 198.00
198.00 150.00 178.00 218.00
209.00 175.00 200.00 220.00
213.00 175.00 194.00 225.00
203.00 189.00 202.00 212.00
193.00 182.00 200.00 211.00
197.00 191.00 204.00 232.00
216.00 198.00 214.00 224.00
207.00 169.00 199.00 218.00
212.00 188.00 199.00 217.00
202.00 194.00 208.00 217.00
188.00 200.00 192.00 211.00
189.00 191.00 200.00 212.00
199.00 185.00 195.00 212.00
197.00 192.00 200.00 207.00
188.00 201.00 191.00 234.00
223.00 196.00 212.00 233.00
223.00 203.00 225.00 234.00
202.00 208.00 203.00 213.00
206.00 203.00 205.00 232.00
209.00 223.00 207.00 229.00
212.00 221.00 208.00 214.00
201.00 215.00 207.00 207.00
200.00 217.00 202.00 211.00
188.00 201.00 216.00 215.00
209.00 214.00 225.00 230.00
195.00 208.00 211.00 223.00
213.00 202.00 228.00 231.00
213.00 201.00 228.00 235.00
203.00 184.00 220.00 221.00
223.00 221.00 203.00 238.00
216.00 196.00 203.00 212.00
180.00 192.00 194.00 208.00
179.00 194.00 236.00 203.00
181.00 194.00 211.00 215.00
184.00 183.00 204.00 218.00
190.00 216.00 199.00 220.00
202.00 211.00 204.00 214.00
181.00 210.00 211.00 227.00
206.00 196.00 202.00 238.00
207.00 182.00 199.00 221.00
193.00 184.00 193.00 217.00
185.00 188.00 197.00 221.00
195.00 194.00 202.00 220.00
180.00 174.00 204.00 212.00
191.00 191.00 201.00 220.00
194.00 187.00 202.00 215.00
187.00 183.00 199.00 219.00
184.00 197.00 197.00 223.00
195.00 189.00 202.00 226.00
193.00 190.00 204.00 227.00
202.00 186.00 206.00 230.00
226.00 174.00 224.00 234.00
211.00 205.00 208.00 230.00
200.00 158.00 225.00 217.00
197.00 188.00 201.00 218.00
203.00 190.00 208.00 213.00
190.00 189.00 209.00 212.00
196.00 187.00 221.00 212.00
200.00 175.00 204.00 216.00
195.00 183.00 224.00 218.00
191.00 182.00 214.00 209.00
189.00 184.00 223.00 215.00
223.00 209.00 232.00 204.00
190.00 193.00 231.00 239.00
198.00 181.00 226.00 215.00
196.00 199.00 233.00 209.00
203.00 176.00 235.00 233.00
177.00 187.00 223.00 203.00
194.00 176.00 242.00 207.00
182.00 184.00 244.00 203.00
182.00 183.00 244.00 208.00
199.00 189.00 241.00 227.00
205.00 203.00 253.00 215.00
218.00 178.00 229.00 226.00
180.00 166.00 207.00 205.00
197.00 165.00 220.00 202.00
175.00 215.00 223.00 215.00
170.00 176.00 227.00 210.00
184.00 181.00 213.00 223.00
196.00 173.00 215.00 230.00
203.00 181.00 213.00 221.00
193.00 166.00 214.00 230.00
200.00 160.00 215.00 219.00
195.00 158.00 216.00 216.00
186.00 156.00 211.00 216.00
188.00 163.00 209.00 214.00
201.00 164.00 206.00 234.00
186.00 152.00 216.00 222.00
174.00 143.00 202.00 214.00
178.00 146.00 198.00 210.00
180.00 151.00 197.00 210.00
181.00 141.00 197.00 213.00
208.00 147.00 204.00 212.00
218.00 146.00 199.00 204.00
196.00 133.00 197.00 207.00
182.00 115.00 196.00 206.00
179.00 113.00 187.00 204.00
180.00 123.00 184.00 215.00
174.00 105.00 184.00 201.00
171.00 111.00 183.00 200.00
164.00 96.00 165.00 197.00
175.00 85.00 169.00 205.00
154.00 90.00 159.00 190.00
146.00 85.00 143.00 178.00
162.00 78.00 144.00 199.00
157.00 69.00 149.00 203.00
164.00 72.00 147.00 200.00
157.00 57.00 147.00 200.00
138.00 59.00 146.00 202.00
144.00 50.00 147.00 196.00
130.00 51.00 150.00 196.00
120.00 36.00 146.00 184.00
112.00 45.00 146.00 184.00
99.00 29.00 147.00 191.00
93.00 40.00 146.00 191.00
80.00 23.00 145.00 192.00
73.00 23.00 146.00 183.00
70.00 28.00 145.00 193.00
55.00 28.00 144.00 182.00
45.00 24.00 143.00 169.00
37.00 29.00 143.00 149.00
28.00 26.00 143.00 128.00
20.00 24.00 143.00 113.00
14.00 20.00 142.00 99.00
11.00 22.00 142.00 85.00
9.00 17.00 142.00 75.00
7.00 15.00 141.00 65.00
8.00 15.00 141.00 59.00
