225.00 94.00 249.00 217.00
219.00 92.00 250.00 216.00
216.00 92.00 246.00 214.00
216.00 90.00 247.00 212.00
211.00 89.00 249.00 210.00
211.00 90.00 246.00 209.00
206.00 92.00 253.00 208.00
210.00 92.00 249.00 207.00
206.00 96.00 253.00 210.00
206.00 91.00 253.00 211.00
206.00 92.00 252.00 209.00
205.00 91.00 254.00 210.00
209.00 94.00 253.00 209.00
202.00 95.00 255.00 210.00
208.00 94.00 252.00 216.00
215.00 105.00 267.00 250.00
246.00 115.00 270.00 270.00
265.00 141.00 295.00 288.00
269.00 164.00 285.00 276.00
266.00 269.00 286.00 289.00
260.00 281.00 277.00 295.00
268.00 287.00 286.00 285.00
264.00 283.00 290.00 296.00
278.00 315.00 295.00 295.00
274.00 288.00 293.00 295.00
276.00 299.00 290.00 299.00
261.00 285.00 296.00 304.00
253.00 280.00 290.00 294.00
253.00 263.00 277.00 291.00
264.00 282.00 286.00 274.00
288.00 278.00 297.00 296.00
251.00 281.00 297.00 297.00
271.00 281.00 306.00 285.00
306.00 278.00 305.00 302.00
259.00 281.00 290.00 289.00
258.00 267.00 286.00 292.00
257.00 265.00 289.00 300.00
261.00 278.00 299.00 309.00
259.00 291.00 311.00 302.00
268.00 283.00 298.00 295.00
279.00 285.00 294.00 299.00
246.00 275.00 281.00 297.00
256.00 277.00 299.00 282.00
283.00 296.00 283.00 301.00
292.00 322.00 296.00 320.00
263.00 295.00 293.00 309.00
255.00 304.00 289.00 307.00
262.00 299.00 292.00 284.00
254.00 290.00 285.00 254.00
242.00 265.00 287.00 299.00
284.00 284.00 288.00 287.00
255.00 290.00 302.00 302.00
259.00 305.00 304.00 305.00
275.00 296.00 297.00 284.00
243.00 279.00 279.00 297.00
259.00 278.00 280.00 296.00
246.00 293.00 266.00 263.00
252.00 260.00 280.00 287.00
279.00 293.00 285.00 297.00
259.00 273.00 305.00 299.00
284.00 291.00 300.00 303.00
288.00 282.00 300.00 297.00
252.00 282.00 285.00 289.00
254.00 268.00 280.00 285.00
279.00 282.00 278.00 278.00
267.00 287.00 268.00 273.00
261.00 269.00 262.00 262.00
265.00 272.00 279.00 280.00
288.00 301.00 291.00 307.00
299.00 313.00 294.00 301.00
263.00 284.00 261.00 297.00
287.00 282.00 261.00 295.00
287.00 268.00 253.00 289.00
265.00 266.00 264.00 283.00
271.00 284.00 271.00 279.00
239.00 278.00 265.00 277.00
252.00 268.00 259.00 272.00
240.00 277.00 264.00 280.00
247.00 280.00 270.00 285.00
271.00 284.00 270.00 291.00
269.00 298.00 265.00 269.00
250.00 281.00 249.00 250.00
250.00 269.00 257.00 279.00
263.00 274.00 257.00 274.00
258.00 280.00 258.00 280.00
259.00 270.00 251.00 260.00
267.00 271.00 259.00 278.00
287.00 272.00 245.00 289.00
272.00 284.00 243.00 280.00
250.00 288.00 242.00 284.00
280.00 288.00 259.00 283.00
274.00 290.00 260.00 289.00
284.00 287.00 265.00 288.00
257.00 275.00 250.00 286.00
258.00 260.00 239.00 271.00
264.00 273.00 241.00 269.00
236.00 246.00 237.00 252.00
230.00 255.00 237.00 271.00
232.00 245.00 230.00 270.00
255.00 271.00 235.00 267.00
208.00 270.00 246.00 281.00
248.00 282.00 245.00 282.00
249.00 274.00 246.00 265.00
251.00 267.00 235.00 265.00
217.00 263.00 233.00 266.00
223.00 261.00 238.00 270.00
256.00 250.00 226.00 268.00
233.00 257.00 225.00 277.00
222.00 254.00 226.00 288.00
207.00 276.00 272.00 290.00
275.00 280.00 241.00 286.00
241.00 255.00 240.00 281.00
200.00 261.00 249.00 274.00
205.00 245.00 240.00 272.00
185.00 239.00 230.00 267.00
208.00 241.00 231.00 268.00
263.00 266.00 236.00 273.00
255.00 288.00 242.00 279.00
246.00 259.00 243.00 278.00
243.00 264.00 234.00 273.00
252.00 264.00 227.00 268.00
233.00 245.00 213.00 258.00
235.00 260.00 214.00 258.00
228.00 222.00 217.00 264.00
223.00 236.00 218.00 260.00
252.00 242.00 222.00 269.00
222.00 232.00 218.00 267.00
219.00 226.00 214.00 262.00
182.00 232.00 212.00 261.00
250.00 243.00 208.00 259.00
246.00 240.00 205.00 262.00
240.00 245.00 204.00 265.00
227.00 210.00 208.00 262.00
228.00 212.00 202.00 258.00
254.00 222.00 203.00 261.00
253.00 235.00 210.00 260.00
237.00 222.00 212.00 254.00
225.00 214.00 208.00 244.00
210.00 214.00 208.00 245.00
208.00 213.00 205.00 247.00
204.00 213.00 205.00 243.00
201.00 213.00 201.00 229.00
195.00 210.00 196.00 229.00
195.00 208.00 199.00 223.00
201.00 207.00 199.00 223.00
199.00 207.00 196.00 227.00
197.00 202.00 204.00 227.00
197.00 205.00 203.00 227.00
196.00 210.00 198.00 220.00
197.00 203.00 198.00 222.00
202.00 201.00 196.00 232.00
204.00 217.00 204.00 235.00
198.00 216.00 206.00 232.00
196.00 211.00 200.00 225.00
198.00 206.00 196.00 223.00
197.00 198.00 193.00 214.00
197.00 201.00 191.00 228.00
197.00 202.00 196.00 235.00
197.00 205.00 197.00 233.00
198.00 211.00 198.00 236.00
206.00 213.00 202.00 239.00
200.00 208.00 196.00 239.00
195.00 205.00 193.00 238.00
196.00 205.00 197.00 238.00
193.00 207.00 196.00 231.00
192.00 207.00 202.00 227.00
190.00 201.00 194.00 231.00
190.00 208.00 194.00 230.00
191.00 208.00 194.00 224.00
190.00 208.00 194.00 224.00
190.00 235.00 196.00 223.00
200.00 240.00 200.00 226.00
199.00 235.00 198.00 227.00
