92.00 237.00 245.00 223.00
109.00 236.00 246.00 240.00
124.00 250.00 257.00 254.00
125.00 245.00 260.00 272.00
159.00 267.00 269.00 270.00
175.00 219.00 256.00 274.00
183.00 237.00 247.00 220.00
175.00 223.00 193.00 235.00
223.00 247.00 173.00 216.00
250.00 256.00 186.00 219.00
240.00 237.00 171.00 213.00
222.00 229.00 162.00 206.00
231.00 250.00 161.00 211.00
221.00 226.00 183.00 221.00
225.00 245.00 195.00 249.00
231.00 243.00 196.00 252.00
246.00 238.00 194.00 278.00
223.00 263.00 196.00 251.00
252.00 300.00 209.00 248.00
259.00 263.00 200.00 220.00
252.00 265.00 181.00 258.00
250.00 259.00 187.00 246.00
235.00 243.00 176.00 220.00
227.00 242.00 184.00 245.00
233.00 233.00 179.00 242.00
232.00 220.00 193.00 243.00
230.00 237.00 186.00 216.00
228.00 229.00 191.00 239.00
230.00 211.00 193.00 234.00
239.00 217.00 189.00 234.00
224.00 242.00 193.00 239.00
237.00 208.00 202.00 221.00
233.00 212.00 200.00 224.00
264.00 218.00 234.00 222.00
235.00 212.00 197.00 229.00
233.00 227.00 205.00 229.00
221.00 210.00 217.00 229.00
238.00 223.00 231.00 243.00
219.00 147.00 122.00 165.00
180.00 95.00 119.00 151.00
181.00 28.00 76.00 147.00
180.00 15.00 52.00 140.00
179.00 12.00 45.00 137.00
177.00 9.00 41.00 133.00
176.00 8.00 41.00 132.00
174.00 8.00 43.00 129.00
174.00 8.00 42.00 120.00
174.00 6.00 42.00 119.00
173.00 8.00 44.00 120.00
157.00 17.00 45.00 126.00
163.00 23.00 35.00 144.00
183.00 42.00 40.00 33.00
173.00 37.00 33.00 29.00
145.00 42.00 33.00 30.00
30.00 40.00 34.00 52.00
39.00 56.00 53.00 113.00
48.00 66.00 58.00 168.00
58.00 30.00 77.00 221.00
53.00 47.00 112.00 252.00
60.00 53.00 153.00 269.00
72.00 64.00 213.00 266.00
96.00 79.00 219.00 264.00
147.00 101.00 221.00 277.00
186.00 107.00 209.00 280.00
224.00 109.00 213.00 259.00
229.00 132.00 216.00 259.00
225.00 144.00 220.00 273.00
230.00 161.00 221.00 281.00
237.00 167.00 229.00 284.00
241.00 190.00 222.00 272.00
235.00 195.00 220.00 282.00
226.00 199.00 216.00 259.00
225.00 215.00 215.00 270.00
234.00 230.00 224.00 279.00
234.00 228.00 223.00 249.00
232.00 236.00 221.00 274.00
238.00 250.00 218.00 281.00
238.00 245.00 232.00 287.00
242.00 235.00 233.00 276.00
243.00 238.00 239.00 279.00
246.00 232.00 221.00 295.00
246.00 233.00 224.00 286.00
239.00 230.00 221.00 287.00
252.00 227.00 215.00 270.00
238.00 230.00 222.00 272.00
230.00 222.00 217.00 277.00
227.00 224.00 223.00 280.00
229.00 223.00 210.00 273.00
239.00 233.00 216.00 282.00
233.00 222.00 221.00 265.00
230.00 218.00 218.00 260.00
234.00 237.00 221.00 282.00
238.00 229.00 221.00 265.00
239.00 224.00 230.00 269.00
234.00 246.00 222.00 272.00
251.00 234.00 235.00 262.00
240.00 242.00 225.00 278.00
242.00 248.00 234.00 282.00
244.00 236.00 222.00 280.00
232.00 232.00 222.00 266.00
235.00 224.00 216.00 276.00
255.00 212.00 219.00 265.00
239.00 224.00 221.00 271.00
248.00 217.00 222.00 272.00
243.00 225.00 217.00 268.00
245.00 236.00 227.00 266.00
243.00 228.00 232.00 270.00
254.00 227.00 232.00 283.00
256.00 241.00 227.00 287.00
256.00 238.00 237.00 288.00
259.00 241.00 237.00 280.00
263.00 245.00 236.00 274.00
247.00 239.00 223.00 275.00
257.00 228.00 241.00 286.00
248.00 220.00 220.00 273.00
239.00 230.00 211.00 269.00
235.00 204.00 209.00 263.00
236.00 212.00 208.00 262.00
255.00 205.00 209.00 269.00
242.00 223.00 232.00 269.00
240.00 229.00 209.00 261.00
244.00 234.00 220.00 258.00
253.00 219.00 238.00 252.00
253.00 230.00 212.00 274.00
250.00 216.00 214.00 274.00
247.00 224.00 225.00 272.00
238.00 212.00 229.00 263.00
237.00 225.00 235.00 277.00
241.00 227.00 230.00 280.00
243.00 230.00 220.00 289.00
240.00 226.00 231.00 275.00
248.00 228.00 228.00 288.00
239.00 239.00 227.00 274.00
248.00 222.00 231.00 270.00
242.00 223.00 229.00 263.00
251.00 222.00 235.00 282.00
247.00 239.00 223.00 287.00
255.00 258.00 235.00 283.00
251.00 247.00 234.00 282.00
253.00 260.00 229.00 280.00
249.00 237.00 225.00 275.00
231.00 210.00 222.00 253.00
244.00 229.00 225.00 259.00
243.00 211.00 216.00 278.00
261.00 220.00 217.00 263.00
246.00 208.00 206.00 264.00
253.00 217.00 218.00 262.00
246.00 228.00 218.00 250.00
253.00 241.00 216.00 267.00
254.00 242.00 221.00 262.00
252.00 248.00 233.00 263.00
256.00 232.00 232.00 267.00
263.00 239.00 231.00 270.00
260.00 233.00 225.00 272.00
262.00 236.00 235.00 269.00
253.00 235.00 225.00 276.00
262.00 225.00 232.00 279.00
267.00 244.00 237.00 281.00
274.00 237.00 231.00 281.00
257.00 238.00 224.00 268.00
259.00 236.00 229.00 272.00
259.00 230.00 225.00 280.00
256.00 253.00 236.00 259.00
261.00 236.00 234.00 263.00
253.00 239.00 239.00 279.00
262.00 241.00 235.00 294.00
261.00 261.00 237.00 271.00
261.00 229.00 246.00 284.00
260.00 238.00 233.00 272.00
268.00 246.00 234.00 284.00
263.00 245.00 236.00 287.00
255.00 236.00 230.00 285.00
257.00 241.00 223.00 273.00
262.00 231.00 237.00 285.00
251.00 232.00 226.00 278.00
255.00 233.00 225.00 282.00
248.00 247.00 240.00 285.00
258.00 248.00 241.00 267.00
255.00 230.00 230.00 276.00
258.00 242.00 220.00 279.00
253.00 225.00 233.00 268.00
249.00 240.00 229.00 279.00
252.00 225.00 235.00 275.00
256.00 231.00 231.00 278.00
252.00 223.00 223.00 264.00
259.00 245.00 219.00 256.00
251.00 231.00 226.00 266.00
252.00 229.00 234.00 262.00
247.00 226.00 226.00 256.00
246.00 226.00 215.00 266.00
253.00 228.00 218.00 259.00
254.00 230.00 222.00 263.00
249.00 240.00 213.00 272.00
249.00 230.00 221.00 259.00
248.00 225.00 216.00 263.00
251.00 243.00 229.00 279.00
250.00 238.00 215.00 260.00
249.00 229.00 220.00 253.00
250.00 243.00 219.00 259.00
249.00 224.00 219.00 264.00
226.00 221.00 226.00 260.00
243.00 225.00 214.00 251.00
231.00 231.00 218.00 262.00
247.00 241.00 235.00 281.00
249.00 249.00 231.00 280.00
262.00 254.00 238.00 276.00
261.00 259.00 225.00 282.00
262.00 229.00 230.00 280.00
257.00 230.00 223.00 274.00
255.00 233.00 219.00 269.00
249.00 226.00 218.00 260.00
246.00 224.00 225.00 251.00
243.00 233.00 218.00 262.00
247.00 234.00 227.00 269.00
248.00 220.00 220.00 261.00
247.00 221.00 208.00 261.00
249.00 214.00 220.00 253.00
248.00 233.00 205.00 260.00
246.00 228.00 219.00 255.00
250.00 224.00 211.00 230.00
250.00 219.00 206.00 224.00
243.00 231.00 219.00 244.00
233.00 228.00 210.00 235.00
242.00 221.00 226.00 231.00
242.00 234.00 224.00 253.00
247.00 237.00 225.00 240.00
244.00 231.00 218.00 229.00
241.00 222.00 218.00 253.00
238.00 241.00 211.00 255.00
248.00 233.00 222.00 251.00
245.00 221.00 213.00 258.00
240.00 226.00 214.00 250.00
242.00 224.00 204.00 249.00
239.00 227.00 202.00 240.00
234.00 224.00 197.00 227.00
233.00 221.00 191.00 232.00
238.00 217.00 197.00 217.00
230.00 201.00 190.00 232.00
225.00 208.00 193.00 231.00
227.00 202.00 189.00 235.00
226.00 214.00 185.00 226.00
228.00 196.00 198.00 228.00
234.00 205.00 195.00 221.00
232.00 209.00 193.00 221.00
233.00 200.00 197.00 220.00
232.00 192.00 200.00 217.00
238.00 203.00 211.00 226.00
244.00 212.00 202.00 229.00
238.00 221.00 201.00 219.00
228.00 205.00 201.00 217.00
228.00 210.00 200.00 215.00
216.00 206.00 195.00 202.00
210.00 194.00 193.00 197.00
215.00 193.00 208.00 198.00
226.00 200.00 183.00 195.00
229.00 196.00 196.00 203.00
227.00 204.00 201.00 212.00
223.00 201.00 203.00 218.00
231.00 209.00 199.00 201.00
241.00 212.00 214.00 176.00
236.00 208.00 205.00 169.00
234.00 198.00 167.00 141.00
228.00 200.00 183.00 208.00
221.00 209.00 192.00 210.00
234.00 220.00 181.00 176.00
227.00 205.00 182.00 204.00
226.00 200.00 179.00 206.00
240.00 208.00 173.00 203.00
217.00 190.00 174.00 197.00
202.00 188.00 170.00 188.00
204.00 179.00 170.00 172.00
210.00 174.00 171.00 167.00
202.00 172.00 171.00 172.00
214.00 172.00 158.00 173.00
203.00 170.00 163.00 179.00
220.00 178.00 172.00 186.00
225.00 175.00 171.00 22.00
200.00 154.00 144.00 114.00
175.00 146.00 140.00 164.00
196.00 151.00 141.00 158.00
208.00 152.00 147.00 161.00
200.00 156.00 146.00 157.00
186.00 159.00 142.00 151.00
193.00 154.00 140.00 122.00
190.00 147.00 131.00 137.00
195.00 145.00 136.00 143.00
196.00 144.00 137.00 138.00
161.00 148.00 139.00 145.00
196.00 147.00 140.00 154.00
186.00 147.00 140.00 155.00
174.00 145.00 140.00 148.00
168.00 144.00 134.00 122.00
