4.00 8.00 21.00 36.00
4.00 8.00 22.00 35.00
4.00 8.00 21.00 36.00
4.00 9.00 22.00 36.00
4.00 9.00 23.00 36.00
4.00 10.00 22.00 36.00
4.00 11.00 22.00 36.00
4.00 11.00 23.00 37.00
4.00 10.00 22.00 37.00
4.00 10.00 22.00 37.00
4.00 10.00 22.00 37.00
4.00 10.00 22.00 37.00
4.00 9.00 22.00 36.00
5.00 10.00 21.00 37.00
6.00 12.00 24.00 39.00
11.00 18.00 36.00 62.00
22.00 25.00 86.00 121.00
27.00 47.00 135.00 198.00
42.00 47.00 171.00 227.00
70.00 52.00 221.00 237.00
79.00 49.00 231.00 246.00
99.00 49.00 234.00 240.00
117.00 67.00 248.00 262.00
137.00 51.00 240.00 252.00
146.00 71.00 254.00 230.00
145.00 56.00 232.00 232.00
161.00 59.00 245.00 238.00
174.00 64.00 240.00 224.00
200.00 65.00 230.00 236.00
213.00 68.00 242.00 231.00
217.00 74.00 248.00 255.00
214.00 75.00 239.00 257.00
223.00 80.00 245.00 251.00
232.00 87.00 251.00 259.00
230.00 88.00 254.00 268.00
237.00 93.00 252.00 256.00
233.00 87.00 256.00 248.00
228.00 87.00 241.00 238.00
222.00 91.00 234.00 249.00
223.00 93.00 236.00 252.00
224.00 99.00 230.00 242.00
226.00 104.00 230.00 252.00
226.00 107.00 228.00 248.00
242.00 111.00 227.00 236.00
241.00 116.00 226.00 236.00
244.00 112.00 225.00 232.00
230.00 112.00 224.00 226.00
221.00 113.00 221.00 226.00
222.00 116.00 219.00 222.00
210.00 120.00 218.00 223.00
218.00 122.00 219.00 223.00
224.00 126.00 216.00 223.00
227.00 133.00 217.00 236.00
225.00 134.00 224.00 247.00
219.00 137.00 214.00 242.00
213.00 137.00 221.00 242.00
216.00 132.00 216.00 237.00
211.00 134.00 215.00 236.00
213.00 139.00 208.00 233.00
198.00 141.00 197.00 234.00
210.00 145.00 205.00 239.00
215.00 147.00 220.00 229.00
213.00 150.00 219.00 241.00
216.00 150.00 210.00 243.00
220.00 150.00 219.00 243.00
226.00 154.00 217.00 245.00
216.00 152.00 216.00 237.00
217.00 149.00 213.00 228.00
205.00 145.00 201.00 224.00
203.00 146.00 193.00 227.00
192.00 145.00 204.00 222.00
202.00 146.00 214.00 233.00
201.00 153.00 216.00 231.00
213.00 156.00 217.00 240.00
216.00 153.00 217.00 242.00
226.00 158.00 214.00 245.00
220.00 156.00 206.00 234.00
226.00 150.00 204.00 235.00
228.00 152.00 210.00 232.00
224.00 153.00 211.00 226.00
212.00 156.00 204.00 226.00
212.00 157.00 196.00 237.00
220.00 162.00 211.00 239.00
215.00 177.00 216.00 245.00
226.00 172.00 211.00 255.00
232.00 186.00 218.00 228.00
237.00 179.00 203.00 236.00
231.00 168.00 207.00 233.00
222.00 171.00 215.00 232.00
219.00 170.00 197.00 236.00
218.00 175.00 206.00 230.00
225.00 169.00 200.00 239.00
221.00 177.00 195.00 237.00
223.00 176.00 217.00 246.00
223.00 179.00 222.00 246.00
228.00 177.00 217.00 236.00
226.00 181.00 224.00 241.00
228.00 186.00 215.00 232.00
222.00 181.00 216.00 229.00
220.00 178.00 203.00 228.00
218.00 178.00 206.00 234.00
219.00 176.00 205.00 224.00
225.00 179.00 214.00 231.00
222.00 181.00 205.00 233.00
222.00 181.00 214.00 234.00
228.00 188.00 198.00 223.00
228.00 187.00 214.00 249.00
240.00 189.00 219.00 250.00
239.00 192.00 222.00 250.00
229.00 188.00 217.00 249.00
222.00 192.00 212.00 243.00
218.00 187.00 211.00 235.00
210.00 191.00 200.00 228.00
217.00 178.00 202.00 213.00
224.00 186.00 202.00 218.00
212.00 186.00 205.00 233.00
221.00 190.00 213.00 236.00
227.00 191.00 220.00 249.00
231.00 191.00 212.00 249.00
239.00 189.00 221.00 254.00
235.00 187.00 220.00 244.00
224.00 181.00 210.00 240.00
227.00 174.00 196.00 231.00
212.00 177.00 192.00 219.00
220.00 185.00 207.00 238.00
225.00 179.00 210.00 241.00
224.00 187.00 205.00 235.00
229.00 189.00 216.00 238.00
233.00 189.00 218.00 239.00
236.00 188.00 219.00 239.00
224.00 179.00 221.00 235.00
225.00 185.00 215.00 239.00
219.00 175.00 212.00 226.00
203.00 183.00 218.00 236.00
220.00 183.00 214.00 242.00
226.00 183.00 224.00 235.00
220.00 184.00 226.00 249.00
225.00 187.00 222.00 246.00
227.00 181.00 220.00 245.00
218.00 179.00 207.00 249.00
232.00 183.00 213.00 236.00
209.00 180.00 217.00 229.00
217.00 181.00 212.00 229.00
212.00 181.00 220.00 237.00
224.00 181.00 221.00 242.00
225.00 184.00 222.00 243.00
234.00 191.00 225.00 246.00
218.00 181.00 216.00 236.00
222.00 178.00 208.00 225.00
213.00 168.00 208.00 229.00
217.00 175.00 213.00 231.00
221.00 177.00 209.00 232.00
226.00 182.00 222.00 238.00
223.00 182.00 219.00 234.00
227.00 191.00 225.00 242.00
230.00 186.00 232.00 240.00
243.00 193.00 219.00 241.00
240.00 184.00 218.00 233.00
239.00 178.00 222.00 231.00
219.00 177.00 213.00 232.00
223.00 172.00 212.00 232.00
222.00 174.00 209.00 241.00
205.00 178.00 209.00 239.00
222.00 179.00 216.00 250.00
221.00 195.00 216.00 250.00
238.00 190.00 219.00 248.00
228.00 199.00 225.00 248.00
229.00 189.00 228.00 248.00
230.00 185.00 225.00 247.00
225.00 179.00 226.00 244.00
225.00 173.00 217.00 234.00
223.00 170.00 216.00 227.00
213.00 170.00 219.00 227.00
218.00 171.00 220.00 230.00
209.00 171.00 217.00 224.00
217.00 173.00 215.00 231.00
222.00 172.00 225.00 231.00
216.00 182.00 218.00 240.00
220.00 178.00 230.00 233.00
226.00 179.00 227.00 239.00
219.00 181.00 220.00 240.00
228.00 182.00 219.00 240.00
223.00 186.00 225.00 249.00
230.00 188.00 229.00 255.00
226.00 185.00 231.00 247.00
233.00 187.00 236.00 243.00
226.00 181.00 232.00 248.00
233.00 181.00 222.00 238.00
237.00 181.00 235.00 245.00
231.00 176.00 219.00 245.00
237.00 180.00 220.00 238.00
229.00 177.00 227.00 242.00
208.00 177.00 222.00 240.00
221.00 173.00 235.00 232.00
222.00 177.00 230.00 234.00
214.00 176.00 229.00 230.00
206.00 176.00 229.00 235.00
208.00 178.00 227.00 234.00
226.00 182.00 229.00 235.00
223.00 187.00 215.00 236.00
218.00 185.00 225.00 237.00
222.00 177.00 218.00 238.00
208.00 181.00 220.00 230.00
218.00 178.00 212.00 238.00
222.00 178.00 212.00 229.00
220.00 174.00 203.00 229.00
224.00 168.00 202.00 224.00
221.00 176.00 201.00 229.00
212.00 170.00 197.00 226.00
203.00 171.00 195.00 226.00
213.00 174.00 201.00 231.00
226.00 170.00 208.00 237.00
225.00 172.00 213.00 236.00
223.00 173.00 209.00 230.00
217.00 171.00 199.00 224.00
224.00 174.00 191.00 218.00
223.00 179.00 187.00 217.00
219.00 173.00 190.00 229.00
227.00 174.00 196.00 227.00
222.00 182.00 201.00 231.00
212.00 191.00 207.00 234.00
227.00 196.00 212.00 234.00
223.00 195.00 209.00 233.00
222.00 197.00 204.00 225.00
210.00 182.00 197.00 224.00
204.00 181.00 199.00 224.00
217.00 175.00 194.00 227.00
227.00 175.00 195.00 224.00
221.00 186.00 197.00 235.00
225.00 182.00 204.00 228.00
229.00 181.00 197.00 233.00
225.00 169.00 196.00 220.00
213.00 164.00 192.00 229.00
220.00 167.00 192.00 223.00
211.00 175.00 192.00 228.00
224.00 173.00 191.00 215.00
210.00 171.00 190.00 220.00
209.00 171.00 189.00 216.00
225.00 171.00 189.00 218.00
215.00 172.00 187.00 207.00
211.00 165.00 179.00 201.00
213.00 158.00 174.00 199.00
203.00 158.00 173.00 193.00
209.00 155.00 176.00 192.00
215.00 154.00 180.00 192.00
205.00 156.00 179.00 195.00
205.00 160.00 183.00 210.00
218.00 160.00 182.00 208.00
219.00 162.00 185.00 205.00
220.00 162.00 182.00 200.00
215.00 159.00 179.00 196.00
217.00 156.00 178.00 204.00
219.00 155.00 174.00 207.00
219.00 153.00 174.00 205.00
201.00 153.00 174.00 211.00
213.00 154.00 173.00 206.00
204.00 155.00 172.00 200.00
213.00 154.00 171.00 197.00
199.00 154.00 171.00 198.00
219.00 165.00 170.00 213.00
228.00 170.00 170.00 210.00
206.00 169.00 171.00 217.00
205.00 165.00 172.00 214.00
226.00 164.00 171.00 206.00
220.00 162.00 172.00 201.00
214.00 164.00 172.00 200.00
231.00 163.00 170.00 200.00
209.00 164.00 171.00 195.00
216.00 164.00 170.00 194.00
213.00 163.00 169.00 193.00
206.00 162.00 169.00 207.00
218.00 162.00 169.00 205.00
215.00 159.00 168.00 196.00
208.00 153.00 163.00 186.00
207.00 149.00 164.00 180.00
217.00 147.00 165.00 182.00
191.00 153.00 166.00 194.00
198.00 153.00 164.00 193.00
203.00 153.00 164.00 197.00
202.00 153.00 163.00 191.00
205.00 154.00 165.00 186.00
209.00 157.00 166.00 183.00
203.00 156.00 167.00 187.00
206.00 156.00 170.00 189.00
172.00 164.00 170.00 204.00
210.00 166.00 170.00 195.00
212.00 162.00 168.00 190.00
173.00 170.00 162.00 200.00
224.00 167.00 161.00 186.00
203.00 167.00 161.00 176.00
218.00 163.00 162.00 180.00
207.00 165.00 163.00 189.00
208.00 166.00 160.00 193.00
206.00 164.00 165.00 187.00
215.00 166.00 167.00 183.00
207.00 168.00 171.00 181.00
209.00 169.00 172.00 180.00
206.00 168.00 172.00 183.00
221.00 168.00 173.00 198.00
213.00 159.00 170.00 195.00
209.00 153.00 166.00 194.00
207.00 149.00 161.00 192.00
207.00 148.00 158.00 194.00
206.00 149.00 158.00 196.00
218.00 152.00 160.00 194.00
208.00 151.00 162.00 197.00
211.00 154.00 164.00 198.00
222.00 154.00 163.00 193.00
217.00 151.00 162.00 187.00
214.00 150.00 154.00 182.00
213.00 142.00 155.00 176.00
217.00 142.00 155.00 177.00
179.00 150.00 154.00 187.00
222.00 149.00 154.00 188.00
215.00 151.00 153.00 198.00
214.00 153.00 154.00 204.00
192.00 161.00 157.00 199.00
201.00 152.00 156.00 197.00
199.00 152.00 154.00 191.00
195.00 152.00 150.00 189.00
191.00 148.00 146.00 185.00
183.00 146.00 140.00 178.00
179.00 143.00 137.00 176.00
176.00 142.00 135.00 170.00
174.00 140.00 133.00 168.00
171.00 139.00 131.00 166.00
169.00 138.00 131.00 164.00
