211.00 418.00 322.00 229.00
275.00 433.00 319.00 251.00
303.00 439.00 322.00 286.00
323.00 407.00 312.00 286.00
314.00 438.00 328.00 287.00
326.00 431.00 315.00 301.00
285.00 426.00 319.00 286.00
311.00 428.00 315.00 289.00
326.00 427.00 315.00 293.00
322.00 430.00 308.00 288.00
312.00 428.00 307.00 284.00
331.00 393.00 331.00 286.00
319.00 425.00 325.00 284.00
285.00 445.00 328.00 310.00
303.00 439.00 342.00 296.00
333.00 443.00 332.00 310.00
327.00 434.00 330.00 323.00
301.00 429.00 340.00 295.00
297.00 431.00 330.00 297.00
319.00 424.00 329.00 297.00
313.00 408.00 327.00 283.00
306.00 436.00 320.00 297.00
307.00 438.00 319.00 294.00
331.00 407.00 339.00 288.00
316.00 434.00 320.00 301.00
294.00 433.00 316.00 297.00
297.00 423.00 331.00 309.00
280.00 423.00 306.00 287.00
294.00 415.00 294.00 289.00
308.00 397.00 299.00 291.00
281.00 403.00 313.00 284.00
274.00 403.00 307.00 282.00
293.00 391.00 305.00 278.00
294.00 404.00 309.00 277.00
285.00 379.00 305.00 277.00
261.00 378.00 295.00 273.00
272.00 353.00 284.00 266.00
260.00 359.00 274.00 270.00
244.00 352.00 268.00 263.00
259.00 348.00 284.00 279.00
245.00 351.00 285.00 273.00
249.00 360.00 285.00 262.00
252.00 324.00 280.00 265.00
245.00 359.00 284.00 274.00
260.00 355.00 289.00 272.00
257.00 368.00 289.00 283.00
262.00 324.00 286.00 260.00
250.00 299.00 280.00 262.00
232.00 289.00 281.00 266.00
221.00 276.00 277.00 258.00
225.00 264.00 270.00 251.00
236.00 271.00 278.00 254.00
241.00 252.00 270.00 256.00
237.00 246.00 264.00 234.00
229.00 252.00 263.00 246.00
222.00 239.00 258.00 249.00
214.00 239.00 256.00 247.00
228.00 247.00 258.00 240.00
211.00 254.00 259.00 250.00
219.00 229.00 247.00 245.00
222.00 213.00 260.00 244.00
208.00 232.00 242.00 244.00
211.00 236.00 258.00 244.00
216.00 223.00 255.00 233.00
223.00 236.00 257.00 240.00
212.00 219.00 254.00 248.00
222.00 248.00 255.00 265.00
221.00 225.00 248.00 252.00
211.00 253.00 265.00 249.00
226.00 250.00 261.00 232.00
244.00 264.00 255.00 235.00
229.00 243.00 256.00 248.00
233.00 244.00 271.00 246.00
239.00 238.00 267.00 241.00
230.00 229.00 264.00 263.00
220.00 252.00 251.00 254.00
230.00 232.00 251.00 240.00
221.00 228.00 249.00 252.00
231.00 232.00 251.00 238.00
208.00 222.00 254.00 251.00
214.00 210.00 245.00 240.00
214.00 225.00 254.00 242.00
213.00 233.00 257.00 237.00
225.00 258.00 264.00 248.00
233.00 248.00 272.00 248.00
237.00 233.00 268.00 249.00
238.00 236.00 251.00 229.00
230.00 234.00 254.00 231.00
225.00 222.00 257.00 223.00
219.00 226.00 244.00 215.00
206.00 222.00 251.00 215.00
214.00 225.00 243.00 223.00
215.00 224.00 256.00 229.00
209.00 218.00 242.00 239.00
220.00 226.00 272.00 246.00
232.00 216.00 259.00 243.00
219.00 225.00 261.00 247.00
221.00 215.00 249.00 242.00
215.00 240.00 256.00 227.00
215.00 239.00 252.00 243.00
204.00 220.00 252.00 235.00
205.00 230.00 248.00 232.00
203.00 238.00 241.00 230.00
214.00 232.00 248.00 222.00
213.00 231.00 250.00 230.00
210.00 232.00 258.00 231.00
206.00 231.00 254.00 243.00
213.00 237.00 263.00 242.00
217.00 243.00 262.00 237.00
220.00 242.00 279.00 245.00
234.00 235.00 269.00 256.00
222.00 241.00 264.00 262.00
222.00 236.00 283.00 253.00
221.00 239.00 280.00 242.00
219.00 235.00 251.00 248.00
216.00 230.00 253.00 232.00
215.00 234.00 263.00 221.00
208.00 235.00 260.00 235.00
199.00 221.00 243.00 223.00
201.00 236.00 235.00 234.00
203.00 237.00 229.00 219.00
196.00 231.00 233.00 224.00
208.00 234.00 240.00 231.00
214.00 239.00 248.00 227.00
193.00 230.00 244.00 230.00
226.00 229.00 246.00 230.00
219.00 232.00 248.00 242.00
220.00 247.00 240.00 231.00
205.00 247.00 241.00 236.00
220.00 238.00 239.00 241.00
209.00 236.00 235.00 257.00
214.00 232.00 239.00 220.00
215.00 247.00 240.00 219.00
209.00 234.00 246.00 245.00
210.00 232.00 244.00 213.00
212.00 224.00 242.00 236.00
204.00 244.00 239.00 240.00
209.00 218.00 253.00 235.00
203.00 222.00 249.00 238.00
209.00 228.00 240.00 233.00
207.00 237.00 237.00 224.00
208.00 234.00 242.00 241.00
215.00 243.00 243.00 228.00
215.00 233.00 245.00 241.00
213.00 237.00 243.00 248.00
209.00 241.00 242.00 244.00
209.00 250.00 245.00 242.00
211.00 227.00 245.00 250.00
219.00 223.00 251.00 243.00
214.00 230.00 241.00 241.00
200.00 224.00 242.00 243.00
237.00 235.00 242.00 240.00
223.00 233.00 249.00 239.00
223.00 230.00 248.00 243.00
217.00 227.00 250.00 233.00
212.00 229.00 258.00 240.00
221.00 219.00 261.00 240.00
225.00 222.00 252.00 239.00
207.00 226.00 247.00 241.00
208.00 229.00 241.00 224.00
196.00 219.00 233.00 220.00
205.00 209.00 232.00 234.00
200.00 215.00 218.00 200.00
197.00 219.00 240.00 212.00
209.00 212.00 235.00 242.00
203.00 222.00 249.00 230.00
207.00 214.00 246.00 237.00
205.00 210.00 243.00 227.00
202.00 222.00 246.00 198.00
202.00 217.00 237.00 194.00
220.00 215.00 238.00 196.00
205.00 209.00 237.00 223.00
204.00 206.00 227.00 221.00
208.00 207.00 226.00 216.00
206.00 209.00 226.00 212.00
212.00 202.00 226.00 212.00
214.00 213.00 225.00 207.00
201.00 214.00 219.00 210.00
215.00 194.00 220.00 202.00
204.00 193.00 217.00 208.00
204.00 199.00 220.00 200.00
206.00 197.00 219.00 204.00
205.00 190.00 215.00 207.00
204.00 195.00 210.00 199.00
200.00 195.00 211.00 205.00
195.00 197.00 209.00 213.00
187.00 195.00 212.00 218.00
190.00 207.00 213.00 211.00
197.00 204.00 218.00 209.00
215.00 208.00 217.00 226.00
199.00 205.00 217.00 239.00
232.00 201.00 214.00 213.00
222.00 207.00 221.00 213.00
219.00 220.00 222.00 220.00
227.00 212.00 223.00 230.00
212.00 215.00 225.00 219.00
210.00 214.00 220.00 221.00
219.00 206.00 219.00 217.00
214.00 210.00 212.00 221.00
223.00 202.00 211.00 211.00
208.00 202.00 208.00 212.00
210.00 204.00 214.00 215.00
220.00 204.00 217.00 234.00
216.00 220.00 208.00 222.00
218.00 206.00 220.00 224.00
214.00 209.00 221.00 222.00
215.00 210.00 216.00 207.00
210.00 206.00 205.00 211.00
207.00 199.00 214.00 216.00
220.00 201.00 207.00 215.00
220.00 205.00 207.00 212.00
212.00 207.00 208.00 211.00
194.00 202.00 211.00 213.00
202.00 206.00 212.00 219.00
212.00 199.00 212.00 209.00
199.00 212.00 213.00 224.00
217.00 201.00 216.00 213.00
220.00 202.00 214.00 214.00
230.00 205.00 217.00 205.00
232.00 215.00 220.00 217.00
234.00 201.00 215.00 219.00
238.00 202.00 217.00 211.00
205.00 189.00 216.00 219.00
225.00 205.00 212.00 233.00
224.00 204.00 213.00 207.00
205.00 199.00 208.00 206.00
213.00 198.00 207.00 215.00
209.00 192.00 206.00 217.00
192.00 193.00 200.00 205.00
212.00 189.00 202.00 209.00
219.00 191.00 202.00 209.00
214.00 191.00 202.00 193.00
201.00 192.00 205.00 205.00
202.00 193.00 209.00 197.00
204.00 194.00 202.00 211.00
192.00 189.00 199.00 203.00
191.00 190.00 202.00 217.00
179.00 195.00 200.00 226.00
174.00 199.00 211.00 206.00
175.00 198.00 199.00 208.00
168.00 194.00 209.00 199.00
164.00 198.00 203.00 223.00
164.00 200.00 206.00 218.00
159.00 195.00 205.00 219.00
158.00 191.00 201.00 219.00
154.00 189.00 207.00 215.00
155.00 188.00 201.00 216.00
151.00 187.00 196.00 206.00
148.00 183.00 200.00 213.00
146.00 184.00 197.00 207.00
145.00 187.00 200.00 200.00
144.00 184.00 199.00 210.00
145.00 185.00 198.00 205.00
147.00 181.00 195.00 212.00
145.00 181.00 196.00 211.00
143.00 181.00 197.00 208.00
145.00 180.00 193.00 204.00
147.00 182.00 195.00 199.00
143.00 182.00 188.00 200.00
143.00 186.00 189.00 196.00
150.00 177.00 194.00 204.00
147.00 176.00 199.00 207.00
148.00 180.00 203.00 217.00
152.00 177.00 206.00 212.00
153.00 180.00 203.00 206.00
154.00 187.00 203.00 201.00
159.00 220.00 202.00 209.00
162.00 222.00 212.00 213.00
167.00 225.00 212.00 209.00
168.00 223.00 214.00 207.00
166.00 224.00 212.00 207.00
171.00 226.00 214.00 218.00
175.00 227.00 218.00 218.00
178.00 228.00 214.00 205.00
178.00 232.00 216.00 209.00
182.00 229.00 214.00 197.00
188.00 231.00 212.00 178.00
204.00 206.00 171.00 211.00
190.00 242.00 205.00 222.00
207.00 242.00 207.00 219.00
208.00 242.00 209.00 204.00
203.00 240.00 214.00 217.00
205.00 233.00 212.00 218.00
198.00 236.00 211.00 223.00
201.00 233.00 206.00 224.00
202.00 226.00 210.00 221.00
202.00 216.00 203.00 223.00
196.00 204.00 195.00 205.00
196.00 209.00 198.00 205.00
200.00 211.00 196.00 209.00
200.00 205.00 196.00 206.00
199.00 194.00 193.00 203.00
199.00 212.00 195.00 208.00
201.00 220.00 191.00 214.00
199.00 218.00 193.00 217.00
204.00 216.00 195.00 212.00
202.00 222.00 196.00 214.00
206.00 220.00 194.00 205.00
205.00 219.00 194.00 213.00
205.00 212.00 191.00 209.00
204.00 206.00 193.00 218.00
202.00 211.00 195.00 214.00
203.00 217.00 194.00 215.00
203.00 210.00 194.00 214.00
205.00 211.00 194.00 208.00
204.00 207.00 193.00 213.00
204.00 212.00 193.00 213.00
208.00 220.00 195.00 212.00
209.00 220.00 195.00 211.00
207.00 217.00 204.00 214.00
209.00 224.00 206.00 222.00
210.00 225.00 207.00 212.00
207.00 229.00 204.00 218.00
210.00 226.00 205.00 210.00
209.00 225.00 203.00 219.00
207.00 222.00 201.00 219.00
207.00 221.00 193.00 206.00
206.00 219.00 194.00 207.00
211.00 213.00 195.00 214.00
204.00 210.00 199.00 207.00
206.00 213.00 198.00 199.00
206.00 212.00 196.00 202.00
206.00 208.00 193.00 208.00
208.00 206.00 196.00 202.00
206.00 208.00 192.00 212.00
208.00 209.00 195.00 217.00
207.00 212.00 196.00 210.00
210.00 213.00 198.00 207.00
207.00 219.00 199.00 216.00
207.00 217.00 192.00 202.00
207.00 218.00 196.00 213.00
210.00 223.00 198.00 207.00
208.00 224.00 197.00 202.00
213.00 221.00 200.00 202.00
208.00 214.00 200.00 208.00
210.00 219.00 201.00 217.00
213.00 225.00 195.00 202.00
201.00 222.00 198.00 212.00
215.00 222.00 202.00 223.00
217.00 217.00 206.00 216.00
222.00 221.00 203.00 208.00
219.00 218.00 209.00 213.00
217.00 218.00 203.00 207.00
219.00 233.00 196.00 206.00
219.00 231.00 196.00 210.00
216.00 225.00 199.00 210.00
219.00 219.00 200.00 220.00
218.00 227.00 198.00 216.00
218.00 229.00 195.00 205.00
215.00 223.00 195.00 210.00
215.00 223.00 197.00 214.00
213.00 229.00 196.00 197.00
214.00 226.00 198.00 206.00
216.00 224.00 199.00 200.00
213.00 220.00 195.00 202.00
214.00 220.00 196.00 199.00
213.00 218.00 208.00 200.00
209.00 216.00 205.00 199.00
210.00 220.00 207.00 206.00
213.00 217.00 205.00 201.00
208.00 210.00 203.00 211.00
209.00 208.00 201.00 199.00
207.00 204.00 200.00 217.00
205.00 209.00 206.00 212.00
207.00 201.00 196.00 205.00
201.00 202.00 203.00 215.00
202.00 213.00 205.00 221.00
221.00 232.00 209.00 219.00
222.00 227.00 204.00 223.00
221.00 217.00 205.00 219.00
221.00 213.00 200.00 215.00
222.00 211.00 194.00 218.00
221.00 209.00 190.00 208.00
220.00 205.00 192.00 213.00
212.00 203.00 190.00 214.00
214.00 199.00 186.00 213.00
208.00 198.00 180.00 204.00
207.00 192.00 180.00 219.00
204.00 188.00 180.00 208.00
205.00 188.00 175.00 173.00
181.00 168.00 175.00 225.00
182.00 170.00 180.00 216.00
182.00 176.00 180.00 208.00
185.00 178.00 183.00 211.00
185.00 181.00 185.00 215.00
186.00 180.00 190.00 215.00
186.00 185.00 189.00 214.00
188.00 188.00 190.00 214.00
187.00 189.00 183.00 210.00
188.00 191.00 184.00 212.00
189.00 190.00 183.00 212.00
190.00 191.00 181.00 209.00
191.00 191.00 184.00 207.00
193.00 192.00 186.00 202.00
199.00 196.00 181.00 195.00
196.00 191.00 181.00 187.00
197.00 188.00 176.00 174.00
204.00 184.00 178.00 179.00
196.00 183.00 183.00 180.00
198.00 181.00 184.00 184.00
198.00 186.00 182.00 180.00
194.00 180.00 175.00 177.00
193.00 179.00 169.00 167.00
179.00 125.00 89.00 87.00
80.00 55.00 67.00 57.00
60.00 14.00 38.00 22.00
