284.00 278.00 305.00 283.00
283.00 329.00 297.00 295.00
276.00 333.00 311.00 290.00
283.00 312.00 295.00 289.00
284.00 288.00 306.00 284.00
284.00 289.00 280.00 298.00
274.00 298.00 290.00 279.00
273.00 321.00 308.00 287.00
256.00 310.00 300.00 291.00
286.00 335.00 295.00 283.00
287.00 333.00 308.00 307.00
297.00 310.00 300.00 289.00
288.00 294.00 303.00 290.00
293.00 315.00 293.00 293.00
270.00 336.00 276.00 299.00
273.00 312.00 296.00 295.00
286.00 308.00 302.00 308.00
264.00 299.00 279.00 286.00
293.00 323.00 304.00 292.00
302.00 327.00 291.00 290.00
277.00 316.00 300.00 276.00
288.00 328.00 302.00 276.00
288.00 338.00 301.00 293.00
291.00 332.00 321.00 283.00
298.00 312.00 291.00 278.00
299.00 335.00 297.00 280.00
289.00 331.00 286.00 264.00
289.00 287.00 284.00 262.00
287.00 316.00 227.00 282.00
198.00 240.00 234.00 219.00
256.00 291.00 266.00 271.00
259.00 317.00 286.00 250.00
267.00 316.00 282.00 266.00
270.00 299.00 278.00 261.00
278.00 300.00 269.00 250.00
274.00 287.00 259.00 213.00
272.00 314.00 277.00 246.00
270.00 305.00 263.00 241.00
271.00 307.00 280.00 260.00
263.00 301.00 248.00 248.00
231.00 243.00 223.00 191.00
228.00 238.00 250.00 247.00
251.00 285.00 249.00 247.00
254.00 282.00 242.00 236.00
259.00 296.00 256.00 249.00
246.00 283.00 249.00 242.00
250.00 284.00 248.00 247.00
259.00 270.00 261.00 243.00
247.00 288.00 249.00 260.00
243.00 273.00 248.00 244.00
256.00 285.00 256.00 240.00
248.00 301.00 283.00 238.00
248.00 310.00 255.00 250.00
237.00 286.00 247.00 237.00
235.00 301.00 260.00 233.00
240.00 283.00 226.00 238.00
241.00 272.00 262.00 237.00
215.00 254.00 239.00 198.00
215.00 285.00 227.00 249.00
253.00 282.00 266.00 229.00
247.00 297.00 257.00 235.00
249.00 264.00 253.00 234.00
245.00 265.00 248.00 234.00
252.00 276.00 255.00 238.00
241.00 273.00 262.00 224.00
244.00 275.00 270.00 248.00
244.00 270.00 265.00 252.00
243.00 263.00 250.00 236.00
240.00 272.00 249.00 242.00
249.00 271.00 263.00 234.00
238.00 288.00 256.00 237.00
246.00 273.00 250.00 245.00
246.00 294.00 260.00 239.00
238.00 275.00 254.00 237.00
244.00 287.00 263.00 243.00
238.00 273.00 260.00 247.00
256.00 290.00 257.00 265.00
263.00 287.00 277.00 262.00
267.00 300.00 274.00 266.00
256.00 279.00 277.00 240.00
260.00 300.00 260.00 226.00
249.00 282.00 269.00 243.00
243.00 267.00 233.00 230.00
256.00 281.00 280.00 254.00
265.00 307.00 278.00 254.00
274.00 301.00 286.00 242.00
263.00 287.00 268.00 253.00
254.00 302.00 264.00 243.00
265.00 293.00 271.00 247.00
249.00 276.00 265.00 248.00
261.00 290.00 253.00 251.00
250.00 302.00 257.00 217.00
252.00 254.00 246.00 222.00
247.00 289.00 268.00 207.00
246.00 276.00 228.00 261.00
258.00 255.00 255.00 246.00
258.00 278.00 258.00 247.00
244.00 266.00 270.00 245.00
264.00 290.00 273.00 267.00
261.00 309.00 275.00 264.00
261.00 297.00 262.00 266.00
271.00 312.00 267.00 248.00
269.00 300.00 264.00 257.00
270.00 272.00 262.00 245.00
264.00 281.00 286.00 251.00
264.00 284.00 276.00 243.00
263.00 279.00 276.00 252.00
265.00 292.00 278.00 244.00
253.00 286.00 264.00 244.00
259.00 284.00 271.00 247.00
268.00 277.00 262.00 241.00
263.00 281.00 268.00 246.00
262.00 288.00 265.00 243.00
270.00 276.00 275.00 257.00
280.00 307.00 283.00 251.00
282.00 296.00 275.00 248.00
279.00 314.00 275.00 245.00
277.00 295.00 271.00 246.00
273.00 314.00 245.00 240.00
279.00 234.00 255.00 229.00
273.00 260.00 257.00 234.00
252.00 294.00 256.00 232.00
247.00 287.00 263.00 227.00
228.00 277.00 249.00 229.00
244.00 304.00 286.00 247.00
260.00 316.00 275.00 242.00
249.00 307.00 274.00 238.00
253.00 299.00 261.00 241.00
253.00 294.00 268.00 239.00
252.00 294.00 270.00 233.00
250.00 298.00 275.00 239.00
253.00 299.00 291.00 252.00
278.00 318.00 278.00 258.00
265.00 304.00 283.00 242.00
250.00 295.00 221.00 232.00
232.00 285.00 262.00 228.00
237.00 291.00 266.00 221.00
226.00 288.00 268.00 224.00
229.00 285.00 264.00 215.00
224.00 293.00 267.00 223.00
225.00 284.00 258.00 224.00
220.00 278.00 247.00 219.00
224.00 269.00 240.00 215.00
217.00 264.00 236.00 212.00
210.00 257.00 227.00 207.00
211.00 254.00 225.00 209.00
210.00 253.00 214.00 204.00
203.00 251.00 208.00 202.00
203.00 252.00 208.00 205.00
205.00 251.00 213.00 208.00
208.00 253.00 217.00 213.00
202.00 249.00 213.00 211.00
194.00 248.00 211.00 211.00
193.00 246.00 214.00 205.00
188.00 246.00 205.00 203.00
181.00 247.00 202.00 203.00
176.00 245.00 197.00 200.00
175.00 239.00 203.00 201.00
178.00 238.00 200.00 201.00
182.00 234.00 202.00 191.00
187.00 222.00 196.00 216.00
187.00 240.00 211.00 222.00
190.00 233.00 216.00 221.00
194.00 243.00 234.00 225.00
200.00 238.00 224.00 215.00
192.00 233.00 212.00 210.00
190.00 227.00 206.00 199.00
184.00 225.00 204.00 200.00
186.00 220.00 209.00 209.00
198.00 222.00 216.00 213.00
206.00 229.00 213.00 211.00
204.00 232.00 214.00 213.00
194.00 226.00 209.00 204.00
186.00 219.00 208.00 196.00
183.00 222.00 201.00 193.00
186.00 217.00 196.00 191.00
206.00 219.00 205.00 197.00
192.00 227.00 204.00 202.00
216.00 234.00 210.00 202.00
208.00 226.00 196.00 183.00
205.00 230.00 255.00 199.00
216.00 244.00 242.00 206.00
204.00 240.00 222.00 164.00
183.00 217.00 219.00 198.00
179.00 238.00 238.00 213.00
205.00 249.00 248.00 227.00
213.00 243.00 244.00 216.00
207.00 242.00 241.00 212.00
207.00 234.00 224.00 208.00
204.00 227.00 230.00 214.00
203.00 229.00 226.00 215.00
205.00 250.00 235.00 215.00
210.00 239.00 230.00 206.00
210.00 257.00 235.00 198.00
208.00 256.00 236.00 198.00
209.00 259.00 230.00 198.00
207.00 242.00 229.00 202.00
203.00 233.00 217.00 198.00
204.00 228.00 209.00 193.00
194.00 224.00 209.00 193.00
186.00 220.00 214.00 202.00
193.00 233.00 213.00 200.00
184.00 225.00 213.00 192.00
178.00 223.00 205.00 191.00
172.00 223.00 207.00 191.00
171.00 222.00 209.00 192.00
174.00 236.00 211.00 198.00
176.00 227.00 207.00 193.00
170.00 223.00 205.00 190.00
172.00 225.00 209.00 191.00
168.00 231.00 208.00 192.00
167.00 230.00 204.00 188.00
165.00 230.00 212.00 196.00
174.00 234.00 208.00 201.00
169.00 227.00 204.00 192.00
165.00 215.00 199.00 190.00
166.00 217.00 195.00 186.00
171.00 214.00 197.00 188.00
178.00 213.00 200.00 188.00
184.00 231.00 202.00 196.00
184.00 222.00 199.00 189.00
179.00 216.00 194.00 188.00
175.00 212.00 193.00 182.00
172.00 214.00 190.00 181.00
170.00 211.00 189.00 182.00
172.00 209.00 187.00 182.00
