47		
 142.000 23.700	4000000.000
 146.000 22.300	3510000.000
 151.000 20.800	3070000.000
 153.000 19.400	2700000.000
 156.000 18.500	2360000.000
 157.000 17.400	2070000.000
 158.000 16.500	1820000.000
 159.000 15.400	1590000.000
 160.000 14.600	1400000.000
 160.000 13.600	1220000.000
 161.000 12.800	1070000.000
 161.000 11.600	940000.000
 162.000 10.900	824000.000
 162.000 10.200	723000.000
 163.000 9.360	634000.000
 163.000 8.490	555000.000
 163.000 8.250	487000.000
 163.000 7.470	427000.000
 164.000 7.200	374000.000
 164.000 6.920	328000.000
 164.000 6.730	288000.000
 165.000 6.560	252000.000
 165.000 6.480	221000.000
 166.000 6.420	194000.000
 166.000 6.330	170000.000
 167.000 6.410	149000.000
 167.000 6.440	131000.000
 167.000 6.480	114000.000
 167.000 6.640	100000.000
 167.000 6.660	88000.000
 168.000 6.850	77100.000
 169.000 7.140	67600.000
 169.000 7.550	59300.000
 169.000 7.840	52000.000
 169.000 8.370	45500.000
 170.000 8.700	39900.000
 171.000 9.000	35000.000
 172.000 9.690	30700.000
 173.000 10.400	26900.000
 173.000 10.800	23600.000
 174.000 11.300	20700.000
 174.000 12.300	18100.000
 175.000 13.100	15900.000
 176.000 13.900	13900.000
 176.000 14.600	12200.000
 177.000 15.800	10700.000
 179.000 16.700	9390.000
 
