99		
 142.000 23.700	4000000.000
 146.000 22.300	3510000.000
 151.000 20.800	3070000.000
 153.000 19.400	2700000.000
 156.000 18.500	2360000.000
 157.000 17.400	2070000.000
 158.000 16.500	1820000.000
 159.000 15.400	1590000.000
 160.000 14.600	1400000.000
 160.000 13.600	1220000.000
 161.000 12.800	1070000.000
 161.000 11.600	940000.000
 162.000 10.900	824000.000
 162.000 10.200	723000.000
 163.000 9.360	634000.000
 163.000 8.490	555000.000
 163.000 8.250	487000.000
 163.000 7.470	427000.000
 164.000 7.200	374000.000
 164.000 6.920	328000.000
 164.000 6.730	288000.000
 165.000 6.560	252000.000
 165.000 6.480	221000.000
 166.000 6.420	194000.000
 166.000 6.330	170000.000
 167.000 6.410	149000.000
 167.000 6.440	131000.000
 167.000 6.480	114000.000
 167.000 6.640	100000.000
 167.000 6.660	88000.000
 168.000 6.850	77100.000
 169.000 7.140	67600.000
 169.000 7.550	59300.000
 169.000 7.840	52000.000
 169.000 8.370	45500.000
 170.000 8.700	39900.000
 171.000 9.000	35000.000
 172.000 9.690	30700.000
 173.000 10.400	26900.000
 173.000 10.800	23600.000
 174.000 11.300	20700.000
 174.000 12.300	18100.000
 175.000 13.100	15900.000
 176.000 13.900	13900.000
 176.000 14.600	12200.000
 177.000 15.800	10700.000
 179.000 16.700	9390.000
 180.000 17.800	8230.000
 181.000 19.300	7210.000
 182.000 20.300	6320.000
 183.000 21.700	5540.000
 184.000 23.200	4860.000
 186.000 24.800	4260.000
 188.000 26.500	3740.000
 189.000 28.100	3270.000
 191.000 30.000	2870.000
 193.000 32.400	2520.000
 195.000 34.400	2210.000
 197.000 36.600	1930.000
 199.000 38.700	1700.000
 201.000 41.600	1490.000
 203.000 44.000	1300.000
 206.000 47.100	1140.000
 209.000 50.000	1000.000
 212.000 52.800	878.000
 215.000 56.600	770.000
 218.000 60.300	675.000
 222.000 64.400	592.000
 226.000 67.900	519.000
 231.000 72.900	455.000
 234.000 77.100	399.000
 239.000 82.000	349.000
 245.000 87.600	306.000
 250.000 92.800	269.000
 256.000 99.100	235.000
 262.000 106.000 206.000
 268.000 113.000 181.000
 275.000 120.000 159.000
 282.000 127.000 139.000
 290.000 136.000 122.000
 300.000 146.000 107.000
 309.000 155.000 93.700
 319.000 164.000 82.100
 330.000 175.000 72.000
 343.000 183.000 63.100
 357.000 193.000 55.300
 373.000 204.000 48.500
 389.000 214.000 42.500
 406.000 228.000 37.300
 424.000 242.000 32.700
 439.000 258.000 28.600
 457.000 279.000 25.100
 471.000 300.000 22.000
 491.000 322.000 19.300
 510.000 351.000 16.900
 534.000 379.000 14.800
 550.000 404.000 13.000
 581.000 437.000 11.400
 595.000 467.000 9.960
