Exported from: CypherGraph V1.21.0
Acquired by  : CypherGraph V1.21.0 | C60-0504-0348 V1.23.1 : 14/07/2017
Graph title  : Title
Points       : 294
Pen legend   : 14:41:38
Resonance    : N/A
Capacitance  : 9.53498365e-006 F at 1.12074003e+001 Hz
Frequency (Hz)	Impedance (Ohms)	Admittance (S)	Phase angle (Degrees)	Resistance (Ohms)	Reactance (S)	Conductance (S)	Susceptance (S)
9.99994043e+003	1.22195597e+001	8.18360094e-002	-9.26686192e+000	1.20600824e+001	-1.96775269e+000	8.07679691e-002	1.31783004e-002
9.76696973e+003	1.22599096e+001	8.15666698e-002	-9.44277382e+000	1.20937873e+001	-2.01139064e+000	8.04614378e-002	1.33820265e-002
9.53942285e+003	1.22195597e+001	8.18360094e-002	-9.66262817e+000	1.20462027e+001	-2.05100919e+000	8.06750149e-002	1.37358802e-002
9.31712305e+003	1.23003902e+001	8.12982336e-002	-9.88247871e+000	1.21178753e+001	-2.11108943e+000	8.00919188e-002	1.39530404e-002
9.10000879e+003	1.23003902e+001	8.12982336e-002	-1.01023302e+001	1.21096856e+001	-2.15757167e+000	8.00377897e-002	1.42602602e-002
8.88802148e+003	1.23003902e+001	8.12982336e-002	-1.03661203e+001	1.20996238e+001	-2.21330167e+000	7.99712873e-002	1.46286023e-002
8.68092285e+003	1.23003902e+001	8.12982336e-002	-1.05859604e+001	1.20910425e+001	-2.25971071e+000	7.99145698e-002	1.49353383e-002
8.47865234e+003	1.23003902e+001	8.12982336e-002	-1.08058004e+001	1.20822831e+001	-2.30608648e+000	7.98566758e-002	1.52418544e-002
8.28109180e+003	1.23817501e+001	8.07640270e-002	-1.10256395e+001	1.21532040e+001	-2.36798803e+000	7.92732603e-002	1.54459787e-002
8.08812158e+003	1.23817501e+001	8.07640270e-002	-1.12454700e+001	1.21440292e+001	-2.41459948e+000	7.92134144e-002	1.57500173e-002
7.89968213e+003	1.24226398e+001	8.04981882e-002	-1.14652996e+001	1.21747494e+001	-2.46930303e+000	7.88918685e-002	1.60009807e-002
7.71559424e+003	1.23817501e+001	8.07640270e-002	-1.16851301e+001	1.21251434e+001	-2.50771488e+000	7.90902254e-002	1.63573930e-002
7.53585791e+003	1.24226398e+001	8.04981882e-002	-1.20368004e+001	1.21495139e+001	-2.59061607e+000	7.87283437e-002	1.67870841e-002
7.36023535e+003	1.24226398e+001	8.04981882e-002	-1.23445101e+001	1.21354258e+001	-2.65582794e+000	7.86370530e-002	1.72096543e-002
7.18872607e+003	1.24636602e+001	8.02332526e-002	-1.25203896e+001	1.21672610e+001	-2.70195988e+000	7.83252193e-002	1.73935285e-002
7.02127051e+003	1.24636602e+001	8.02332526e-002	-1.27841501e+001	1.21546936e+001	-2.75794292e+000	7.82443187e-002	1.77539123e-002
6.85763037e+003	1.25048103e+001	7.99692257e-002	-1.30918598e+001	1.21797873e+001	-2.83250122e+000	7.78906783e-002	1.81140636e-002
6.69786475e+003	1.25460997e+001	7.97060463e-002	-1.33995705e+001	1.22045649e+001	-2.90744080e+000	7.75362576e-002	1.84711278e-002
6.54179541e+003	1.25460997e+001	7.97060463e-002	-1.36633301e+001	1.21910513e+001	-2.96359319e+000	7.74504050e-002	1.88278670e-002
6.38936279e+003	1.25460997e+001	7.97060463e-002	-1.39710302e+001	1.21749600e+001	-3.02902072e+000	7.73481758e-002	1.92435316e-002
6.24050684e+003	1.25875301e+001	7.94437026e-002	-1.43226805e+001	1.21962830e+001	-3.11393565e+000	7.69744240e-002	1.96529879e-002
6.09510840e+003	1.25875301e+001	7.94437026e-002	-1.45424900e+001	1.21842470e+001	-3.16070244e+000	7.68984610e-002	1.99481472e-002
5.95310791e+003	1.26290903e+001	7.91822669e-002	-1.49820204e+001	1.21997896e+001	-3.26482092e+000	7.64906239e-002	2.04698767e-002
5.81438623e+003	1.26707897e+001	7.89216791e-002	-1.52018204e+001	1.22274155e+001	-3.32253243e+000	7.61600646e-002	2.06948299e-002
5.67888379e+003	1.26707897e+001	7.89216791e-002	-1.56852999e+001	1.21989440e+001	-3.42559163e+000	7.59827259e-002	2.13367477e-002
5.54660059e+003	1.27126303e+001	7.86619274e-002	-1.59050999e+001	1.22259516e+001	-3.48383050e+000	7.56505066e-002	2.15568939e-002
5.41735742e+003	1.27545996e+001	7.84030886e-002	-1.63006802e+001	1.22418897e+001	-3.57993681e+000	7.52514381e-002	2.20060302e-002
5.29109521e+003	1.27545996e+001	7.84030886e-002	-1.66523094e+001	1.22196889e+001	-3.65499848e+000	7.51149689e-002	2.24674376e-002
5.16781348e+003	1.28389702e+001	7.78878668e-002	-1.69599991e+001	1.22805859e+001	-3.74517885e+000	7.45004177e-002	2.27202017e-002
5.04739307e+003	1.28813601e+001	7.76315541e-002	-1.73116302e+001	1.22978398e+001	-3.83308919e+000	7.41148771e-002	2.31007184e-002
4.92983447e+003	1.28813601e+001	7.76315541e-002	-1.76632595e+001	1.22740844e+001	-3.90848946e+000	7.39717111e-002	2.35551301e-002
4.81495850e+003	1.29238997e+001	7.73760264e-002	-1.81027699e+001	1.22841758e+001	-4.01574486e+000	7.35459681e-002	2.40424631e-002
4.70276514e+003	1.29665699e+001	7.71213982e-002	-1.85422897e+001	1.22934648e+001	-4.12342788e+000	7.31179644e-002	2.45249534e-002
4.59319482e+003	1.30093899e+001	7.68675556e-002	-1.88060207e+001	1.23148887e+001	-4.19377417e+000	7.27640112e-002	2.47794226e-002
4.48612793e+003	1.30523396e+001	7.66146173e-002	-1.92455292e+001	1.23229062e+001	-4.30227270e+000	7.23329898e-002	2.52534785e-002
4.38162500e+003	1.30954399e+001	7.63624595e-002	-1.97289906e+001	1.23267358e+001	-4.42064836e+000	7.18799725e-002	2.57777962e-002
4.27950586e+003	1.31386805e+001	7.61111440e-002	-2.00806103e+001	1.23399866e+001	-4.51105914e+000	7.14843854e-002	2.61321426e-002
4.17983154e+003	1.31386805e+001	7.61111440e-002	-2.03882809e+001	1.23155850e+001	-4.57725784e+000	7.13430294e-002	2.65156255e-002
4.08242236e+003	1.32255898e+001	7.56109950e-002	-2.08277893e+001	1.23613416e+001	-4.70249499e+000	7.06700685e-002	2.68842699e-002
3.98727856e+003	1.32692604e+001	7.53621505e-002	-2.13112392e+001	1.23619078e+001	-4.82250020e+000	7.02088832e-002	2.73891667e-002
3.89439990e+003	1.32692604e+001	7.53621505e-002	-2.17507496e+001	1.23245515e+001	-4.91718437e+000	6.99967200e-002	2.79269211e-002
3.80366748e+003	1.33130703e+001	7.51141531e-002	-2.21902504e+001	1.23270360e+001	-5.02812343e+000	6.95508132e-002	2.83693562e-002
3.71502173e+003	1.34897804e+001	7.41301910e-002	-2.26297607e+001	1.24512087e+001	-5.19052766e+000	6.84229433e-002	2.85234300e-002
3.62846216e+003	1.34453802e+001	7.43749886e-002	-2.31131992e+001	1.23661342e+001	-5.27797063e+000	6.84049894e-002	2.91958278e-002
3.54392969e+003	1.34897804e+001	7.41301910e-002	-2.35527000e+001	1.23659862e+001	-5.39041376e+000	6.79546214e-002	2.96218611e-002
3.46136426e+003	1.36238499e+001	7.34006914e-002	-2.39482594e+001	1.24510051e+001	-5.53007740e+000	6.70818011e-002	2.97941851e-002
3.38070679e+003	1.36688299e+001	7.31591516e-002	-2.44756508e+001	1.24405136e+001	-5.66308502e+000	6.65848817e-002	3.03103117e-002
3.30189697e+003	1.37139597e+001	7.29184001e-002	-2.49590893e+001	1.24332036e+001	-5.78689364e+000	6.61085009e-002	3.07694521e-002
3.22499512e+003	1.38046799e+001	7.24392025e-002	-2.53985806e+001	1.24704012e+001	-5.92100326e+000	6.54376579e-002	3.10700978e-002
3.14982202e+003	1.38502598e+001	7.22008118e-002	-2.59699192e+001	1.24517169e+001	-6.06501784e+000	6.49102678e-002	3.16166786e-002
3.07643701e+003	1.39418802e+001	7.17263370e-002	-2.64972992e+001	1.24773609e+001	-6.22024832e+000	6.41918722e-002	3.20011089e-002
3.00478101e+003	1.40340996e+001	7.12550167e-002	-2.69807396e+001	1.25066154e+001	-6.36714405e+000	6.34995556e-002	3.23277566e-002
2.93473486e+003	1.40804396e+001	7.10205101e-002	-2.74202309e+001	1.24985421e+001	-6.48422884e+000	6.30415571e-002	3.27058852e-002
2.86635767e+003	1.41735697e+001	7.05538564e-002	-2.79915600e+001	1.25154993e+001	-6.65224437e+000	6.23002362e-002	3.31138524e-002
2.79958984e+003	1.42203703e+001	7.03216568e-002	-2.85189400e+001	1.24948611e+001	-6.78950499e+000	6.17887801e-002	3.35750216e-002
2.73437231e+003	1.42673302e+001	7.00901982e-002	-2.90463200e+001	1.24728922e+001	-6.92702472e+000	6.12747777e-002	3.40299502e-002
2.67064502e+003	1.44567003e+001	6.91720778e-002	-2.95297508e+001	1.25787733e+001	-7.12535233e+000	6.01866172e-002	3.40932173e-002
2.60840796e+003	1.45044403e+001	6.89444045e-002	-3.01010799e+001	1.25484000e+001	-7.27436907e+000	5.96466978e-002	3.45774834e-002
2.54766138e+003	1.46485901e+001	6.82659556e-002	-3.07163506e+001	1.25934887e+001	-7.48232805e+000	5.86886886e-002	3.48694496e-002
2.48828589e+003	1.47454901e+001	6.78173458e-002	-3.12876701e+001	1.26010624e+001	-7.65785238e+000	5.79547105e-002	3.52199364e-002
2.43028149e+003	1.48430204e+001	6.73717323e-002	-3.18150501e+001	1.26129196e+001	-7.82492900e+000	5.72494156e-002	3.55169640e-002
2.37364819e+003	1.49412098e+001	6.69289846e-002	-3.23863716e+001	1.26171846e+001	-8.00289966e+000	5.65185393e-002	3.58489008e-002
2.31838623e+003	1.50400400e+001	6.64891848e-002	-3.29576912e+001	1.26196842e+001	-8.18207638e+000	5.57892476e-002	3.61714190e-002
2.26437598e+003	1.51395197e+001	6.60522936e-002	-3.34411201e+001	1.26332112e+001	-8.34308278e+000	5.51175067e-002	3.64000817e-002
2.21155811e+003	1.52396698e+001	6.56182196e-002	-3.41442719e+001	1.26127605e+001	-8.55370145e+000	5.43074029e-002	3.68301064e-002
2.16005151e+003	1.54419498e+001	6.47586613e-002	-3.46716385e+001	1.26998569e+001	-8.78450047e+000	5.32591896e-002	3.68394210e-002
2.10973730e+003	1.55954199e+001	6.41213900e-002	-3.51990089e+001	1.27438733e+001	-8.98948357e+000	5.23971060e-002	3.69607350e-002
2.06055591e+003	1.56469097e+001	6.39103835e-002	-3.59021683e+001	1.26743012e+001	-9.17539497e+000	5.17686536e-002	3.74772413e-002
2.01256665e+003	1.58024197e+001	6.32814481e-002	-3.64295387e+001	1.27144334e+001	-9.38401043e+000	5.09154782e-002	3.75786609e-002
1.96565051e+003	1.60121708e+001	6.24524940e-002	-3.69569092e+001	1.27951319e+001	-9.62674474e+000	4.99050320e-002	3.75473273e-002
1.91986694e+003	1.61180801e+001	6.20421286e-002	-3.75721703e+001	1.27749632e+001	-9.82816474e+000	4.91737169e-002	3.78308245e-002
1.87515649e+003	1.62247009e+001	6.16344181e-002	-3.82313690e+001	1.27447979e+001	-1.00404705e+001	4.84149572e-002	3.81417541e-002
1.83145947e+003	1.64400501e+001	6.08270651e-002	-3.87147903e+001	1.28276612e+001	-1.02823323e+001	4.74614721e-002	3.80439288e-002
1.78877588e+003	1.66034393e+001	6.02284852e-002	-3.94618912e+001	1.28186436e+001	-1.05525625e+001	4.64992505e-002	3.82791084e-002
1.74710583e+003	1.67684498e+001	5.96358049e-002	-4.00331993e+001	1.28391301e+001	-1.07859930e+001	4.56614576e-002	3.83596209e-002
1.70638953e+003	1.69351101e+001	5.90489223e-002	-4.06045189e+001	1.28574739e+001	-1.10219471e+001	4.48311215e-002	3.84310521e-002
1.66662695e+003	1.71034107e+001	5.84678703e-002	-4.11318817e+001	1.28822459e+001	-1.12505288e+001	4.40378529e-002	3.84598410e-002
1.62775867e+003	1.73304291e+001	5.77019758e-002	-4.17910805e+001	1.29212170e+001	-1.15492823e+001	4.30214249e-002	3.84535436e-002
1.58984424e+003	1.75026703e+001	5.71341392e-002	-4.24502792e+001	1.29145786e+001	-1.18134299e+001	4.21571862e-002	3.85626958e-002
1.55282385e+003	1.76766205e+001	5.65718996e-002	-4.30215912e+001	1.29233180e+001	-1.20602970e+001	4.13595262e-002	3.85975313e-002
1.51663831e+003	1.78523006e+001	5.60151893e-002	-4.36368408e+001	1.29202150e+001	-1.23196056e+001	4.05397772e-002	3.86552441e-002
1.48128723e+003	1.80297203e+001	5.54639774e-002	-4.41642113e+001	1.29335466e+001	-1.25616156e+001	3.97868590e-002	3.86427050e-002
1.44677075e+003	1.83293591e+001	5.45572814e-002	-4.47794609e+001	1.30106058e+001	-1.29108303e+001	3.87260287e-002	3.84290470e-002
1.41308887e+003	1.84505997e+001	5.41987804e-002	-4.53947182e+001	1.29563559e+001	-1.31361132e+001	3.80593965e-002	3.85874350e-002
1.38012231e+003	1.87572308e+001	5.33127738e-002	-4.59660187e+001	1.30378675e+001	-1.34850924e+001	3.70569029e-002	3.83280289e-002
1.34799036e+003	1.89436493e+001	5.27881394e-002	-4.65812798e+001	1.30204412e+001	-1.37597223e+001	3.62826010e-002	3.83426725e-002
1.31657385e+003	1.92584705e+001	5.19252034e-002	-4.71965294e+001	1.30858563e+001	-1.41297223e+001	3.52824357e-002	3.80969354e-002
1.28587268e+003	1.95140896e+001	5.12450246e-002	-4.77678299e+001	1.31161304e+001	-1.44487652e+001	3.44436477e-002	3.79432165e-002
1.25594653e+003	1.97080307e+001	5.07407369e-002	-4.83830910e+001	1.30890270e+001	-1.47337656e+001	3.36993017e-002	3.79338825e-002
1.22667615e+003	2.00355606e+001	4.99112563e-002	-4.88665009e+001	1.31797067e+001	-1.50903618e+001	3.28324090e-002	3.75921059e-002
1.19806140e+003	2.02346802e+001	4.94201041e-002	-4.94817505e+001	1.31462737e+001	-1.53823850e+001	3.21077581e-002	3.75691171e-002
1.17016199e+003	2.05032597e+001	4.87727326e-002	-5.00530510e+001	1.31646928e+001	-1.57186042e+001	3.13159007e-002	3.73910926e-002
1.14291846e+003	2.07754097e+001	4.81338281e-002	-5.05804100e+001	1.31922747e+001	-1.60493469e+001	3.05647249e-002	3.71841768e-002
1.11627100e+003	2.11206703e+001	4.73469821e-002	-5.11956596e+001	1.32355394e+001	-1.64591376e+001	2.96705946e-002	3.68970531e-002
1.09027942e+003	2.14010105e+001	4.67267655e-002	-5.17669716e+001	1.32442573e+001	-1.68104997e+001	2.89173870e-002	3.67038873e-002
1.06488379e+003	2.16850700e+001	4.61146770e-002	-5.23822212e+001	1.32363712e+001	-1.71767500e+001	2.81479829e-002	3.65274485e-002
1.04002478e+003	2.20454502e+001	4.53608337e-002	-5.28216782e+001	1.33220149e+001	-1.75649024e+001	2.74114475e-002	3.61416350e-002
1.01582147e+003	2.23380699e+001	4.47666250e-002	-5.34369316e+001	1.33069507e+001	-1.79419740e+001	2.66678041e-002	3.59566258e-002
9.92154785e+002	2.27092991e+001	4.40348245e-002	-5.39642906e+001	1.33596389e+001	-1.83638861e+001	2.59052185e-002	3.56087830e-002
9.69024597e+002	2.30107307e+001	4.34579854e-002	-5.45355911e+001	1.33507599e+001	-1.87416899e+001	2.52141984e-002	3.53954897e-002
9.46430908e+002	2.33931408e+001	4.27475733e-002	-5.50629501e+001	1.33966926e+001	-1.91772694e+001	2.44805135e-002	3.50436796e-002
9.24373779e+002	2.37819099e+001	4.20487674e-002	-5.55903015e+001	1.34393158e+001	-1.96205003e+001	2.37620386e-002	3.46909839e-002
9.02853088e+002	2.40975704e+001	4.14979594e-002	-5.61176605e+001	1.34341363e+001	-2.00054213e+001	2.31346660e-002	3.44509487e-002
8.81809387e+002	2.44980507e+001	4.08195743e-002	-5.66450195e+001	1.34696309e+001	-2.04627352e+001	2.24436060e-002	3.40957797e-002
8.61242615e+002	2.49051800e+001	4.01522896e-002	-5.71723709e+001	1.35014339e+001	-2.09279543e+001	2.17670976e-002	3.37401812e-002
8.41212280e+002	2.52357502e+001	3.96263235e-002	-5.76997299e+001	1.34848830e+001	-2.13307529e+001	2.11745769e-002	3.34945190e-002
8.21599304e+002	2.57398491e+001	3.88502666e-002	-5.81391907e+001	1.35869726e+001	-2.18617018e+001	2.05074050e-002	3.29968113e-002
8.02463196e+002	2.61676197e+001	3.82151686e-002	-5.87544289e+001	1.35733321e+001	-2.23720580e+001	1.98224821e-002	3.26721337e-002
7.83744507e+002	2.66025009e+001	3.75904507e-002	-5.91939011e+001	1.36240531e+001	-2.28490313e+001	1.92513590e-002	3.22866406e-002
7.65502625e+002	2.69556007e+001	3.70980417e-002	-5.96773109e+001	1.36090603e+001	-2.32679584e+001	1.87296693e-002	3.20228697e-002
7.47677979e+002	2.74940605e+001	3.63714919e-002	-6.01607094e+001	1.36801899e+001	-2.38490203e+001	1.80973238e-002	3.15495213e-002
7.30211121e+002	2.79509792e+001	3.57769219e-002	-6.06001816e+001	1.37211634e+001	-2.43513226e+001	1.75629265e-002	3.11694041e-002
7.13221191e+002	2.85093193e+001	3.50762496e-002	-6.10835800e+001	1.37852040e+001	-2.49549482e+001	1.69605332e-002	3.07031529e-002
6.96588928e+002	2.88877296e+001	3.46167737e-002	-6.15669899e+001	1.37543415e+001	-2.54031300e+001	1.64821165e-002	3.04411047e-002
6.80373901e+002	2.94647903e+001	3.39388127e-002	-6.20064507e+001	1.38299521e+001	-2.60174229e+001	1.59299336e-002	2.99679866e-002
6.64516602e+002	2.99544601e+001	3.33840101e-002	-6.24459190e+001	1.38565034e+001	-2.65568635e+001	1.54429640e-002	2.95974153e-002
6.49016907e+002	3.05528202e+001	3.27302028e-002	-6.29732704e+001	1.38833885e+001	-2.72162882e+001	1.48728045e-002	2.91558889e-002
6.33934570e+002	3.10605793e+001	3.21951497e-002	-6.33687897e+001	1.39227832e+001	-2.77653686e+001	1.44313499e-002	2.87795727e-002
6.19150391e+002	3.15767708e+001	3.16688494e-002	-6.38961411e+001	1.38937682e+001	-2.83558752e+001	1.39342827e-002	2.84385617e-002
6.04723816e+002	3.23138885e+001	3.09464458e-002	-6.42477112e+001	1.40397783e+001	-2.91045017e+001	1.34456501e-002	2.78728721e-002
5.90595276e+002	3.28509102e+001	3.04405569e-002	-6.46432266e+001	1.40685170e+001	-2.96860090e+001	1.30362748e-002	2.75078724e-002
5.76884094e+002	3.33968582e+001	2.99429364e-002	-6.50826874e+001	1.40704259e+001	-3.02881702e+001	1.26152546e-002	2.71557506e-002
5.63411316e+002	3.40639801e+001	2.93565225e-002	-6.54782028e+001	1.41378936e+001	-3.09915264e+001	1.21841133e-002	2.67086653e-002
5.50296326e+002	3.46300888e+001	2.88766225e-002	-6.58737183e+001	1.41550189e+001	-3.16050390e+001	1.18032945e-002	2.63541565e-002
5.37479309e+002	3.54384804e+001	2.82179142e-002	-6.62692337e+001	1.42618410e+001	-3.24420373e+001	1.13560006e-002	2.58319944e-002
5.24960327e+002	3.60274315e+001	2.77566276e-002	-6.67526321e+001	1.42200866e+001	-3.31023407e+001	1.09555866e-002	2.55030488e-002
5.12739502e+002	3.67471008e+001	2.72130312e-002	-6.70163116e+001	1.43486056e+001	-3.38299710e+001	1.06258465e-002	2.50527534e-002
5.00757111e+002	3.73577995e+001	2.67681719e-002	-6.74118271e+001	1.43493080e+001	-3.44920650e+001	1.02817818e-002	2.47147727e-002
4.89072693e+002	3.82298698e+001	2.61575570e-002	-6.78073425e+001	1.44402680e+001	-3.53977628e+001	9.88028821e-003	2.42197790e-002
4.77686493e+002	3.89935417e+001	2.56452724e-002	-6.81589127e+001	1.45069064e+001	-3.61945571e+001	9.54090215e-003	2.38044362e-002
4.66538696e+002	3.97724609e+001	2.51430255e-002	-6.84665375e+001	1.45982653e+001	-3.69964768e+001	9.22861066e-003	2.33881268e-002
4.55688904e+002	4.04334412e+001	2.47320033e-002	-6.88181076e+001	1.46098114e+001	-3.77016787e+001	8.93641235e-003	2.30610607e-002
4.45077606e+002	4.13773003e+001	2.41678407e-002	-6.92575607e+001	1.46545006e+001	-3.86953045e+001	8.55946697e-003	2.26013285e-002
4.34704803e+002	4.23431892e+001	2.36165489e-002	-6.96091309e+001	1.47533272e+001	-3.96898603e+001	8.22854113e-003	2.21366776e-002
4.24570496e+002	4.30468903e+001	2.32304818e-002	-7.00046463e+001	1.47196232e+001	-4.04520389e+001	7.94352246e-003	2.18301565e-002
4.14674500e+002	4.39067917e+001	2.27755197e-002	-7.03122711e+001	1.47919178e+001	-4.13401200e+001	7.67292716e-003	2.14441248e-002
4.05017090e+002	4.49317284e+001	2.22559878e-002	-7.06638336e+001	1.48773480e+001	-4.23972255e+001	7.36918181e-003	2.10005751e-002
3.95598114e+002	4.59805908e+001	2.17483069e-002	-7.09275131e+001	1.50248065e+001	-4.34565291e+001	7.10656597e-003	2.05544538e-002
3.86357910e+002	4.67447395e+001	2.13927815e-002	-7.12351379e+001	1.50370853e+001	-4.42601032e+001	6.88173864e-003	2.02556850e-002
3.77356201e+002	4.78359299e+001	2.09047886e-002	-7.16745911e+001	1.50402605e+001	-4.54099851e+001	6.57274704e-003	1.98446260e-002
3.68592987e+002	4.87914886e+001	2.04953779e-002	-7.19382706e+001	1.51273847e+001	-4.63871922e+001	6.35441702e-003	1.94854279e-002
3.60008606e+002	4.97661400e+001	2.00939836e-002	-7.22898407e+001	1.51389581e+001	-4.74076010e+001	6.11262951e-003	1.91416806e-002
3.51602997e+002	5.09278603e+001	1.96356178e-002	-7.25535126e+001	1.52689326e+001	-4.85850455e+001	5.88705128e-003	1.87323280e-002
3.43376312e+002	5.19451790e+001	1.92510647e-002	-7.28611374e+001	1.53076496e+001	-4.96384678e+001	5.67306840e-003	1.83961894e-002
3.35388000e+002	5.33332901e+001	1.87500152e-002	-7.31248093e+001	1.54820068e+001	-5.10367250e+001	5.44290184e-003	1.79426277e-002
3.27578613e+002	5.45782814e+001	1.83223065e-002	-7.34324265e+001	1.55627765e+001	-5.23124152e+001	5.22453169e-003	1.75616396e-002
3.19947998e+002	5.54853096e+001	1.80227885e-002	-7.36961136e+001	1.55764915e+001	-5.32540373e+001	5.05957008e-003	1.72980246e-002
3.12496185e+002	5.69680214e+001	1.75537078e-002	-7.40037308e+001	1.56989490e+001	-5.47621992e+001	4.83735887e-003	1.68740219e-002
3.05223297e+002	5.81059990e+001	1.72099270e-002	-7.43113632e+001	1.57124150e+001	-5.59412829e+001	4.65372800e-003	1.65687779e-002
2.98069702e+002	5.92667084e+001	1.68728790e-002	-7.45310822e+001	1.58073545e+001	-5.71197887e+001	4.50025973e-003	1.62616638e-002
2.91154388e+002	6.06502113e+001	1.64879887e-002	-7.48387070e+001	1.58622857e+001	-5.85391837e+001	4.31222221e-003	1.59140979e-002
2.84358490e+002	6.20660019e+001	1.61118804e-002	-7.50584335e+001	1.60027134e+001	-5.99675058e+001	4.15418741e-003	1.55671262e-002
2.77741302e+002	6.35148392e+001	1.57443522e-002	-7.53221130e+001	1.60936830e+001	-6.14420716e+001	3.98937660e-003	1.52305450e-002
2.71243408e+002	6.49975128e+001	1.53852041e-002	-7.55857773e+001	1.61798513e+001	-6.29514820e+001	3.82984369e-003	1.49008994e-002
2.64924286e+002	6.65147934e+001	1.50342495e-002	-7.58494568e+001	1.62609038e+001	-6.44965173e+001	3.67543027e-003	1.45780613e-002
2.58784088e+002	6.78434677e+001	1.47398126e-002	-7.61131363e+001	1.62828039e+001	-6.58605072e+001	3.53763578e-003	1.43089905e-002
2.52763107e+002	6.94271774e+001	1.44035814e-002	-7.63328629e+001	1.64043132e+001	-6.74613332e+001	3.40329060e-003	1.39957411e-002
2.46861298e+002	7.10478592e+001	1.40750194e-002	-7.65525970e+001	1.65223671e+001	-6.90999977e+001	3.27318291e-003	1.36891361e-002
2.41078705e+002	7.24670868e+001	1.37993680e-002	-7.68602066e+001	1.64737765e+001	-7.05697765e+001	3.13697865e-003	1.34380773e-002
2.35475006e+002	7.44035873e+001	1.34402122e-002	-7.69920578e+001	1.67472146e+001	-7.24943075e+001	3.02520517e-003	1.30953212e-002
2.29990494e+002	7.61404419e+001	1.31336249e-002	-7.72996674e+001	1.67396184e+001	-7.42775341e+001	2.88745196e-003	1.28122880e-002
2.24625305e+002	7.79178314e+001	1.28340327e-002	-7.74754562e+001	1.68970902e+001	-7.60636365e+001	2.78316023e-003	1.25286239e-002
2.19379303e+002	7.94742966e+001	1.25826845e-002	-7.76512527e+001	1.69964986e+001	-7.76355772e+001	2.69095278e-003	1.22915712e-002
2.14312103e+002	8.15980606e+001	1.22551932e-002	-7.79588623e+001	1.70224926e+001	-7.98027458e+001	2.55660409e-003	1.19855553e-002
2.09304504e+002	8.32280273e+001	1.20151832e-002	-7.80028229e+001	1.73000690e+001	-8.14101477e+001	2.49751803e-003	1.17527457e-002
2.04416199e+002	8.54521027e+001	1.17024622e-002	-7.83983231e+001	1.71849811e+001	-8.37062619e+001	2.35344228e-003	1.14633734e-002
1.99647003e+002	8.71590729e+001	1.14732749e-002	-7.86619873e+001	1.71351849e+001	-8.54581150e+001	2.25560782e-003	1.12493675e-002
1.94997192e+002	8.94881897e+001	1.11746590e-002	-7.88377838e+001	1.73237874e+001	-8.77953443e+001	2.16327335e-003	1.09632683e-002
1.90466507e+002	9.15771637e+001	1.09197529e-002	-7.90135727e+001	1.74524511e+001	-8.98987701e+001	2.08104779e-003	1.07196196e-002
1.85995499e+002	9.37148972e+001	1.06706621e-002	-7.91893463e+001	1.75775372e+001	-9.20516819e+001	2.00143163e-003	1.04812834e-002
1.81703201e+002	9.55869293e+001	1.04616814e-002	-7.94090805e+001	1.75684540e+001	-9.39585573e+001	1.92281067e-003	1.02834613e-002
1.77470703e+002	9.81412582e+001	1.01893945e-002	-7.95848618e+001	1.77418796e+001	-9.65242575e+001	1.84202866e-003	1.00215114e-002
1.73297699e+002	1.00432198e+002	9.95696623e-003	-7.97606430e+001	1.78529029e+001	-9.88326877e+001	1.76995780e-003	9.79838895e-003
1.69303497e+002	1.02776703e+002	9.72983149e-003	-8.00243225e+001	1.78040189e+001	-1.01222861e+002	1.68549971e-003	9.58272986e-003
1.65309402e+002	1.05175797e+002	9.50789091e-003	-8.01122131e+001	1.80606943e+001	-1.03613510e+002	1.63268658e-003	9.36666025e-003
1.61494095e+002	1.07276802e+002	9.32167981e-003	-8.02879868e+001	1.80971727e+001	-1.05739324e+002	1.57253055e-003	9.18808262e-003
1.57738403e+002	1.09780998e+002	9.10904452e-003	-8.04637833e+001	1.81875283e+001	-1.08263943e+002	1.50910456e-003	8.98316734e-003
1.54042404e+002	1.12343697e+002	8.90125597e-003	-8.05956192e+001	1.83571167e+001	-1.10833760e+002	1.45447764e-003	8.78162016e-003
1.50465500e+002	1.14966202e+002	8.69820856e-003	-8.07274628e+001	1.85245946e+001	-1.13463946e+002	1.40154919e-003	8.58454961e-003
1.46948303e+002	1.17650002e+002	8.49978740e-003	-8.10350723e+001	1.83333814e+001	-1.16212779e+002	1.32452055e-003	8.39595326e-003
1.43490707e+002	1.20396301e+002	8.30590300e-003	-8.09471817e+001	1.89437442e+001	-1.18896610e+002	1.30689149e-003	8.20244228e-003
1.40152298e+002	1.23206802e+002	8.11643498e-003	-8.11669235e+001	1.89191818e+001	-1.21745557e+002	1.24632979e-003	8.02017324e-003
1.36933197e+002	1.26499199e+002	7.90518840e-003	-8.10790329e+001	1.96164730e+001	-1.24968961e+002	1.22587270e-003	7.80956079e-003
1.33714005e+002	1.29026093e+002	7.75037034e-003	-8.11669235e+001	1.98127705e+001	-1.27495830e+002	1.19011826e-003	7.65845016e-003
1.30614105e+002	1.32473999e+002	7.54865111e-003	-8.11229706e+001	2.04426309e+001	-1.30887201e+002	1.16486473e-003	7.45823195e-003
1.27573799e+002	1.35120300e+002	7.40081245e-003	-8.12548065e+001	2.05437543e+001	-1.33549428e+002	1.12522302e-003	7.31477259e-003
1.24593102e+002	1.38274506e+002	7.23199114e-003	-8.11669235e+001	2.12329226e+001	-1.36634556e+002	1.11051786e-003	7.14621900e-003
1.21671997e+002	1.41969604e+002	7.04376126e-003	-8.12548065e+001	2.15851257e+001	-1.40319104e+002	1.07093679e-003	6.96187238e-003
1.18870201e+002	1.44805496e+002	6.90581522e-003	-8.11229782e+001	2.23455381e+001	-1.43070992e+002	1.06566505e-003	6.82309621e-003
1.16068298e+002	1.48675095e+002	6.72607610e-003	-8.12548065e+001	2.26046316e+001	-1.46946638e+002	1.02263579e-003	6.64788054e-003
1.13385696e+002	1.51645004e+002	6.59434846e-003	-8.11669312e+001	2.32860271e+001	-1.49846482e+002	1.01260294e-003	6.51613895e-003
1.10703003e+002	1.55184906e+002	6.44392567e-003	-8.11669312e+001	2.38296009e+001	-1.53344401e+002	9.89504591e-004	6.36750020e-003
1.08139603e+002	1.58284805e+002	6.31772581e-003	-8.10351028e+001	2.46654133e+001	-1.56351198e+002	9.84486907e-004	6.24054845e-003
1.05635902e+002	1.61446701e+002	6.19399463e-003	-8.11229935e+001	2.49134691e+001	-1.59512872e+002	9.55819431e-004	6.11980218e-003
1.03191704e+002	1.65215393e+002	6.05270478e-003	-8.11669312e+001	2.53698441e+001	-1.63255925e+002	9.29430207e-004	5.98091922e-003
1.00747498e+002	1.70190506e+002	5.87576842e-003	-8.11669388e+001	2.61337811e+001	-1.68172036e+002	9.02259762e-004	5.80608145e-003
9.84225998e+001	1.73018906e+002	5.77971521e-003	-8.11229935e+001	2.66992211e+001	-1.70946463e+002	8.91890360e-004	5.71048505e-003
9.60976028e+001	1.76475098e+002	5.66652187e-003	-8.09032669e+001	2.79010247e+001	-1.74255539e+002	8.95887116e-004	5.59525302e-003
9.38918991e+001	1.81190903e+002	5.51904088e-003	-8.12987671e+001	2.74109386e+001	-1.79105510e+002	8.34932045e-004	5.45552021e-003
9.16862030e+001	1.84810394e+002	5.41095107e-003	-8.11669388e+001	2.83787533e+001	-1.82618532e+002	8.30884247e-004	5.34677686e-003
8.95401001e+001	1.89124496e+002	5.28752234e-003	-8.09911575e+001	2.96144173e+001	-1.86791492e+002	8.27956696e-004	5.22229645e-003
8.74535980e+001	1.94178406e+002	5.14990324e-003	-8.10351105e+001	3.02586631e+001	-1.91806326e+002	8.02505233e-004	5.08699211e-003
8.54266968e+001	1.97405396e+002	5.06571767e-003	-8.10351105e+001	3.07615223e+001	-1.94993895e+002	7.89386665e-004	5.00383495e-003
8.34595032e+001	2.01348801e+002	4.96650587e-003	-8.10351105e+001	3.13760199e+001	-1.98889127e+002	7.73926571e-004	4.90583512e-003
8.14922028e+001	2.06729294e+002	4.83724383e-003	-8.10790634e+001	3.20577987e+001	-2.04228545e+002	7.50118117e-004	4.77872898e-003
7.95846024e+001	2.11555099e+002	4.72690095e-003	-8.12548370e+001	3.21648259e+001	-2.09095634e+002	7.18677765e-004	4.67194765e-003
7.77365036e+001	2.16493607e+002	4.61907405e-003	-8.10351105e+001	3.37360227e+001	-2.13848924e+002	7.19786553e-004	4.56264752e-003
7.59480972e+001	2.21547302e+002	4.51370876e-003	-8.13427277e+001	3.33481020e+001	-2.19023084e+002	6.79419785e-004	4.46228143e-003
7.41596985e+001	2.25972900e+002	4.42530940e-003	-8.10790634e+001	3.50419315e+001	-2.23239366e+002	6.86238874e-004	4.37177761e-003
7.24309006e+001	2.31247894e+002	4.32436370e-003	-8.12987900e+001	3.49835737e+001	-2.28586391e+002	6.54197075e-004	4.27459327e-003
7.07617035e+001	2.35867203e+002	4.23967380e-003	-8.11230087e+001	3.63975245e+001	-2.33041965e+002	6.54239458e-004	4.18889063e-003
6.90924988e+001	2.41373199e+002	4.14296203e-003	-8.15185165e+001	3.56000798e+001	-2.38733441e+002	6.11044552e-004	4.09765286e-003
6.74829025e+001	2.46194901e+002	4.06182256e-003	-8.16503525e+001	3.57508437e+001	-2.43585316e+002	5.89831808e-004	4.01876858e-003
6.59329987e+001	2.51941895e+002	3.96916917e-003	-8.18700790e+001	3.56291748e+001	-2.49409864e+002	5.61312847e-004	3.92927879e-003
6.43830032e+001	2.57823212e+002	3.87862673e-003	-8.16942978e+001	3.72437696e+001	-2.55119012e+002	5.60285784e-004	3.83794543e-003
6.28927002e+001	2.64712891e+002	3.77767776e-003	-8.24413681e+001	3.48205159e+001	-2.62412740e+002	4.96918334e-004	3.74485266e-003
6.14023018e+001	2.69112091e+002	3.71592371e-003	-8.20458603e+001	3.72398477e+001	-2.66523003e+002	5.14211132e-004	3.68017336e-003
5.99715996e+001	2.75394104e+002	3.63115980e-003	-8.25292664e+001	3.58066728e+001	-2.73056395e+002	4.72122493e-004	3.60033635e-003
5.86004982e+001	2.81822815e+002	3.54832876e-003	-8.20898132e+001	3.87846387e+001	-2.79141274e+002	4.88323308e-004	3.51456645e-003
5.72293015e+001	2.88401611e+002	3.46738701e-003	-8.25732117e+001	3.72785711e+001	-2.85982163e+002	4.48191785e-004	3.43829853e-003
5.58582001e+001	2.98067108e+002	3.35494918e-003	-8.29247665e+001	3.67136775e+001	-2.95797408e+002	4.13237552e-004	3.32940216e-003
5.45466995e+001	3.01029388e+002	3.32193480e-003	-8.25732117e+001	3.89108278e+001	-2.98504004e+002	4.29390744e-004	3.29406654e-003
5.32947998e+001	3.09073700e+002	3.23547426e-003	-8.31884537e+001	3.66573987e+001	-3.06892142e+002	3.83740414e-004	3.21263707e-003
5.20429001e+001	3.17332886e+002	3.15126495e-003	-8.32763367e+001	3.71536229e+001	-3.15150391e+002	3.68952967e-004	3.12959174e-003
5.08506012e+001	3.21545013e+002	3.10998448e-003	-8.33202820e+001	3.74018458e+001	-3.19362330e+002	3.61750782e-004	3.08887355e-003
4.96584015e+001	3.33418488e+002	2.99923381e-003	-8.36718369e+001	3.67503423e+001	-3.31386934e+002	3.30584155e-004	2.98095917e-003
4.85256996e+001	3.40078796e+002	2.94049500e-003	-8.34081726e+001	3.90395004e+001	-3.37830586e+002	3.37555463e-004	2.92105583e-003
4.73930016e+001	3.48017487e+002	2.87341883e-003	-8.37597427e+001	3.78287495e+001	-3.45955426e+002	3.12334424e-004	2.85639335e-003
4.62603989e+001	3.54969391e+002	2.81714431e-003	-8.41552505e+001	3.61477021e+001	-3.53124075e+002	2.86879083e-004	2.80249932e-003
4.51873016e+001	3.64455109e+002	2.74382215e-003	-8.39355164e+001	3.85038379e+001	-3.62415481e+002	2.89878454e-004	2.72846669e-003
4.41142998e+001	3.74194305e+002	2.67240839e-003	-8.41992035e+001	3.78198662e+001	-3.72278170e+002	2.70100657e-004	2.65872380e-003
4.31007996e+001	3.84193695e+002	2.60285375e-003	-8.42431412e+001	3.85373814e+001	-3.82256021e+002	2.61084888e-004	2.58972630e-003
4.20873985e+001	3.94460388e+002	2.53510880e-003	-8.45068130e+001	3.77606631e+001	-3.92648864e+002	2.42679346e-004	2.52346653e-003
4.11335983e+001	4.03668488e+002	2.47728032e-003	-8.45068130e+001	3.86421304e+001	-4.01814676e+002	2.37143577e-004	2.46590363e-003
4.01796989e+001	4.13091614e+002	2.42077052e-003	-8.45068130e+001	3.95441817e+001	-4.11194527e+002	2.31734041e-004	2.40965334e-003
3.92258987e+001	4.22734589e+002	2.36555046e-003	-8.47704773e+001	3.85304467e+001	-4.20974984e+002	2.15609790e-004	2.35570401e-003
3.83316994e+001	4.32602814e+002	2.31158922e-003	-8.48144302e+001	3.90994031e+001	-4.30832254e+002	2.08925499e-004	2.30212833e-003
3.74375000e+001	4.47101013e+002	2.23663103e-003	-8.52978287e+001	3.66516769e+001	-4.45596197e+002	1.83350687e-004	2.22910316e-003
3.65433006e+001	4.62085205e+002	2.16410305e-003	-8.57372818e+001	3.43467251e+001	-4.60806944e+002	1.60857460e-004	2.15811651e-003
3.57086983e+001	4.69764587e+002	2.12872581e-003	-8.46386490e+001	4.38932686e+001	-4.67709470e+002	1.98901186e-004	2.11941310e-003
3.48740997e+001	4.79148407e+002	2.08703605e-003	-8.47704773e+001	4.36723246e+001	-4.77153984e+002	1.90224395e-004	2.07834890e-003
3.40395012e+001	4.91952515e+002	2.03271651e-003	-8.55615082e+001	3.80716343e+001	-4.90477143e+002	1.57309573e-004	2.02662037e-003
3.32644997e+001	5.06766602e+002	1.97329500e-003	-8.56493988e+001	3.84429946e+001	-5.05306367e+002	1.49692913e-004	1.96760900e-003
3.24894981e+001	5.18596313e+002	1.92828212e-003	-8.49023285e+001	4.60792624e+001	-5.16545098e+002	1.71335228e-004	1.92065514e-003
3.17145996e+001	5.30702209e+002	1.88429590e-003	-8.48144379e+001	4.79657287e+001	-5.28530154e+002	1.70305728e-004	1.87658387e-003
3.09992008e+001	5.44883972e+002	1.83525310e-003	-8.59130707e+001	3.88338262e+001	-5.43498369e+002	1.30798305e-004	1.83058618e-003
3.02838001e+001	5.61291870e+002	1.78160428e-003	-8.60888519e+001	3.82853869e+001	-5.59984636e+002	1.21522176e-004	1.77745497e-003
2.95685005e+001	5.78193909e+002	1.72952358e-003	-8.60009613e+001	4.03230909e+001	-5.76786134e+002	1.20616519e-004	1.72531257e-003
2.88530998e+001	5.87802917e+002	1.70125049e-003	-8.58251801e+001	4.27919909e+001	-5.86243222e+002	1.23850858e-004	1.69673633e-003
2.81973000e+001	6.01524414e+002	1.66244291e-003	-8.60449066e+001	4.14899018e+001	-6.00091834e+002	1.14666324e-004	1.65848367e-003
2.75415993e+001	6.13540222e+002	1.62988499e-003	-8.63525238e+001	3.90318820e+001	-6.12297408e+002	1.03689174e-004	1.62658343e-003
2.68857994e+001	6.36196228e+002	1.57184208e-003	-8.60888519e+001	4.33945689e+001	-6.34714544e+002	1.07214420e-004	1.56818130e-003
2.62896996e+001	6.48904724e+002	1.54105828e-003	-8.60449066e+001	4.47579394e+001	-6.47359304e+002	1.06293868e-004	1.53738812e-003
2.56338997e+001	6.66245117e+002	1.50094909e-003	-8.66601410e+001	3.88144614e+001	-6.65113519e+002	8.74430879e-005	1.49839977e-003
2.50377998e+001	6.81797607e+002	1.46671093e-003	-8.63964691e+001	4.28523591e+001	-6.80449596e+002	9.21857494e-005	1.46381103e-003
2.44417000e+001	6.93128418e+002	1.44273409e-003	-8.67919769e+001	3.87883778e+001	-6.92042243e+002	8.07372973e-005	1.44047324e-003
2.39050999e+001	7.21096375e+002	1.38677718e-003	-8.67480316e+001	4.09056968e+001	-7.19935209e+002	7.86678301e-005	1.38454409e-003
2.33090000e+001	7.37929382e+002	1.35514322e-003	-8.56493988e+001	5.59788573e+001	-7.35803058e+002	1.02800310e-004	1.35123841e-003
2.27724991e+001	7.50193115e+002	1.33299011e-003	-8.59570236e+001	5.28921452e+001	-7.48326220e+002	9.39820758e-005	1.32967289e-003
2.22360001e+001	7.62660522e+002	1.31119937e-003	-8.63525238e+001	4.85185396e+001	-7.61115644e+002	8.34151983e-005	1.30854335e-003
2.17590008e+001	7.80463684e+002	1.28128960e-003	-8.69677582e+001	4.12848920e+001	-7.79370977e+002	6.77775324e-005	1.27949570e-003
2.12224998e+001	8.06620178e+002	1.23974087e-003	-8.72314301e+001	3.89612545e+001	-8.05678678e+002	5.98817892e-005	1.23829382e-003
2.07455997e+001	8.30909729e+002	1.20350017e-003	-8.71874771e+001	4.07711395e+001	-8.29908846e+002	5.90534346e-005	1.20205048e-003
2.02686996e+001	8.44718628e+002	1.18382615e-003	-8.66601486e+001	4.92119535e+001	-8.43283905e+002	6.89678143e-005	1.18181546e-003
1.97917995e+001	8.73028503e+002	1.14543797e-003	-8.65722580e+001	5.21981155e+001	-8.71466651e+002	6.84853970e-005	1.14338878e-003
1.93148994e+001	8.87537292e+002	1.12671322e-003	-8.63525314e+001	5.64627669e+001	-8.85739466e+002	7.16785045e-005	1.12443091e-003
1.88976002e+001	9.05266479e+002	1.10464711e-003	-8.69238205e+001	4.85799222e+001	-9.03962051e+002	5.92794186e-005	1.10305539e-003
1.84207001e+001	9.17282288e+002	1.09017694e-003	-8.69677734e+001	4.85220652e+001	-9.15998037e+002	5.76677839e-005	1.08865063e-003
1.80034008e+001	9.41794373e+002	1.06180290e-003	-8.73632736e+001	4.33256633e+001	-9.40797283e+002	4.88464536e-005	1.06067876e-003
1.75860996e+001	9.73357788e+002	1.02737145e-003	-8.74511566e+001	4.32862311e+001	-9.72394820e+002	4.56882746e-005	1.02635504e-003
1.71688004e+001	9.99368530e+002	1.00063187e-003	-8.70117111e+001	5.20989180e+001	-9.98009600e+002	5.21647781e-005	9.99271221e-004
1.67514992e+001	1.02269702e+003	9.77806700e-004	-8.74072189e+001	4.62638713e+001	-1.02165006e+003	4.42331623e-005	9.76805697e-004
1.63938007e+001	1.03969299e+003	9.61822390e-004	-8.73632736e+001	4.78293244e+001	-1.03859226e+003	4.42470185e-005	9.60804097e-004
1.59764996e+001	1.05697205e+003	9.46098815e-004	-8.66601486e+001	6.15774975e+001	-1.05517682e+003	5.51182008e-005	9.44491901e-004
1.56188002e+001	1.07100098e+003	9.33705965e-004	-8.70996017e+001	5.41925231e+001	-1.06962903e+003	4.72454117e-005	9.32509892e-004
1.52610998e+001	1.09600195e+003	9.12407133e-004	-8.74951096e+001	4.79003930e+001	-1.09495472e+003	3.98764438e-005	9.11535323e-004
1.49034004e+001	1.12158704e+003	8.91593758e-004	-8.84619064e+001	3.01051601e+001	-1.12118293e+003	2.39317788e-005	8.91272516e-004
1.45458002e+001	1.15917603e+003	8.62681748e-004	-8.85497971e+001	2.93365587e+001	-1.15880474e+003	2.18328478e-005	8.62405430e-004
1.41880999e+001	1.19802502e+003	8.34707105e-004	-8.81542892e+001	3.85861799e+001	-1.19740347e+003	2.68843787e-005	8.34274045e-004
1.38900003e+001	1.22195605e+003	8.18360035e-004	-8.82861328e+001	3.65464630e+001	-1.22140941e+003	2.44756468e-005	8.17993943e-004
1.35323000e+001	1.25875305e+003	7.94437001e-004	-8.74951096e+001	5.50133745e+001	-1.25755031e+003	3.47205993e-005	7.93677913e-004
1.32341995e+001	1.27545996e+003	7.84030883e-004	-8.77148438e+001	5.08563227e+001	-1.27444566e+003	3.12616066e-005	7.83407390e-004
1.29362001e+001	1.30093799e+003	7.68676147e-004	-8.80224533e+001	4.48925711e+001	-1.30016318e+003	2.65253601e-005	7.68218344e-004
1.26380997e+001	1.33570300e+003	7.48669426e-004	-8.80224533e+001	4.60922370e+001	-1.33490749e+003	2.58349712e-005	7.48223538e-004
1.23400002e+001	1.36688306e+003	7.31591481e-004	-8.80663986e+001	4.61204180e+001	-1.36610475e+003	2.46848513e-005	7.31174913e-004
1.20419998e+001	1.39418701e+003	7.17263890e-004	-8.81982269e+001	4.38355954e+001	-1.39349771e+003	2.25519887e-005	7.16909266e-004
1.17439003e+001	1.41269299e+003	7.07867884e-004	-8.85937424e+001	3.46694096e+001	-1.41226751e+003	1.73720417e-005	7.07654685e-004
1.15053997e+001	1.44567004e+003	6.91720773e-004	-8.87255783e+001	3.21531771e+001	-1.44531244e+003	1.53845759e-005	6.91549667e-004
1.12074003e+001	1.48920300e+003	6.71500123e-004	-8.92089767e+001	2.05592243e+001	-1.48906108e+003	9.27040951e-006	6.71436129e-004
1.09688997e+001	1.53404700e+003	6.51870511e-004	-8.89452972e+001	2.82371972e+001	-1.53378709e+003	1.19989780e-005	6.51760069e-004
1.07305002e+001	1.57504102e+003	6.34904101e-004	-8.89452972e+001	2.89917740e+001	-1.57477417e+003	1.16866774e-005	6.34796534e-004
1.04323997e+001	1.64943298e+003	6.06268948e-004	-8.85058517e+001	4.30087192e+001	-1.64887217e+003	1.58083725e-005	6.06062813e-004
1.01939001e+001	1.68793701e+003	5.92439169e-004	-8.83300705e+001	4.91892559e+001	-1.68722013e+003	1.72646501e-005	5.92187555e-004
9.95552826e+000	1.70471301e+003	5.86609003e-004	-8.85937424e+001	4.18359785e+001	-1.70419958e+003	1.43961837e-005	5.86432325e-004
